date,volume,open,close,high,low,adjclose
2018-10-26,324300,353.69000244140625,355.2799987792969,358.4800109863281,348.6199951171875,355.2799987792969
2018-10-25,634000,363.8699951171875,358.3599853515625,379.92999267578125,354.70001220703125,358.3599853515625
2018-10-24,741600,374.5,359.29998779296875,387.6000061035156,358.29998779296875,359.29998779296875
2018-10-23,254500,380.0899963378906,382.7099914550781,386.1300048828125,376.19000244140625,382.7099914550781
2018-10-22,188800,385.0799865722656,385.30999755859375,387.55999755859375,381.6199951171875,385.30999755859375
2018-10-19,140500,391.1199951171875,383.489990234375,392.6400146484375,382.0799865722656,383.489990234375
2018-10-18,246000,391.4800109863281,388.5299987792969,394.5400085449219,384.80999755859375,388.5299987792969
2018-10-17,204200,397.2300109863281,392.9200134277344,399.8999938964844,389.8999938964844,392.9200134277344
2018-10-16,209500,383.5199890136719,397.2900085449219,398.45001220703125,381.0,397.2900085449219
2018-10-15,372800,389.1099853515625,380.5899963378906,393.489990234375,380.5899963378906,380.5899963378906
2018-10-12,394800,380.5400085449219,388.29998779296875,393.6400146484375,380.5400085449219,388.29998779296875
2018-10-11,542900,372.25,375.0,381.3399963378906,370.79998779296875,375.0
2018-10-10,443000,382.17999267578125,373.239990234375,382.17999267578125,372.239990234375,373.239990234375
2018-10-09,296800,383.239990234375,383.7699890136719,390.3399963378906,377.8399963378906,383.7699890136719
2018-10-08,430500,393.70001220703125,385.1099853515625,393.70001220703125,383.760009765625,385.1099853515625
2018-10-05,310400,400.0,394.9200134277344,405.20001220703125,393.2300109863281,394.9200134277344
2018-10-04,214300,408.29998779296875,400.1099853515625,409.2099914550781,396.95001220703125,400.1099853515625
2018-10-03,342100,407.4200134277344,408.8999938964844,410.0799865722656,400.989990234375,408.8999938964844
2018-10-02,386800,412.75,405.0,416.67999267578125,404.4100036621094,405.0
2018-10-01,154000,423.1700134277344,414.3500061035156,425.010009765625,414.2799987792969,414.3500061035156
2018-09-28,159400,417.8299865722656,420.8399963378906,422.510009765625,414.6700134277344,420.8399963378906
2018-09-27,109700,420.1000061035156,417.7099914550781,423.010009765625,416.45001220703125,417.7099914550781
2018-09-26,230400,417.54998779296875,419.70001220703125,424.94000244140625,415.3900146484375,419.70001220703125
2018-09-25,262200,416.2200012207031,418.4599914550781,424.8299865722656,415.7099914550781,418.4599914550781
2018-09-24,216900,417.8299865722656,417.5199890136719,420.55999755859375,414.82000732421875,417.5199890136719
2018-09-21,268800,420.29998779296875,419.6499938964844,425.489990234375,418.32000732421875,419.6499938964844
2018-09-20,178500,417.3599853515625,420.1499938964844,423.17999267578125,413.3699951171875,420.1499938964844
2018-09-19,205200,425.8500061035156,415.19000244140625,425.8500061035156,414.5199890136719,415.19000244140625
2018-09-18,182300,421.29998779296875,425.0,428.4599914550781,421.29998779296875,425.0
2018-09-17,175000,435.0,423.5,435.0,422.5199890136719,423.5
2018-09-14,231100,439.3500061035156,435.0,439.3500061035156,434.79998779296875,435.0
2018-09-13,73900,436.9800109863281,438.489990234375,439.20001220703125,434.510009765625,438.489990234375
2018-09-12,155800,443.5299987792969,434.9200134277344,443.5299987792969,432.510009765625,434.9200134277344
2018-09-11,248100,435.510009765625,443.8399963378906,444.82000732421875,433.3900146484375,443.8399963378906
2018-09-10,128800,435.94000244140625,435.9800109863281,437.989990234375,431.82000732421875,435.9800109863281
2018-09-07,119500,434.6000061035156,434.07000732421875,438.8699951171875,432.010009765625,434.07000732421875
2018-09-06,185800,442.2799987792969,437.2099914550781,443.32000732421875,436.7900085449219,437.2099914550781
2018-09-05,177200,447.0,442.510009765625,447.1099853515625,433.5,442.510009765625
2018-09-04,133000,441.8599853515625,446.7200012207031,448.3500061035156,439.1300048828125,446.7200012207031
2018-08-31,169900,440.9800109863281,442.1600036621094,444.2099914550781,440.7200012207031,442.1600036621094
2018-08-30,110200,441.67999267578125,441.04998779296875,442.9599914550781,438.2300109863281,441.04998779296875
2018-08-29,71300,439.239990234375,442.1300048828125,444.6700134277344,439.239990234375,442.1300048828125
2018-08-28,74300,439.8900146484375,438.3900146484375,444.54998779296875,436.8900146484375,438.3900146484375
2018-08-27,75100,436.2099914550781,438.79998779296875,441.92999267578125,435.1300048828125,438.79998779296875
2018-08-24,93000,435.80999755859375,434.4700012207031,439.3800048828125,433.75,434.4700012207031
2018-08-23,168800,430.760009765625,434.489990234375,435.5799865722656,429.07000732421875,434.489990234375
2018-08-22,104000,429.0400085449219,430.82000732421875,431.3800048828125,427.1300048828125,430.82000732421875
2018-08-21,180000,432.5400085449219,429.8900146484375,434.3999938964844,427.2200012207031,429.8900146484375
2018-08-20,93200,430.2799987792969,432.2799987792969,433.1400146484375,426.2200012207031,432.2799987792969
2018-08-17,68400,429.7699890136719,430.44000244140625,431.6700134277344,428.3999938964844,430.44000244140625
2018-08-16,76900,432.69000244140625,429.6600036621094,432.69000244140625,428.0899963378906,429.6600036621094
2018-08-15,94300,429.3399963378906,428.80999755859375,435.75,428.0400085449219,428.80999755859375
2018-08-14,89400,428.70001220703125,430.9599914550781,434.30999755859375,427.04998779296875,430.9599914550781
2018-08-13,146700,428.7799987792969,428.6400146484375,435.7200012207031,428.1300048828125,428.6400146484375
2018-08-10,131800,420.7200012207031,428.6099853515625,431.1000061035156,419.2699890136719,428.6099853515625
2018-08-09,115200,422.3800048828125,422.8500061035156,430.1400146484375,420.0,422.8500061035156
2018-08-08,155700,420.04998779296875,421.55999755859375,424.5799865722656,398.2200012207031,421.55999755859375
2018-08-07,245800,421.7900085449219,420.0,423.0299987792969,416.3800048828125,420.0
2018-08-06,137100,423.0,422.1600036621094,427.3599853515625,418.70001220703125,422.1600036621094
2018-08-03,100500,426.9700012207031,423.0199890136719,428.5799865722656,417.7200012207031,423.0199890136719
2018-08-02,122600,416.19000244140625,426.4700012207031,427.32000732421875,416.04998779296875,426.4700012207031
2018-08-01,270800,415.8900146484375,418.5899963378906,430.45001220703125,414.5799865722656,418.5899963378906
2018-07-31,258100,416.7799987792969,415.8500061035156,421.7799987792969,411.7699890136719,415.8500061035156
2018-07-30,213300,422.6499938964844,414.55999755859375,425.95001220703125,409.75,414.55999755859375
2018-07-27,217200,432.0299987792969,421.79998779296875,436.17999267578125,418.3999938964844,421.79998779296875
2018-07-26,161800,436.6199951171875,432.0,439.8699951171875,425.6700134277344,432.0
2018-07-25,494200,428.70001220703125,437.67999267578125,446.9599914550781,420.1499938964844,437.67999267578125
2018-07-24,245000,432.3399963378906,424.0899963378906,432.3399963378906,417.9599914550781,424.0899963378906
2018-07-23,165500,424.42999267578125,430.75,431.0199890136719,422.7799987792969,430.75
2018-07-20,113500,425.1300048828125,425.0,427.0,424.5899963378906,425.0
2018-07-19,160400,423.4200134277344,423.3399963378906,425.75,422.69000244140625,423.3399963378906
2018-07-18,136600,426.05999755859375,424.67999267578125,434.5199890136719,423.5400085449219,424.67999267578125
2018-07-17,151900,426.3800048828125,426.32000732421875,427.6000061035156,421.6300048828125,426.32000732421875
2018-07-16,162900,423.989990234375,427.80999755859375,429.1400146484375,423.0799865722656,427.80999755859375
2018-07-13,93800,426.20001220703125,424.4800109863281,427.9200134277344,422.75,424.4800109863281
2018-07-12,118800,422.8500061035156,426.20001220703125,426.5799865722656,421.2300109863281,426.20001220703125
2018-07-11,244100,417.489990234375,420.4100036621094,421.8699951171875,417.489990234375,420.4100036621094
2018-07-10,207500,428.989990234375,419.5,429.9200134277344,419.1700134277344,419.5
2018-07-09,181600,422.5799865722656,428.8599853515625,429.2799987792969,419.17999267578125,428.8599853515625
2018-07-06,160900,413.4200134277344,422.3999938964844,423.07000732421875,413.4200134277344,422.3999938964844
2018-07-05,267300,410.2799987792969,413.54998779296875,414.1400146484375,397.05999755859375,413.54998779296875
2018-07-03,185900,411.3399963378906,408.5299987792969,418.3699951171875,408.20001220703125,408.5299987792969
2018-07-02,403200,410.4200134277344,415.67999267578125,416.32000732421875,406.69000244140625,415.67999267578125
2018-06-29,278200,415.5299987792969,412.6300048828125,422.4700012207031,412.2300109863281,412.6300048828125
2018-06-28,566000,409.4599914550781,415.3399963378906,417.3999938964844,407.8699951171875,415.3399963378906
2018-06-27,452500,409.0899963378906,411.69000244140625,413.8299865722656,408.29998779296875,411.69000244140625
2018-06-26,286200,400.739990234375,407.5899963378906,408.8500061035156,398.79998779296875,407.5899963378906
2018-06-25,350900,410.8599853515625,399.489990234375,419.95001220703125,398.3399963378906,399.489990234375
2018-06-22,336800,416.07000732421875,412.0899963378906,417.92999267578125,411.94000244140625,412.0899963378906
2018-06-21,258200,418.3999938964844,415.0899963378906,419.3699951171875,414.0299987792969,415.0899963378906
2018-06-20,208600,416.510009765625,417.25,419.1600036621094,412.9700012207031,417.25
2018-06-19,273800,413.32000732421875,414.57000732421875,416.489990234375,409.239990234375,414.57000732421875
2018-06-18,154300,412.30999755859375,416.8699951171875,417.2900085449219,407.989990234375,416.8699951171875
2018-06-15,260600,409.7799987792969,413.9700012207031,414.94000244140625,404.94000244140625,413.9700012207031
2018-06-14,142800,406.0,409.70001220703125,411.55999755859375,406.0,409.70001220703125
2018-06-13,240600,410.8999938964844,406.3500061035156,414.69000244140625,406.05999755859375,406.3500061035156
2018-06-12,417000,405.30999755859375,410.95001220703125,415.69000244140625,405.30999755859375,410.95001220703125
2018-06-11,236600,400.7900085449219,405.25,406.8800048828125,400.7900085449219,405.25
2018-06-08,156900,398.1099853515625,401.8500061035156,404.0400085449219,395.6199951171875,401.8500061035156
2018-06-07,327000,401.4800109863281,399.30999755859375,401.4800109863281,392.1099853515625,399.30999755859375
2018-06-06,112800,397.1099853515625,401.29998779296875,402.260009765625,393.1400146484375,401.29998779296875
2018-06-05,201300,391.30999755859375,396.4100036621094,396.8500061035156,390.69000244140625,396.4100036621094
2018-06-04,204200,386.4200134277344,391.0400085449219,393.7099914550781,386.4200134277344,391.0400085449219
2018-06-01,229500,383.20001220703125,385.44000244140625,387.760009765625,383.07000732421875,385.44000244140625
2018-05-31,283600,380.8699951171875,381.2200012207031,384.9599914550781,378.7099914550781,381.2200012207031
2018-05-30,136900,378.2699890136719,380.8599853515625,383.9200134277344,375.1300048828125,380.8599853515625
2018-05-29,150100,378.1700134277344,377.94000244140625,384.95001220703125,374.69000244140625,377.94000244140625
2018-05-25,128000,382.9100036621094,380.8399963378906,386.2900085449219,378.42999267578125,380.8399963378906
2018-05-24,114500,380.5,382.239990234375,384.29998779296875,378.2900085449219,382.239990234375
2018-05-23,87900,376.5899963378906,380.8299865722656,381.29998779296875,375.510009765625,380.8299865722656
2018-05-22,180600,385.0,377.5,386.6199951171875,376.8399963378906,377.5
2018-05-21,177900,383.04998779296875,384.7099914550781,385.55999755859375,382.1300048828125,384.7099914550781
2018-05-18,203600,376.5,381.45001220703125,382.5799865722656,375.9599914550781,381.45001220703125
2018-05-17,219200,380.6000061035156,375.8699951171875,383.760009765625,375.1000061035156,375.8699951171875
2018-05-16,204900,386.8599853515625,381.0799865722656,388.3800048828125,380.55999755859375,381.0799865722656
2018-05-15,185300,388.70001220703125,388.0,389.3399963378906,383.3900146484375,388.0
2018-05-14,105700,393.0,391.2300109863281,396.5899963378906,389.4800109863281,391.2300109863281
2018-05-11,119000,394.44000244140625,392.1300048828125,394.6499938964844,390.4200134277344,392.1300048828125
2018-05-10,134500,391.0,393.45001220703125,395.0400085449219,390.6499938964844,393.45001220703125
2018-05-09,110800,387.19000244140625,390.2799987792969,390.7200012207031,384.44000244140625,390.2799987792969
2018-05-08,165600,384.04998779296875,386.5299987792969,387.7799987792969,382.6400146484375,386.5299987792969
2018-05-07,188100,377.5,386.010009765625,386.55999755859375,375.07000732421875,386.010009765625
2018-05-04,175400,372.5299987792969,377.8699951171875,378.2900085449219,368.6600036621094,377.8699951171875
2018-05-03,220100,368.0199890136719,373.2699890136719,373.989990234375,365.3699951171875,373.2699890136719
2018-05-02,145100,368.75,368.29998779296875,371.70001220703125,363.7200012207031,368.29998779296875
2018-05-01,191500,366.44000244140625,368.9800109863281,371.95001220703125,363.260009765625,368.9800109863281
2018-04-30,258900,369.6700134277344,366.6600036621094,370.6499938964844,364.7099914550781,366.6600036621094
2018-04-27,128500,371.9800109863281,369.1199951171875,372.92999267578125,366.1499938964844,369.1199951171875
2018-04-26,260800,372.6600036621094,370.6199951171875,376.7900085449219,369.5299987792969,370.6199951171875
2018-04-25,340500,381.6700134277344,370.1600036621094,382.0400085449219,366.7799987792969,370.1600036621094
2018-04-24,456400,380.260009765625,385.010009765625,392.07000732421875,372.3500061035156,385.010009765625
2018-04-23,311700,377.3500061035156,368.8599853515625,377.3500061035156,365.7799987792969,368.8599853515625
2018-04-20,189700,380.05999755859375,376.92999267578125,380.17999267578125,375.54998779296875,376.92999267578125
2018-04-19,265400,376.8299865722656,377.54998779296875,379.45001220703125,374.5,377.54998779296875
2018-04-18,287500,378.3900146484375,377.7300109863281,381.2099914550781,375.010009765625,377.7300109863281
2018-04-17,157800,369.6300048828125,376.760009765625,377.92999267578125,369.6300048828125,376.760009765625
2018-04-16,210300,365.95001220703125,367.4700012207031,368.8599853515625,363.2699890136719,367.4700012207031
2018-04-13,126300,367.9200134277344,364.05999755859375,367.9200134277344,360.6700134277344,364.05999755859375
2018-04-12,148200,360.3900146484375,367.7300109863281,369.8699951171875,360.1099853515625,367.7300109863281
2018-04-11,108600,358.44000244140625,359.30999755859375,364.6700134277344,358.44000244140625,359.30999755859375
2018-04-10,94900,360.3800048828125,360.2200012207031,361.6700134277344,355.29998779296875,360.2200012207031
2018-04-09,124500,354.5299987792969,356.8599853515625,359.9700012207031,348.42999267578125,356.8599853515625
2018-04-06,108700,353.7799987792969,351.2799987792969,358.7099914550781,347.94000244140625,351.2799987792969
2018-04-05,220300,359.6400146484375,355.2900085449219,361.1600036621094,354.54998779296875,355.2900085449219
2018-04-04,272800,348.5400085449219,359.04998779296875,359.7799987792969,342.1600036621094,359.04998779296875
2018-04-03,193500,352.4800109863281,353.29998779296875,360.20001220703125,351.45001220703125,353.29998779296875
2018-04-02,125400,362.5199890136719,351.1300048828125,363.32000732421875,347.5799865722656,351.1300048828125
2018-03-29,186700,358.1400146484375,362.67999267578125,367.2900085449219,355.9800109863281,362.67999267578125
2018-03-28,211600,359.9800109863281,356.0299987792969,361.44000244140625,352.1099853515625,356.0299987792969
2018-03-27,220300,368.45001220703125,359.989990234375,370.260009765625,356.1099853515625,359.989990234375
2018-03-26,213100,365.3800048828125,366.8299865722656,369.760009765625,357.0299987792969,366.8299865722656
2018-03-23,298800,358.42999267578125,361.4200134277344,362.55999755859375,355.04998779296875,361.4200134277344
2018-03-22,190000,370.2900085449219,357.8800048828125,373.2099914550781,357.1700134277344,357.8800048828125
2018-03-21,181500,374.8999938964844,373.7300109863281,378.57000732421875,370.79998779296875,373.7300109863281
2018-03-20,312000,365.8299865722656,375.79998779296875,376.6000061035156,364.9599914550781,375.79998779296875
2018-03-19,335000,365.5400085449219,366.0199890136719,372.2200012207031,361.7300109863281,366.0199890136719
2018-03-16,748900,365.04998779296875,367.79998779296875,369.9100036621094,363.9800109863281,367.79998779296875
2018-03-15,193300,364.7099914550781,363.5899963378906,365.7200012207031,361.1600036621094,363.5899963378906
2018-03-14,183700,365.2799987792969,364.4200134277344,368.3299865722656,363.5799865722656,364.4200134277344
2018-03-13,215300,358.95001220703125,363.1000061035156,364.010009765625,356.6199951171875,363.1000061035156
2018-03-12,222500,362.2200012207031,359.3900146484375,367.67999267578125,359.0799865722656,359.3900146484375
2018-03-09,192300,359.3900146484375,361.2200012207031,361.6700134277344,357.2200012207031,361.2200012207031
2018-03-08,183900,357.9800109863281,356.5400085449219,357.9800109863281,354.5,356.5400085449219
2018-03-07,157500,355.5,356.05999755859375,359.6600036621094,354.80999755859375,356.05999755859375
2018-03-06,116200,358.2099914550781,357.1000061035156,359.82000732421875,355.7799987792969,357.1000061035156
2018-03-05,209800,346.8299865722656,357.0799865722656,358.0799865722656,340.1099853515625,357.0799865722656
2018-03-02,201900,342.07000732421875,348.2799987792969,350.0400085449219,337.8399963378906,348.2799987792969
2018-03-01,230200,343.0400085449219,344.5,351.3699951171875,341.4700012207031,344.5
2018-02-28,502000,345.7799987792969,342.1300048828125,350.7300109863281,341.6000061035156,342.1300048828125
2018-02-27,225800,352.0,344.0,352.5,344.0,344.0
2018-02-26,198300,358.5299987792969,353.3999938964844,358.8399963378906,352.3800048828125,353.3999938964844
2018-02-23,164700,352.92999267578125,354.9100036621094,356.7699890136719,348.30999755859375,354.9100036621094
2018-02-22,355500,353.010009765625,351.5799865722656,353.010009765625,332.1700134277344,351.5799865722656
2018-02-21,197500,351.8500061035156,352.1099853515625,356.05999755859375,349.7799987792969,352.1099853515625
2018-02-20,146500,349.5299987792969,351.8399963378906,356.05999755859375,344.2699890136719,351.8399963378906
2018-02-16,153900,347.79998779296875,350.1400146484375,352.6400146484375,347.5,350.1400146484375
2018-02-15,173700,347.69000244140625,347.989990234375,348.8599853515625,342.6000061035156,347.989990234375
2018-02-14,216300,341.8900146484375,345.6300048828125,348.5400085449219,341.1300048828125,345.6300048828125
2018-02-13,245600,333.2300109863281,343.010009765625,343.0799865722656,331.0199890136719,343.010009765625
2018-02-12,152700,330.25,334.05999755859375,338.2699890136719,326.1000061035156,334.05999755859375
2018-02-09,174900,331.17999267578125,327.989990234375,333.239990234375,318.3599853515625,327.989990234375
2018-02-08,186900,338.30999755859375,329.05999755859375,342.29998779296875,329.05999755859375,329.05999755859375
2018-02-07,115800,335.2900085449219,337.4700012207031,341.0199890136719,334.79998779296875,337.4700012207031
2018-02-06,326500,333.0400085449219,335.19000244140625,341.04998779296875,328.3500061035156,335.19000244140625
2018-02-05,267700,340.0,338.3299865722656,345.3999938964844,335.0299987792969,338.3299865722656
2018-02-02,184000,347.94000244140625,343.3999938964844,350.95001220703125,343.07000732421875,343.3999938964844
2018-02-01,241000,344.8500061035156,350.0199890136719,351.3299865722656,344.239990234375,350.0199890136719
2018-01-31,243000,348.8999938964844,346.1099853515625,353.5899963378906,342.69000244140625,346.1099853515625
2018-01-30,195500,348.2200012207031,347.19000244140625,351.6499938964844,345.260009765625,347.19000244140625
2018-01-29,317100,351.4100036621094,350.7099914550781,355.239990234375,350.57000732421875,350.7099914550781
2018-01-26,282600,350.9100036621094,351.760009765625,352.8800048828125,345.8800048828125,351.760009765625
2018-01-25,333300,354.1700134277344,349.5400085449219,355.79998779296875,348.7099914550781,349.5400085449219
2018-01-24,279900,351.7799987792969,352.79998779296875,355.3699951171875,350.29998779296875,352.79998779296875
2018-01-23,217700,342.510009765625,350.2200012207031,350.7900085449219,340.67999267578125,350.2200012207031
2018-01-22,151800,341.1099853515625,341.95001220703125,343.760009765625,338.95001220703125,341.95001220703125
2018-01-19,279700,336.3999938964844,341.20001220703125,344.6600036621094,334.67999267578125,341.20001220703125
2018-01-18,621300,324.260009765625,336.3999938964844,339.8900146484375,324.010009765625,336.3999938964844
2018-01-17,201700,319.8399963378906,321.9599914550781,322.7799987792969,319.0400085449219,321.9599914550781
2018-01-16,273700,325.0,319.05999755859375,325.0799865722656,318.5199890136719,319.05999755859375
2018-01-12,239400,318.1600036621094,322.0199890136719,322.6499938964844,316.1199951171875,322.0199890136719
2018-01-11,115300,315.5400085449219,317.30999755859375,317.55999755859375,312.510009765625,317.30999755859375
2018-01-10,90700,313.7900085449219,314.44000244140625,315.2699890136719,312.30999755859375,314.44000244140625
2018-01-09,137300,314.760009765625,314.6600036621094,316.25,311.8500061035156,314.6600036621094
2018-01-08,143500,311.30999755859375,313.9700012207031,315.0,310.45001220703125,313.9700012207031
2018-01-05,142200,309.92999267578125,311.3900146484375,313.3699951171875,309.2099914550781,311.3900146484375
2018-01-04,205700,308.45001220703125,309.1099853515625,311.739990234375,306.7099914550781,309.1099853515625
2018-01-03,280200,297.0799865722656,307.5,307.8900146484375,295.9100036621094,307.5
2018-01-02,226400,298.2900085449219,296.7900085449219,298.6099853515625,295.42999267578125,296.7900085449219
2017-12-29,203900,295.3800048828125,296.95001220703125,298.2799987792969,293.1300048828125,296.95001220703125
2017-12-28,89700,294.4200134277344,295.6000061035156,295.75,293.19000244140625,295.6000061035156
2017-12-27,173300,294.75,294.07000732421875,296.0,292.989990234375,294.07000732421875
2017-12-26,211600,298.5299987792969,294.8599853515625,298.6000061035156,293.1499938964844,294.8599853515625
2017-12-22,152800,298.0299987792969,299.7900085449219,300.6600036621094,297.0199890136719,299.7900085449219
2017-12-21,259200,297.010009765625,298.5799865722656,299.5799865722656,295.8299865722656,298.5799865722656
2017-12-20,102500,299.7300109863281,296.9200134277344,299.7300109863281,295.6700134277344,296.9200134277344
2017-12-19,326300,297.0,298.8599853515625,300.2200012207031,296.5199890136719,298.8599853515625
2017-12-18,369000,297.54998779296875,297.25,300.9800109863281,294.5899963378906,297.25
2017-12-15,450100,289.1300048828125,294.8599853515625,299.1700134277344,285.0,294.8599853515625
2017-12-14,342100,290.8900146484375,287.79998779296875,292.8299865722656,286.07000732421875,287.79998779296875
2017-12-13,357400,288.4800109863281,291.1600036621094,294.30999755859375,288.4800109863281,291.1600036621094
2017-12-12,600800,285.94000244140625,287.8299865722656,291.3999938964844,283.1099853515625,287.8299865722656
2017-12-11,316800,292.3500061035156,290.5,292.82000732421875,289.489990234375,290.5
2017-12-08,245600,293.3999938964844,292.3399963378906,295.1300048828125,291.0299987792969,292.3399963378906
2017-12-07,231100,294.0899963378906,291.82000732421875,295.8299865722656,290.8399963378906,291.82000732421875
2017-12-06,292400,291.8800048828125,293.2099914550781,296.7699890136719,291.6300048828125,293.2099914550781
2017-12-05,202800,295.9800109863281,292.5899963378906,298.0,291.94000244140625,292.5899963378906
2017-12-04,186300,304.8599853515625,295.7699890136719,306.9599914550781,295.1000061035156,295.7699890136719
2017-12-01,249300,305.57000732421875,302.010009765625,305.989990234375,297.07000732421875,302.010009765625
2017-11-30,274700,304.17999267578125,304.9700012207031,306.0299987792969,300.010009765625,304.9700012207031
2017-11-29,200300,308.17999267578125,301.8599853515625,308.510009765625,298.57000732421875,301.8599853515625
2017-11-28,200400,309.2300109863281,307.4200134277344,310.6400146484375,306.2300109863281,307.4200134277344
2017-11-27,170800,310.17999267578125,309.489990234375,313.75,309.010009765625,309.489990234375
2017-11-24,65900,309.44000244140625,310.19000244140625,314.7300109863281,308.9800109863281,310.19000244140625
2017-11-22,163800,308.5199890136719,308.79998779296875,309.55999755859375,304.7099914550781,308.79998779296875
2017-11-21,172200,307.7699890136719,307.9700012207031,311.0799865722656,307.1499938964844,307.9700012207031
2017-11-20,175200,305.69000244140625,306.6300048828125,307.5199890136719,303.010009765625,306.6300048828125
2017-11-17,224000,304.5299987792969,304.739990234375,306.69000244140625,303.6700134277344,304.739990234375
2017-11-16,220700,298.6700134277344,303.5299987792969,304.6300048828125,297.3900146484375,303.5299987792969
2017-11-15,104900,297.20001220703125,297.30999755859375,298.5400085449219,293.989990234375,297.30999755859375
2017-11-14,213000,295.4100036621094,299.04998779296875,299.9599914550781,294.7300109863281,299.04998779296875
2017-11-13,129200,295.8699951171875,296.42999267578125,297.6499938964844,294.4100036621094,296.42999267578125
2017-11-10,137800,299.3599853515625,296.67999267578125,299.8399963378906,293.489990234375,296.67999267578125
2017-11-09,180100,299.0899963378906,299.2900085449219,299.9100036621094,295.1099853515625,299.2900085449219
2017-11-08,213400,302.1199951171875,300.70001220703125,302.1199951171875,299.3699951171875,300.70001220703125
2017-11-07,165500,300.0,299.3599853515625,301.4700012207031,298.510009765625,299.3599853515625
2017-11-06,148800,296.0,299.8800048828125,300.010009765625,295.79998779296875,299.8800048828125
2017-11-03,150200,293.92999267578125,295.7799987792969,296.32000732421875,292.44000244140625,295.7799987792969
2017-11-02,187500,294.32000732421875,293.6199951171875,297.3900146484375,293.489990234375,293.6199951171875
2017-11-01,196300,298.0199890136719,295.1300048828125,298.0199890136719,292.55999755859375,295.1300048828125
2017-10-31,290900,295.8500061035156,295.75,298.3900146484375,294.010009765625,295.75
2017-10-30,216800,299.80999755859375,294.5,299.80999755859375,293.30999755859375,294.5
2017-10-27,430100,291.69000244140625,299.3800048828125,301.0400085449219,286.6499938964844,299.3800048828125
2017-10-26,749600,281.4700012207031,289.25,294.2799987792969,277.3900146484375,289.25
2017-10-25,253100,281.1099853515625,278.4100036621094,282.510009765625,276.6499938964844,278.4100036621094
2017-10-24,204200,284.19000244140625,280.739990234375,284.19000244140625,279.3500061035156,280.739990234375
2017-10-23,116100,282.2699890136719,283.70001220703125,284.6000061035156,281.9800109863281,283.70001220703125
2017-10-20,123400,282.3900146484375,282.55999755859375,282.70001220703125,279.82000732421875,282.55999755859375
2017-10-19,152300,281.95001220703125,280.4800109863281,281.95001220703125,278.8599853515625,280.4800109863281
2017-10-18,140400,284.69000244140625,283.75,284.69000244140625,283.1400146484375,283.75
2017-10-17,138100,286.3800048828125,283.7200012207031,287.4200134277344,283.42999267578125,283.7200012207031
2017-10-16,182100,288.20001220703125,286.2200012207031,289.5,283.0,286.2200012207031
2017-10-13,391700,288.17999267578125,287.0199890136719,291.9599914550781,285.6300048828125,287.0199890136719
2017-10-12,229400,289.239990234375,287.239990234375,291.94000244140625,285.19000244140625,287.239990234375
2017-10-11,418200,280.0799865722656,289.20001220703125,289.510009765625,280.0799865722656,289.20001220703125
2017-10-10,234300,278.42999267578125,279.2900085449219,279.8900146484375,277.5799865722656,279.2900085449219
2017-10-09,135200,276.6600036621094,276.7799987792969,278.4200134277344,276.1199951171875,276.7799987792969
2017-10-06,296300,272.5299987792969,276.9100036621094,277.8500061035156,272.2699890136719,276.9100036621094
2017-10-05,194400,273.1300048828125,274.3900146484375,274.9200134277344,271.69000244140625,274.3900146484375
2017-10-04,346600,271.1300048828125,271.7900085449219,273.20001220703125,266.3699951171875,271.7900085449219
2017-10-03,327700,272.0,271.6300048828125,272.5400085449219,268.80999755859375,271.6300048828125
2017-10-02,393800,269.5,271.69000244140625,272.7200012207031,265.5899963378906,271.69000244140625
2017-09-29,1392800,265.0,268.25,270.0,255.41000366210938,268.25
2017-09-28,327500,264.9700012207031,266.1000061035156,269.4100036621094,264.0,266.1000061035156
2017-09-27,267100,267.3299865722656,267.04998779296875,271.7099914550781,266.5400085449219,267.04998779296875
2017-09-26,262900,276.0,266.75,277.1400146484375,264.7799987792969,266.75
2017-09-25,189700,279.7200012207031,279.20001220703125,281.5199890136719,277.3599853515625,279.20001220703125
2017-09-22,133900,279.30999755859375,280.82000732421875,283.1400146484375,278.75,280.82000732421875
2017-09-21,88100,281.2300109863281,280.2300109863281,281.2300109863281,276.6400146484375,280.2300109863281
2017-09-20,131600,280.0299987792969,282.1000061035156,283.260009765625,279.6600036621094,282.1000061035156
2017-09-19,139100,276.67999267578125,280.6000061035156,281.760009765625,274.94000244140625,280.6000061035156
2017-09-18,180700,277.79998779296875,276.6300048828125,279.0400085449219,274.70001220703125,276.6300048828125
2017-09-15,273700,273.2900085449219,277.79998779296875,278.260009765625,273.2900085449219,277.79998779296875
2017-09-14,208600,274.70001220703125,274.6099853515625,276.1400146484375,272.5899963378906,274.6099853515625
2017-09-13,258600,283.0,275.260009765625,283.0,273.9100036621094,275.260009765625
2017-09-12,341600,282.6000061035156,282.1199951171875,287.4100036621094,278.2699890136719,282.1199951171875
2017-09-11,121700,282.0400085449219,281.55999755859375,284.5199890136719,280.20001220703125,281.55999755859375
2017-09-08,152200,281.7900085449219,280.3999938964844,282.489990234375,278.70001220703125,280.3999938964844
2017-09-07,169900,282.44000244140625,282.30999755859375,283.4800109863281,279.9800109863281,282.30999755859375
2017-09-06,132000,282.1300048828125,281.4700012207031,282.7799987792969,279.29998779296875,281.4700012207031
2017-09-05,118800,287.45001220703125,282.19000244140625,287.45001220703125,281.2300109863281,282.19000244140625
2017-09-01,96500,287.7799987792969,287.0199890136719,287.7799987792969,284.32000732421875,287.0199890136719
2017-08-31,148900,284.04998779296875,286.6199951171875,287.9599914550781,283.5199890136719,286.6199951171875
2017-08-30,139000,282.4100036621094,284.3699951171875,285.4800109863281,281.0799865722656,284.3699951171875
2017-08-29,123900,281.239990234375,282.4599914550781,285.2699890136719,280.010009765625,282.4599914550781
2017-08-28,97700,284.010009765625,281.3699951171875,284.010009765625,280.17999267578125,281.3699951171875
2017-08-25,96000,285.3399963378906,283.54998779296875,287.8500061035156,282.67999267578125,283.54998779296875
2017-08-24,128800,284.8500061035156,284.1400146484375,284.94000244140625,281.57000732421875,284.1400146484375
2017-08-23,104100,281.55999755859375,284.0,284.17999267578125,280.3299865722656,284.0
2017-08-22,188600,278.20001220703125,283.04998779296875,283.42999267578125,277.9100036621094,283.04998779296875
2017-08-21,133500,278.2099914550781,278.3299865722656,279.510009765625,277.07000732421875,278.3299865722656
2017-08-18,100200,281.7200012207031,278.9599914550781,282.05999755859375,278.42999267578125,278.9599914550781
2017-08-17,169800,283.7799987792969,280.8699951171875,283.9800109863281,280.3999938964844,280.8699951171875
2017-08-16,82800,283.2799987792969,283.29998779296875,285.1700134277344,281.95001220703125,283.29998779296875
2017-08-15,106700,284.510009765625,282.0,286.0,281.2099914550781,282.0
2017-08-14,112400,281.6700134277344,284.6499938964844,285.7799987792969,281.6700134277344,284.6499938964844
2017-08-11,178800,279.5199890136719,279.8800048828125,284.6600036621094,277.239990234375,279.8800048828125
2017-08-10,148400,280.5,279.1700134277344,281.3800048828125,277.42999267578125,279.1700134277344
2017-08-09,112200,279.75,281.17999267578125,281.2900085449219,277.3399963378906,281.17999267578125
2017-08-08,136800,278.2099914550781,279.5400085449219,281.0,275.6099853515625,279.5400085449219
2017-08-07,154700,274.69000244140625,278.2099914550781,278.510009765625,274.3999938964844,278.2099914550781
2017-08-04,131400,274.7799987792969,274.7300109863281,276.2900085449219,273.5299987792969,274.7300109863281
2017-08-03,87700,273.5,275.0299987792969,275.6700134277344,272.3399963378906,275.0299987792969
2017-08-02,179200,275.5,273.57000732421875,275.79998779296875,270.1099853515625,273.57000732421875
2017-08-01,194700,276.79998779296875,275.25,277.260009765625,273.70001220703125,275.25
2017-07-31,253000,274.55999755859375,275.54998779296875,278.0199890136719,270.5799865722656,275.54998779296875
2017-07-28,201600,274.6400146484375,274.2099914550781,283.1300048828125,270.19000244140625,274.2099914550781
2017-07-27,337900,284.3999938964844,274.45001220703125,284.4700012207031,272.1499938964844,274.45001220703125
2017-07-26,229200,281.8699951171875,281.32000732421875,283.45001220703125,280.04998779296875,281.32000732421875
2017-07-25,251300,279.510009765625,281.9700012207031,282.6099853515625,277.69000244140625,281.9700012207031
2017-07-24,390000,276.9800109863281,278.82000732421875,281.42999267578125,276.2900085449219,278.82000732421875
2017-07-21,89700,277.5,277.0,279.42999267578125,275.6700134277344,277.0
2017-07-20,300400,279.19000244140625,277.8599853515625,279.9200134277344,274.92999267578125,277.8599853515625
2017-07-19,287000,274.3399963378906,278.7799987792969,280.32000732421875,274.3399963378906,278.7799987792969
2017-07-18,147500,270.8699951171875,272.989990234375,273.4200134277344,270.8699951171875,272.989990234375
2017-07-17,392100,271.80999755859375,270.6700134277344,273.1099853515625,268.2200012207031,270.6700134277344
2017-07-14,141600,274.239990234375,271.6199951171875,274.239990234375,271.1400146484375,271.6199951171875
2017-07-13,133900,273.70001220703125,273.0,274.94000244140625,271.54998779296875,273.0
2017-07-12,371900,277.1099853515625,273.5400085449219,278.29998779296875,271.6300048828125,273.5400085449219
2017-07-11,297300,273.989990234375,275.45001220703125,277.2799987792969,268.0199890136719,275.45001220703125
2017-07-10,287600,271.010009765625,273.8800048828125,274.3500061035156,269.739990234375,273.8800048828125
2017-07-07,167700,266.3900146484375,270.79998779296875,271.20001220703125,259.04998779296875,270.79998779296875
2017-07-06,404800,265.05999755859375,266.0299987792969,267.6499938964844,263.3699951171875,266.0299987792969
2017-07-05,260100,264.8599853515625,266.80999755859375,269.010009765625,264.6499938964844,266.80999755859375
2017-07-03,129500,264.95001220703125,263.6000061035156,265.29998779296875,260.4800109863281,263.6000061035156
2017-06-30,315900,259.3999938964844,263.6000061035156,264.2900085449219,259.3999938964844,263.6000061035156
2017-06-29,433100,264.92999267578125,259.79998779296875,264.92999267578125,256.1400146484375,259.79998779296875
2017-06-28,96000,263.239990234375,265.42999267578125,266.7200012207031,261.6099853515625,265.42999267578125
2017-06-27,252100,263.3500061035156,262.7799987792969,266.3999938964844,262.3399963378906,262.7799987792969
2017-06-26,200600,267.260009765625,263.94000244140625,268.7799987792969,263.67999267578125,263.94000244140625
2017-06-23,237400,262.69000244140625,266.92999267578125,267.2300109863281,261.54998779296875,266.92999267578125
2017-06-22,140300,258.19000244140625,261.44000244140625,262.2099914550781,255.32000732421875,261.44000244140625
2017-06-21,190700,261.57000732421875,258.69000244140625,263.989990234375,256.04998779296875,258.69000244140625
2017-06-20,226900,260.010009765625,261.0400085449219,261.42999267578125,257.94000244140625,261.0400085449219
2017-06-19,178500,258.6199951171875,260.4700012207031,260.94000244140625,242.75999450683594,260.4700012207031
2017-06-16,254900,252.16000366210938,256.30999755859375,258.010009765625,252.1199951171875,256.30999755859375
2017-06-15,171200,253.3000030517578,251.33999633789062,253.3000030517578,247.57000732421875,251.33999633789062
2017-06-14,122900,251.1999969482422,253.02999877929688,253.75999450683594,249.97000122070312,253.02999877929688
2017-06-13,150900,250.08999633789062,249.97999572753906,250.38999938964844,248.14999389648438,249.97999572753906
2017-06-12,323600,251.91000366210938,248.61000061035156,251.91000366210938,243.6199951171875,248.61000061035156
2017-06-09,309800,263.1499938964844,252.5500030517578,263.6000061035156,249.8000030517578,252.5500030517578
2017-06-08,87500,259.9800109863281,262.9599914550781,263.4800109863281,253.17999267578125,262.9599914550781
2017-06-07,124000,259.5899963378906,259.7300109863281,260.7900085449219,257.739990234375,259.7300109863281
2017-06-06,174000,260.4700012207031,258.29998779296875,261.8299865722656,257.79998779296875,258.29998779296875
2017-06-05,106700,261.95001220703125,261.44000244140625,264.739990234375,260.9200134277344,261.44000244140625
2017-06-02,157200,261.7900085449219,262.2300109863281,262.7200012207031,260.4800109863281,262.2300109863281
2017-06-01,147600,261.30999755859375,262.1600036621094,267.4599914550781,257.7799987792969,262.1600036621094
2017-05-31,164200,260.010009765625,261.57000732421875,262.1199951171875,257.9599914550781,261.57000732421875
2017-05-30,318300,259.1499938964844,259.4100036621094,260.70001220703125,256.94000244140625,259.4100036621094
2017-05-26,90600,258.6199951171875,258.9599914550781,259.75,256.6000061035156,258.9599914550781
2017-05-25,224400,258.4100036621094,259.5199890136719,260.30999755859375,257.7099914550781,259.5199890136719
2017-05-24,149100,256.8299865722656,258.0,258.8299865722656,254.44000244140625,258.0
2017-05-23,207600,259.010009765625,256.0,259.010009765625,254.89999389648438,256.0
2017-05-22,177200,254.49000549316406,258.3599853515625,260.510009765625,254.49000549316406,258.3599853515625
2017-05-19,130600,252.75999450683594,253.75,255.35000610351562,252.57000732421875,253.75
2017-05-18,175400,249.7100067138672,251.75,255.55999755859375,249.57000732421875,251.75
2017-05-17,160800,253.1199951171875,250.80999755859375,253.66000366210938,250.19000244140625,250.80999755859375
2017-05-16,149400,256.9599914550781,255.6199951171875,256.9599914550781,254.52000427246094,255.6199951171875
2017-05-15,182700,253.1300048828125,255.6300048828125,257.25,252.3000030517578,255.6300048828125
2017-05-12,184800,252.16000366210938,252.1300048828125,252.52999877929688,250.6999969482422,252.1300048828125
2017-05-11,102400,252.5399932861328,252.8800048828125,253.8800048828125,250.00999450683594,252.8800048828125
2017-05-10,205700,251.61000061035156,252.4499969482422,254.22000122070312,250.64999389648438,252.4499969482422
2017-05-09,367500,250.9600067138672,252.25,254.5399932861328,250.9600067138672,252.25
2017-05-08,198400,251.85000610351562,251.82000732421875,253.16000366210938,249.91000366210938,251.82000732421875
2017-05-05,271300,248.19000244140625,252.8000030517578,253.1699981689453,243.4499969482422,252.8000030517578
2017-05-04,201700,247.22000122070312,248.58999633789062,249.86000061035156,244.0800018310547,248.58999633789062
2017-05-03,264400,244.0399932861328,246.30999755859375,247.16000366210938,242.67999267578125,246.30999755859375
2017-05-02,249300,243.0399932861328,244.77000427246094,246.22999572753906,241.52000427246094,244.77000427246094
2017-05-01,344900,240.0,242.5399932861328,242.91000366210938,238.91000366210938,242.5399932861328
2017-04-28,406000,236.7100067138672,240.88999938964844,242.32000732421875,236.17999267578125,240.88999938964844
2017-04-27,512300,228.5800018310547,236.7100067138672,238.6999969482422,226.1199951171875,236.7100067138672
2017-04-26,150900,215.8699951171875,219.36000061035156,219.9600067138672,213.58999633789062,219.36000061035156
2017-04-25,90800,218.5800018310547,216.1199951171875,219.6999969482422,214.05999755859375,216.1199951171875
2017-04-24,93600,217.1999969482422,217.1300048828125,217.39999389648438,215.2100067138672,217.1300048828125
2017-04-21,130500,215.80999755859375,215.32000732421875,216.97000122070312,214.35000610351562,215.32000732421875
2017-04-20,117400,213.10000610351562,215.55999755859375,216.86000061035156,211.6199951171875,215.55999755859375
2017-04-19,100700,210.42999267578125,212.32000732421875,212.47000122070312,209.5,212.32000732421875
2017-04-18,112300,206.1999969482422,209.3699951171875,209.83999633789062,206.1999969482422,209.3699951171875
2017-04-17,95500,205.02000427246094,207.1999969482422,207.25,204.24000549316406,207.1999969482422
2017-04-13,137200,204.44000244140625,204.52000427246094,205.6199951171875,203.24000549316406,204.52000427246094
2017-04-12,140300,204.97000122070312,204.6199951171875,205.99000549316406,203.0800018310547,204.6199951171875
2017-04-11,85700,206.5800018310547,205.39999389648438,208.6199951171875,201.42999267578125,205.39999389648438
2017-04-10,128800,206.9199981689453,207.00999450683594,208.8699951171875,205.82000732421875,207.00999450683594
2017-04-07,123300,206.3300018310547,206.63999938964844,207.74000549316406,204.64999389648438,206.63999938964844
2017-04-06,151200,206.02000427246094,206.42999267578125,207.0,205.0500030517578,206.42999267578125
2017-04-05,112000,206.64999389648438,205.77000427246094,209.47000122070312,205.16000366210938,205.77000427246094
2017-04-04,140600,207.10000610351562,205.99000549316406,208.52999877929688,204.42999267578125,205.99000549316406
2017-04-03,128600,207.83999633789062,207.4199981689453,208.75,205.85000610351562,207.4199981689453
2017-03-31,274200,206.94000244140625,207.22000122070312,209.0,205.32000732421875,207.22000122070312
2017-03-30,157900,209.24000549316406,206.72999572753906,209.52999877929688,197.5500030517578,206.72999572753906
2017-03-29,193700,206.63999938964844,209.14999389648438,209.55999755859375,204.35000610351562,209.14999389648438
2017-03-28,204100,208.8800048828125,206.92999267578125,208.9199981689453,206.4499969482422,206.92999267578125
2017-03-27,211800,205.10000610351562,208.6300048828125,208.92999267578125,202.64999389648438,208.6300048828125
2017-03-24,228900,205.50999450683594,207.74000549316406,207.9600067138672,203.6999969482422,207.74000549316406
2017-03-23,272600,203.5500030517578,206.24000549316406,206.35000610351562,201.6199951171875,206.24000549316406
2017-03-22,262500,204.8300018310547,204.52999877929688,207.05999755859375,202.74000549316406,204.52999877929688
2017-03-21,311500,207.8699951171875,205.24000549316406,207.8699951171875,204.69000244140625,205.24000549316406
2017-03-20,180800,204.83999633789062,207.02999877929688,207.97000122070312,200.58999633789062,207.02999877929688
2017-03-17,174100,207.85000610351562,205.08999633789062,209.97999572753906,204.57000732421875,205.08999633789062
2017-03-16,108000,205.35000610351562,206.77000427246094,206.89999389648438,203.60000610351562,206.77000427246094
2017-03-15,167100,205.47999572753906,204.99000549316406,206.4499969482422,204.05999755859375,204.99000549316406
2017-03-14,132400,204.8000030517578,205.0399932861328,205.7100067138672,203.60000610351562,205.0399932861328
2017-03-13,125300,205.9499969482422,205.6199951171875,206.8800048828125,200.0,205.6199951171875
2017-03-10,133600,208.3800048828125,205.17999267578125,208.3800048828125,204.7100067138672,205.17999267578125
2017-03-09,168000,206.27999877929688,207.19000244140625,207.99000549316406,202.91000366210938,207.19000244140625
2017-03-08,119600,205.5800018310547,206.0399932861328,206.75,201.7100067138672,206.0399932861328
2017-03-07,185500,205.3800048828125,204.9199981689453,207.07000732421875,204.72999572753906,204.9199981689453
2017-03-06,98600,205.3699951171875,205.77999877929688,206.36000061035156,204.38999938964844,205.77999877929688
2017-03-03,122200,204.1699981689453,206.1300048828125,206.9499969482422,204.13999938964844,206.1300048828125
2017-03-02,133900,207.3300018310547,204.91000366210938,207.3300018310547,200.10000610351562,204.91000366210938
2017-03-01,201500,205.0,206.8000030517578,207.38999938964844,203.30999755859375,206.8000030517578
2017-02-28,242900,203.2899932861328,203.17999267578125,203.4499969482422,202.1199951171875,203.17999267578125
2017-02-27,317200,201.5,203.99000549316406,204.1300048828125,198.52000427246094,203.99000549316406
2017-02-24,162600,201.0,201.33999633789062,201.67999267578125,197.25,201.33999633789062
2017-02-23,476400,200.80999755859375,201.6699981689453,207.85000610351562,197.17999267578125,201.6699981689453
2017-02-22,171200,210.9199981689453,210.02000427246094,212.39999389648438,209.50999450683594,210.02000427246094
2017-02-21,198700,210.39999389648438,211.3699951171875,212.32000732421875,209.7100067138672,211.3699951171875
2017-02-17,87000,207.80999755859375,209.69000244140625,209.6999969482422,207.1300048828125,209.69000244140625
2017-02-16,131100,207.97999572753906,208.52999877929688,209.19000244140625,206.6300048828125,208.52999877929688
2017-02-15,121200,205.17999267578125,207.22000122070312,207.75,205.17999267578125,207.22000122070312
2017-02-14,115000,204.5800018310547,205.30999755859375,206.4600067138672,204.39999389648438,205.30999755859375
2017-02-13,118700,204.5500030517578,205.63999938964844,206.97999572753906,203.9199981689453,205.63999938964844
2017-02-10,151100,204.30999755859375,204.16000366210938,204.75999450683594,202.24000549316406,204.16000366210938
2017-02-09,210100,203.24000549316406,203.80999755859375,204.9499969482422,203.10000610351562,203.80999755859375
2017-02-08,123600,203.5,203.49000549316406,204.99000549316406,200.91000366210938,203.49000549316406
2017-02-07,113300,203.72000122070312,204.39999389648438,204.8300018310547,202.55999755859375,204.39999389648438
2017-02-06,138400,203.08999633789062,203.63999938964844,204.02000427246094,202.3300018310547,203.63999938964844
2017-02-03,113400,202.27999877929688,203.63999938964844,204.75999450683594,201.0,203.63999938964844
2017-02-02,112400,202.82000732421875,201.42999267578125,204.42999267578125,200.52999877929688,201.42999267578125
2017-02-01,170100,203.3300018310547,203.2899932861328,203.8699951171875,198.2899932861328,203.2899932861328
2017-01-31,131200,201.85000610351562,202.10000610351562,202.77000427246094,200.77000427246094,202.10000610351562
2017-01-30,89800,201.77000427246094,202.0399932861328,202.0500030517578,199.07000732421875,202.0399932861328
2017-01-27,70100,203.61000061035156,202.63999938964844,204.5399932861328,201.7100067138672,202.63999938964844
2017-01-26,116000,205.0500030517578,203.36000061035156,205.39999389648438,202.0500030517578,203.36000061035156
2017-01-25,95900,203.4600067138672,204.3699951171875,205.67999267578125,202.5,204.3699951171875
2017-01-24,174400,200.5,203.0,203.27000427246094,199.88999938964844,203.0
2017-01-23,201700,200.6199951171875,200.25,202.82000732421875,198.8000030517578,200.25
2017-01-20,233000,199.52000427246094,200.52000427246094,200.6199951171875,198.6199951171875,200.52000427246094
2017-01-19,189000,199.69000244140625,198.88999938964844,200.27999877929688,198.41000366210938,198.88999938964844
2017-01-18,130900,199.5500030517578,199.42999267578125,199.8699951171875,197.97000122070312,199.42999267578125
2017-01-17,159200,200.3000030517578,199.11000061035156,200.4499969482422,197.52000427246094,199.11000061035156
2017-01-13,190300,198.2899932861328,201.11000061035156,201.35000610351562,197.3699951171875,201.11000061035156
2017-01-12,181000,197.55999755859375,197.6999969482422,199.07000732421875,194.3300018310547,197.6999969482422
2017-01-11,202100,194.2899932861328,198.19000244140625,198.2899932861328,194.0,198.19000244140625
2017-01-10,133000,192.50999450683594,194.1999969482422,195.25,192.3000030517578,194.1999969482422
2017-01-09,188400,191.63999938964844,192.42999267578125,193.9199981689453,191.0800018310547,192.42999267578125
2017-01-06,82900,191.5,191.77000427246094,192.89999389648438,190.5,191.77000427246094
2017-01-05,209900,191.0500030517578,191.47000122070312,193.24000549316406,188.64999389648438,191.47000122070312
2017-01-04,245000,186.44000244140625,190.8000030517578,191.67999267578125,185.50999450683594,190.8000030517578
2017-01-03,259700,189.3300018310547,186.14999389648438,190.94000244140625,184.86000061035156,186.14999389648438
2016-12-30,202100,188.75999450683594,188.49000549316406,189.5399932861328,185.35000610351562,188.49000549316406
2016-12-29,276500,190.8000030517578,187.94000244140625,194.8800048828125,187.10000610351562,187.94000244140625
2016-12-28,239900,190.9499969482422,190.6300048828125,192.36000061035156,189.4600067138672,190.6300048828125
2016-12-27,84800,190.1999969482422,191.22999572753906,191.8699951171875,188.6300048828125,191.22999572753906
2016-12-23,104000,189.33999633789062,190.7899932861328,192.44000244140625,189.33999633789062,190.7899932861328
2016-12-22,131700,190.52000427246094,189.9600067138672,190.66000366210938,188.0,189.9600067138672
2016-12-21,175900,193.80999755859375,190.6999969482422,194.9499969482422,190.3000030517578,190.6999969482422
2016-12-20,144600,191.25,192.82000732421875,194.77999877929688,188.38999938964844,192.82000732421875
2016-12-19,146700,190.52999877929688,189.6300048828125,191.8000030517578,188.92999267578125,189.6300048828125
2016-12-16,247600,192.3300018310547,190.52999877929688,192.92999267578125,190.4499969482422,190.52999877929688
2016-12-15,248500,192.8800048828125,192.5500030517578,194.44000244140625,190.02999877929688,192.5500030517578
2016-12-14,216200,195.02000427246094,193.02000427246094,195.08999633789062,191.3699951171875,193.02000427246094
2016-12-13,263800,192.5399932861328,194.6699981689453,195.4499969482422,190.35000610351562,194.6699981689453
2016-12-12,225600,191.0500030517578,192.00999450683594,192.25,189.02000427246094,192.00999450683594
2016-12-09,349800,191.10000610351562,191.9199981689453,192.5500030517578,189.52999877929688,191.9199981689453
2016-12-08,352000,188.9600067138672,191.11000061035156,191.72000122070312,188.16000366210938,191.11000061035156
2016-12-07,274100,187.22000122070312,188.67999267578125,190.44000244140625,186.3800048828125,188.67999267578125
2016-12-06,536300,185.4600067138672,187.1999969482422,188.8800048828125,183.1999969482422,187.1999969482422
2016-12-05,234000,184.41000366210938,184.25,188.58999633789062,183.47999572753906,184.25
2016-12-02,301200,180.69000244140625,183.24000549316406,184.27999877929688,179.22000122070312,183.24000549316406
2016-12-01,484400,192.30999755859375,180.2899932861328,195.27000427246094,179.30999755859375,180.2899932861328
2016-11-30,1702500,196.25999450683594,191.11000061035156,197.14999389648438,188.72000122070312,191.11000061035156
2016-11-29,381700,197.9499969482422,195.00999450683594,198.0500030517578,194.6699981689453,195.00999450683594
2016-11-28,398300,202.5500030517578,198.3800048828125,204.33999633789062,197.47999572753906,198.3800048828125
2016-11-25,142000,202.72999572753906,203.38999938964844,203.72999572753906,201.07000732421875,203.38999938964844
2016-11-23,170600,197.32000732421875,201.22000122070312,201.25,196.3699951171875,201.22000122070312
2016-11-22,175100,196.8800048828125,197.86000061035156,198.5,195.47000122070312,197.86000061035156
2016-11-21,247700,195.0800018310547,197.27999877929688,197.4199981689453,193.6999969482422,197.27999877929688
2016-11-18,226100,198.52000427246094,194.77999877929688,200.1300048828125,194.74000549316406,194.77999877929688
2016-11-17,342300,196.47999572753906,198.99000549316406,199.89999389648438,194.83999633789062,198.99000549316406
2016-11-16,275000,195.0,197.22000122070312,198.75999450683594,194.44000244140625,197.22000122070312
2016-11-15,496700,194.52999877929688,195.2899932861328,200.58999633789062,194.4600067138672,195.2899932861328
2016-11-14,538300,186.72000122070312,193.4600067138672,194.0,184.2899932861328,193.4600067138672
2016-11-11,310500,182.99000549316406,186.14999389648438,187.55999755859375,182.33999633789062,186.14999389648438
2016-11-10,237000,187.86000061035156,183.66000366210938,189.57000732421875,181.8699951171875,183.66000366210938
2016-11-09,216900,181.0500030517578,186.77000427246094,187.16000366210938,180.86000061035156,186.77000427246094
2016-11-08,145200,184.36000061035156,184.25,186.17999267578125,182.11000061035156,184.25
2016-11-07,204400,187.07000732421875,184.91000366210938,188.8300018310547,184.22999572753906,184.91000366210938
2016-11-04,221000,182.57000732421875,183.5,183.77999877929688,181.77000427246094,183.5
2016-11-03,229300,183.75999450683594,182.97000122070312,185.8699951171875,182.57000732421875,182.97000122070312
2016-11-02,343100,184.5,183.0399932861328,184.5,182.11000061035156,183.0399932861328
2016-11-01,353000,188.0,184.64999389648438,189.2899932861328,183.47999572753906,184.64999389648438
2016-10-31,590000,191.5,187.1199951171875,191.6999969482422,186.05999755859375,187.1199951171875
2016-10-28,417100,190.85000610351562,190.74000549316406,196.49000549316406,190.4199981689453,190.74000549316406
2016-10-27,1246100,204.02000427246094,192.24000549316406,213.25,180.4199981689453,192.24000549316406
2016-10-26,175900,210.13999938964844,209.02000427246094,212.6699981689453,208.42999267578125,209.02000427246094
2016-10-25,154000,212.9199981689453,211.6699981689453,214.1699981689453,210.5399932861328,211.6699981689453
2016-10-24,184000,211.05999755859375,212.30999755859375,213.5500030517578,210.3800048828125,212.30999755859375
2016-10-21,129300,208.11000061035156,209.7100067138672,210.0,206.30999755859375,209.7100067138672
2016-10-20,182400,209.88999938964844,208.5800018310547,211.0800018310547,207.60000610351562,208.5800018310547
2016-10-19,164800,209.3699951171875,210.67999267578125,211.3699951171875,209.3699951171875,210.67999267578125
2016-10-18,99300,209.67999267578125,209.75,211.74000549316406,207.14999389648438,209.75
2016-10-17,78800,208.27000427246094,207.88999938964844,208.60000610351562,206.91000366210938,207.88999938964844
2016-10-14,200700,207.5,208.57000732421875,210.22000122070312,206.99000549316406,208.57000732421875
2016-10-13,112800,207.08999633789062,207.02999877929688,208.44000244140625,205.0,207.02999877929688
2016-10-12,128500,208.85000610351562,208.75,210.55999755859375,207.6300048828125,208.75
2016-10-11,97300,212.7100067138672,208.9499969482422,212.7100067138672,207.5500030517578,208.9499969482422
2016-10-10,91100,212.77000427246094,212.67999267578125,214.72000122070312,212.63999938964844,212.67999267578125
2016-10-07,89700,214.0500030517578,211.57000732421875,214.0500030517578,210.44000244140625,211.57000732421875
2016-10-06,120000,214.5800018310547,214.14999389648438,215.36000061035156,212.5,214.14999389648438
2016-10-05,119400,215.74000549316406,215.75,224.44000244140625,213.3800048828125,215.75
2016-10-04,113400,216.49000549316406,214.27999877929688,218.3300018310547,213.50999450683594,214.27999877929688
2016-10-03,132400,216.72999572753906,215.49000549316406,219.67999267578125,213.86000061035156,215.49000549316406
2016-09-30,178000,217.75,216.52999877929688,217.75,214.3000030517578,216.52999877929688
2016-09-29,130700,222.24000549316406,216.1199951171875,222.6300048828125,215.8800048828125,216.1199951171875
2016-09-28,255800,220.99000549316406,222.30999755859375,222.74000549316406,219.80999755859375,222.30999755859375
2016-09-27,116800,215.63999938964844,219.8000030517578,220.1199951171875,215.63999938964844,219.8000030517578
2016-09-26,141900,216.25,215.1699981689453,216.8699951171875,214.77999877929688,215.1699981689453
2016-09-23,202700,218.32000732421875,218.0,219.39999389648438,217.22999572753906,218.0
2016-09-22,92900,216.8699951171875,218.63999938964844,219.24000549316406,216.13999938964844,218.63999938964844
2016-09-21,103100,211.49000549316406,215.60000610351562,216.61000061035156,211.49000549316406,215.60000610351562
2016-09-20,87600,211.85000610351562,211.2100067138672,213.05999755859375,210.1999969482422,211.2100067138672
2016-09-19,85200,210.7899932861328,211.00999450683594,212.83999633789062,210.3300018310547,211.00999450683594
2016-09-16,117900,210.3699951171875,210.38999938964844,212.10000610351562,209.5800018310547,210.38999938964844
2016-09-15,174900,208.22999572753906,211.8800048828125,213.52999877929688,203.72000122070312,211.8800048828125
2016-09-14,125000,206.77000427246094,207.08999633789062,208.97000122070312,204.97999572753906,207.08999633789062
2016-09-13,176600,208.97999572753906,206.80999755859375,210.0800018310547,204.6699981689453,206.80999755859375
2016-09-12,175200,204.55999755859375,211.0,211.52999877929688,204.55999755859375,211.0
2016-09-09,228600,214.77999877929688,205.69000244140625,214.77999877929688,205.57000732421875,205.69000244140625
2016-09-08,155600,215.0,216.52999877929688,217.69000244140625,214.33999633789062,216.52999877929688
2016-09-07,153600,214.27999877929688,216.10000610351562,216.19000244140625,213.8800048828125,216.10000610351562
2016-09-06,126900,212.82000732421875,214.4499969482422,215.8699951171875,211.99000549316406,214.4499969482422
2016-09-02,120000,210.3699951171875,213.0500030517578,214.00999450683594,210.2899932861328,213.0500030517578
2016-09-01,141300,207.4499969482422,210.0800018310547,210.1699981689453,207.0500030517578,210.0800018310547
2016-08-31,122800,205.61000061035156,207.25,207.82000732421875,204.02000427246094,207.25
2016-08-30,155400,207.17999267578125,205.02000427246094,208.38999938964844,203.92999267578125,205.02000427246094
2016-08-29,145200,207.99000549316406,207.30999755859375,209.25,207.0,207.30999755859375
2016-08-26,151100,206.32000732421875,207.9499969482422,210.2899932861328,206.32000732421875,207.9499969482422
2016-08-25,91700,206.02999877929688,206.72000122070312,207.27999877929688,205.30999755859375,206.72000122070312
2016-08-24,95300,208.7100067138672,206.50999450683594,209.4199981689453,205.77999877929688,206.50999450683594
2016-08-23,125700,207.67999267578125,208.60000610351562,209.77000427246094,207.67999267578125,208.60000610351562
2016-08-22,170700,208.77000427246094,207.61000061035156,209.67999267578125,206.10000610351562,207.61000061035156
2016-08-19,78200,206.5800018310547,208.22999572753906,209.57000732421875,206.5800018310547,208.22999572753906
2016-08-18,160300,206.1300048828125,207.72000122070312,207.94000244140625,205.58999633789062,207.72000122070312
2016-08-17,142100,208.22000122070312,205.4600067138672,209.2100067138672,204.80999755859375,205.4600067138672
2016-08-16,168400,208.38999938964844,208.77999877929688,209.3300018310547,202.6199951171875,208.77999877929688
2016-08-15,180100,207.5500030517578,209.0500030517578,209.91000366210938,206.10000610351562,209.0500030517578
2016-08-12,225400,206.97000122070312,207.83999633789062,209.1699981689453,205.97999572753906,207.83999633789062
2016-08-11,134000,208.9199981689453,207.97000122070312,209.0,205.22000122070312,207.97000122070312
2016-08-10,140200,206.91000366210938,208.05999755859375,208.72999572753906,206.1699981689453,208.05999755859375
2016-08-09,94900,207.0,207.47000122070312,208.0500030517578,206.94000244140625,207.47000122070312
2016-08-08,82000,206.13999938964844,207.05999755859375,207.25999450683594,205.05999755859375,207.05999755859375
2016-08-05,94500,205.85000610351562,205.67999267578125,206.9499969482422,204.67999267578125,205.67999267578125
2016-08-04,102500,205.5800018310547,205.3300018310547,208.0500030517578,204.66000366210938,205.3300018310547
2016-08-03,156500,204.30999755859375,206.00999450683594,207.3000030517578,203.5,206.00999450683594
2016-08-02,154900,205.61000061035156,204.82000732421875,206.39999389648438,202.5,204.82000732421875
2016-08-01,244800,208.07000732421875,205.39999389648438,208.35000610351562,204.57000732421875,205.39999389648438
2016-07-29,256600,207.0,207.89999389648438,208.92999267578125,204.49000549316406,207.89999389648438
2016-07-28,476300,211.0,207.1999969482422,218.0,205.0399932861328,207.1999969482422
2016-07-27,148100,223.83999633789062,222.7100067138672,224.10000610351562,220.88999938964844,222.7100067138672
2016-07-26,73600,221.1199951171875,224.10000610351562,224.27999877929688,220.8000030517578,224.10000610351562
2016-07-25,85300,221.25,221.07000732421875,222.50999450683594,220.57000732421875,221.07000732421875
2016-07-22,55500,217.82000732421875,222.19000244140625,222.27999877929688,217.33999633789062,222.19000244140625
2016-07-21,127400,219.14999389648438,218.07000732421875,221.52000427246094,217.64999389648438,218.07000732421875
2016-07-20,95200,220.13999938964844,219.92999267578125,221.89999389648438,219.6699981689453,219.92999267578125
2016-07-19,100400,219.0800018310547,219.50999450683594,220.1999969482422,218.52999877929688,219.50999450683594
2016-07-18,126800,218.63999938964844,219.77000427246094,219.9499969482422,218.6199951171875,219.77000427246094
2016-07-15,127800,220.3000030517578,218.64999389648438,220.5,217.92999267578125,218.64999389648438
2016-07-14,147100,222.85000610351562,220.4199981689453,222.85000610351562,220.1699981689453,220.4199981689453
2016-07-13,182600,222.11000061035156,221.0800018310547,222.1300048828125,219.4499969482422,221.0800018310547
2016-07-12,107000,223.7899932861328,222.11000061035156,224.0399932861328,221.75999450683594,222.11000061035156
2016-07-11,120300,223.58999633789062,221.80999755859375,224.7899932861328,221.55999755859375,221.80999755859375
2016-07-08,177100,218.7100067138672,221.5399932861328,224.49000549316406,218.3000030517578,221.5399932861328
2016-07-07,69500,216.7899932861328,216.99000549316406,219.47000122070312,215.82000732421875,216.99000549316406
2016-07-06,122000,215.52999877929688,215.8300018310547,217.91000366210938,214.80999755859375,215.8300018310547
2016-07-05,113900,216.5800018310547,216.0399932861328,216.86000061035156,213.8000030517578,216.0399932861328
2016-07-01,181700,219.3300018310547,218.47000122070312,220.3800048828125,217.3699951171875,218.47000122070312
2016-06-30,190000,213.25,218.66000366210938,218.77999877929688,205.32000732421875,218.66000366210938
2016-06-29,156900,207.35000610351562,212.24000549316406,212.89999389648438,207.32000732421875,212.24000549316406
2016-06-28,182300,204.82000732421875,204.97999572753906,207.35000610351562,202.66000366210938,204.97999572753906
2016-06-27,315100,209.3300018310547,202.3800048828125,214.1300048828125,200.5800018310547,202.3800048828125
2016-06-24,464400,207.32000732421875,212.8000030517578,213.41000366210938,205.94000244140625,212.8000030517578
2016-06-23,192000,211.5800018310547,217.44000244140625,217.86000061035156,209.97000122070312,217.44000244140625
2016-06-22,92700,209.80999755859375,209.6999969482422,211.97999572753906,208.8000030517578,209.6999969482422
2016-06-21,164700,210.3800048828125,209.83999633789062,212.0,208.6300048828125,209.83999633789062
2016-06-20,67800,208.94000244140625,210.08999633789062,211.91000366210938,208.92999267578125,210.08999633789062
2016-06-17,207400,210.25,206.5800018310547,210.49000549316406,206.0500030517578,206.5800018310547
2016-06-16,185000,208.8000030517578,210.22999572753906,211.82000732421875,206.41000366210938,210.22999572753906
2016-06-15,102400,211.41000366210938,209.5500030517578,211.74000549316406,208.94000244140625,209.5500030517578
2016-06-14,132700,209.10000610351562,210.6999969482422,210.72000122070312,206.97000122070312,210.6999969482422
2016-06-13,107600,207.75999450683594,208.91000366210938,210.2899932861328,207.42999267578125,208.91000366210938
2016-06-10,135900,212.52000427246094,209.11000061035156,214.36000061035156,208.9199981689453,209.11000061035156
2016-06-09,187300,211.19000244140625,214.57000732421875,215.02000427246094,210.27999877929688,214.57000732421875
2016-06-08,88900,211.80999755859375,212.66000366210938,213.27999877929688,209.4600067138672,212.66000366210938
2016-06-07,226500,209.89999389648438,211.5,212.7100067138672,209.5,211.5
2016-06-06,170700,207.02000427246094,209.50999450683594,209.6699981689453,206.67999267578125,209.50999450683594
2016-06-03,96200,207.94000244140625,207.6699981689453,208.58999633789062,205.82000732421875,207.6699981689453
2016-06-02,141000,207.8000030517578,209.3000030517578,209.75,206.3300018310547,209.3000030517578
2016-06-01,261300,206.49000549316406,209.16000366210938,209.94000244140625,205.5,209.16000366210938
2016-05-31,230200,206.27000427246094,206.58999633789062,207.61000061035156,204.8300018310547,206.58999633789062
2016-05-27,107900,203.4199981689453,206.5,207.75,201.77999877929688,206.5
2016-05-26,134700,202.0,204.0,204.25,200.02000427246094,204.0
2016-05-25,103100,201.52999877929688,202.47000122070312,203.32000732421875,199.8300018310547,202.47000122070312
2016-05-24,113000,200.5399932861328,201.36000061035156,202.6300048828125,199.02000427246094,201.36000061035156
2016-05-23,96900,197.3800048828125,198.72000122070312,199.2899932861328,196.0,198.72000122070312
2016-05-20,137200,196.55999755859375,197.63999938964844,200.0,196.55999755859375,197.63999938964844
2016-05-19,127700,196.47000122070312,195.97999572753906,199.89999389648438,195.10000610351562,195.97999572753906
2016-05-18,138100,194.9499969482422,197.22000122070312,197.75,192.41000366210938,197.22000122070312
2016-05-17,161800,197.5800018310547,195.3300018310547,198.08999633789062,195.17999267578125,195.3300018310547
2016-05-16,244900,197.88999938964844,197.69000244140625,199.92999267578125,195.44000244140625,197.69000244140625
2016-05-13,193100,198.99000549316406,197.61000061035156,200.6999969482422,193.86000061035156,197.61000061035156
2016-05-12,179100,199.17999267578125,200.41000366210938,201.7100067138672,198.22999572753906,200.41000366210938
2016-05-11,146700,202.0,197.72000122070312,203.38999938964844,197.42999267578125,197.72000122070312
2016-05-10,214700,198.0800018310547,202.77000427246094,203.0399932861328,197.0,202.77000427246094
2016-05-09,119100,195.2899932861328,197.0800018310547,198.85000610351562,194.99000549316406,197.0800018310547
2016-05-06,76600,192.5800018310547,195.8300018310547,196.02999877929688,190.44000244140625,195.8300018310547
2016-05-05,211600,195.66000366210938,193.3300018310547,196.22999572753906,193.00999450683594,193.3300018310547
2016-05-04,208800,193.6300048828125,194.80999755859375,195.58999633789062,191.57000732421875,194.80999755859375
2016-05-03,207100,197.7899932861328,195.1999969482422,199.10000610351562,194.91000366210938,195.1999969482422
2016-05-02,218700,198.38999938964844,198.8800048828125,200.85000610351562,196.32000732421875,198.8800048828125
2016-04-29,300200,195.47999572753906,197.30999755859375,198.91000366210938,191.07000732421875,197.30999755859375
2016-04-28,586100,191.60000610351562,194.47999572753906,200.75,191.60000610351562,194.47999572753906
2016-04-27,337800,182.39999389648438,179.5,183.60000610351562,175.4499969482422,179.5
2016-04-26,132800,182.85000610351562,182.99000549316406,185.08999633789062,181.47000122070312,182.99000549316406
2016-04-25,110200,184.27999877929688,183.27999877929688,184.75,182.02000427246094,183.27999877929688
2016-04-22,112600,182.1699981689453,184.36000061035156,184.5,181.1300048828125,184.36000061035156
2016-04-21,122700,182.94000244140625,182.86000061035156,184.77999877929688,182.14999389648438,182.86000061035156
2016-04-20,124100,183.47000122070312,183.42999267578125,184.80999755859375,181.82000732421875,183.42999267578125
2016-04-19,159100,184.0500030517578,183.97000122070312,185.14999389648438,182.47999572753906,183.97000122070312
2016-04-18,214600,180.07000732421875,183.17999267578125,184.1999969482422,180.07000732421875,183.17999267578125
2016-04-15,135000,179.4600067138672,181.33999633789062,181.7100067138672,177.52999877929688,181.33999633789062
2016-04-14,150900,181.5399932861328,179.7899932861328,183.6999969482422,177.5500030517578,179.7899932861328
2016-04-13,171000,178.25999450683594,181.5,181.8000030517578,178.25999450683594,181.5
2016-04-12,194500,176.6999969482422,177.3000030517578,178.83999633789062,174.49000549316406,177.3000030517578
2016-04-11,273900,180.8000030517578,176.85000610351562,183.3699951171875,176.85000610351562,176.85000610351562
2016-04-08,253400,181.5,180.0800018310547,181.5,179.36000061035156,180.0800018310547
2016-04-07,144300,185.0500030517578,180.02999877929688,185.36000061035156,179.5500030517578,180.02999877929688
2016-04-06,234400,181.74000549316406,186.07000732421875,188.97000122070312,178.63999938964844,186.07000732421875
2016-04-05,189100,183.1999969482422,181.30999755859375,184.42999267578125,179.52999877929688,181.30999755859375
2016-04-04,99600,186.74000549316406,184.92999267578125,188.64999389648438,183.60000610351562,184.92999267578125
2016-04-01,206600,187.02999877929688,186.49000549316406,187.02999877929688,182.3000030517578,186.49000549316406
2016-03-31,234500,186.30999755859375,188.1699981689453,191.24000549316406,185.05999755859375,188.1699981689453
2016-03-30,175800,187.11000061035156,186.50999450683594,188.89999389648438,185.5500030517578,186.50999450683594
2016-03-29,137800,183.52000427246094,186.24000549316406,187.52999877929688,182.22000122070312,186.24000549316406
2016-03-28,131800,183.1999969482422,183.9600067138672,186.3000030517578,180.72000122070312,183.9600067138672
2016-03-24,116500,182.1999969482422,183.22000122070312,183.33999633789062,180.60000610351562,183.22000122070312
2016-03-23,190900,189.25999450683594,183.1999969482422,191.30999755859375,182.9199981689453,183.1999969482422
2016-03-22,190600,188.16000366210938,189.75999450683594,191.1199951171875,188.16000366210938,189.75999450683594
2016-03-21,154900,186.4499969482422,189.1999969482422,190.1699981689453,184.72999572753906,189.1999969482422
2016-03-18,316700,186.85000610351562,186.5,191.14999389648438,184.72999572753906,186.5
2016-03-17,155800,183.5500030517578,185.8300018310547,187.9199981689453,182.89999389648438,185.8300018310547
2016-03-16,151100,176.5399932861328,184.10000610351562,184.9499969482422,174.35000610351562,184.10000610351562
2016-03-15,184100,181.2100067138672,177.36000061035156,181.61000061035156,177.2100067138672,177.36000061035156
2016-03-14,109500,182.9499969482422,182.49000549316406,185.0,178.2899932861328,182.49000549316406
2016-03-11,160300,179.16000366210938,182.75,183.7100067138672,178.60000610351562,182.75
2016-03-10,203200,179.8300018310547,177.66000366210938,182.83999633789062,175.6699981689453,177.66000366210938
2016-03-09,139400,179.0500030517578,179.30999755859375,180.66000366210938,175.60000610351562,179.30999755859375
2016-03-08,152200,183.25999450683594,177.64999389648438,184.55999755859375,177.05999755859375,177.64999389648438
2016-03-07,196300,182.75999450683594,184.67999267578125,186.6999969482422,181.4499969482422,184.67999267578125
2016-03-04,173600,181.47000122070312,183.25,185.94000244140625,177.6999969482422,183.25
2016-03-03,151800,179.72999572753906,181.30999755859375,181.50999450683594,178.82000732421875,181.30999755859375
2016-03-02,215800,178.66000366210938,179.2899932861328,179.74000549316406,172.67999267578125,179.2899932861328
2016-03-01,186900,178.5500030517578,179.1999969482422,180.27000427246094,175.8000030517578,179.1999969482422
2016-02-29,211000,179.5399932861328,177.05999755859375,180.77999877929688,176.6999969482422,177.05999755859375
2016-02-26,274100,172.00999450683594,179.24000549316406,179.77999877929688,170.85000610351562,179.24000549316406
2016-02-25,527700,173.42999267578125,171.16000366210938,182.3800048828125,161.66000366210938,171.16000366210938
2016-02-24,211200,170.80999755859375,172.8800048828125,174.94000244140625,167.55999755859375,172.8800048828125
2016-02-23,185800,171.24000549316406,172.8000030517578,174.5800018310547,168.80999755859375,172.8000030517578
2016-02-22,152000,173.3300018310547,172.3000030517578,176.97999572753906,170.85000610351562,172.3000030517578
2016-02-19,161900,167.5500030517578,171.61000061035156,173.33999633789062,167.44000244140625,171.61000061035156
2016-02-18,227300,170.16000366210938,168.19000244140625,173.6300048828125,166.00999450683594,168.19000244140625
2016-02-17,270600,163.77999877929688,170.08999633789062,172.02000427246094,163.57000732421875,170.08999633789062
2016-02-16,217300,160.60000610351562,162.47000122070312,163.1300048828125,158.10000610351562,162.47000122070312
2016-02-12,174700,157.22999572753906,157.7100067138672,160.0800018310547,154.2100067138672,157.7100067138672
2016-02-11,142700,154.77000427246094,155.41000366210938,156.94000244140625,152.5500030517578,155.41000366210938
2016-02-10,238600,155.3699951171875,157.02999877929688,158.57000732421875,153.99000549316406,157.02999877929688
2016-02-09,338800,147.0800018310547,154.00999450683594,156.94000244140625,146.52999877929688,154.00999450683594
2016-02-08,376100,160.1999969482422,148.89999389648438,160.1999969482422,146.80999755859375,148.89999389648438
2016-02-05,311100,171.38999938964844,163.27999877929688,173.1999969482422,162.49000549316406,163.27999877929688
2016-02-04,196400,166.3300018310547,172.38999938964844,173.13999938964844,165.6199951171875,172.38999938964844
2016-02-03,214400,170.57000732421875,167.10000610351562,171.5,164.16000366210938,167.10000610351562
2016-02-02,222900,175.52999877929688,169.11000061035156,175.52999877929688,168.61000061035156,169.11000061035156
2016-02-01,106600,174.07000732421875,177.25999450683594,178.6300048828125,174.07000732421875,177.25999450683594
2016-01-29,169800,171.17999267578125,175.3699951171875,175.64999389648438,171.17999267578125,175.3699951171875
2016-01-28,212300,172.6699981689453,170.39999389648438,172.6699981689453,168.32000732421875,170.39999389648438
2016-01-27,189900,170.5399932861328,170.10000610351562,173.4600067138672,169.42999267578125,170.10000610351562
2016-01-26,212600,171.4600067138672,170.69000244140625,171.83999633789062,164.9199981689453,170.69000244140625
2016-01-25,179700,177.80999755859375,170.97000122070312,181.94000244140625,169.99000549316406,170.97000122070312
2016-01-22,161600,177.97999572753906,178.33999633789062,180.14999389648438,177.3699951171875,178.33999633789062
2016-01-21,195900,175.22999572753906,176.17999267578125,177.6699981689453,174.77999877929688,176.17999267578125
2016-01-20,180900,174.1300048828125,174.22000122070312,176.17999267578125,165.66000366210938,174.22000122070312
2016-01-19,184600,180.0500030517578,177.52000427246094,180.0500030517578,174.82000732421875,177.52000427246094
2016-01-15,129400,177.75999450683594,178.1999969482422,182.99000549316406,176.27000427246094,178.1999969482422
2016-01-14,95300,179.35000610351562,183.49000549316406,185.67999267578125,178.44000244140625,183.49000549316406
2016-01-13,215700,187.3000030517578,180.22999572753906,190.91000366210938,180.10000610351562,180.22999572753906
2016-01-12,177900,181.72999572753906,185.27000427246094,186.30999755859375,181.67999267578125,185.27000427246094
2016-01-11,313400,182.64999389648438,180.1199951171875,183.55999755859375,176.64999389648438,180.1199951171875
2016-01-08,262800,184.42999267578125,182.1199951171875,187.5,180.85000610351562,182.1199951171875
2016-01-07,379000,191.3800048828125,184.2899932861328,192.6999969482422,182.89999389648438,184.2899932861328
2016-01-06,242500,195.83999633789062,194.8699951171875,198.7899932861328,193.75,194.8699951171875
2016-01-05,197100,198.16000366210938,199.72999572753906,201.22000122070312,195.33999633789062,199.72999572753906
2016-01-04,315000,203.32000732421875,197.5399932861328,204.97999572753906,196.5399932861328,197.5399932861328
2015-12-31,227200,206.8000030517578,206.69000244140625,210.0,204.61000061035156,206.69000244140625
2015-12-30,72400,210.9199981689453,207.44000244140625,213.10000610351562,207.0500030517578,207.44000244140625
2015-12-29,138400,210.22999572753906,210.4199981689453,213.50999450683594,208.97999572753906,210.4199981689453
2015-12-28,77100,207.6199951171875,209.57000732421875,209.97000122070312,207.44000244140625,209.57000732421875
2015-12-24,76300,203.02000427246094,207.72999572753906,209.16000366210938,202.74000549316406,207.72999572753906
2015-12-23,226200,203.1699981689453,202.6199951171875,204.89999389648438,200.9600067138672,202.6199951171875
2015-12-22,147600,202.0800018310547,201.74000549316406,206.25999450683594,196.5800018310547,201.74000549316406
2015-12-21,241500,205.3000030517578,204.3699951171875,207.42999267578125,202.86000061035156,204.3699951171875
2015-12-18,208800,205.82000732421875,203.6699981689453,208.11000061035156,202.72999572753906,203.6699981689453
2015-12-17,244100,208.0,205.82000732421875,209.8000030517578,204.91000366210938,205.82000732421875
2015-12-16,189900,203.6699981689453,207.97999572753906,208.77000427246094,202.3000030517578,207.97999572753906
2015-12-15,163900,204.85000610351562,202.75,208.17999267578125,202.36000061035156,202.75
2015-12-14,97000,202.86000061035156,203.58999633789062,205.27999877929688,200.38999938964844,203.58999633789062
2015-12-11,112200,205.2100067138672,202.5500030517578,206.77000427246094,201.92999267578125,202.5500030517578
2015-12-10,171200,205.41000366210938,207.5800018310547,208.92999267578125,203.7899932861328,207.5800018310547
2015-12-09,148600,205.41000366210938,206.3000030517578,209.22000122070312,205.22000122070312,206.3000030517578
2015-12-08,94400,204.88999938964844,206.5500030517578,208.10000610351562,203.6199951171875,206.5500030517578
2015-12-07,173800,208.30999755859375,206.80999755859375,209.8800048828125,205.9600067138672,206.80999755859375
2015-12-04,80400,204.4600067138672,209.0500030517578,209.0500030517578,203.67999267578125,209.0500030517578
2015-12-03,100400,209.39999389648438,204.75999450683594,209.39999389648438,202.86000061035156,204.75999450683594
2015-12-02,85400,210.14999389648438,208.24000549316406,211.16000366210938,208.02000427246094,208.24000549316406
2015-12-01,198400,209.5500030517578,209.4199981689453,211.3300018310547,208.17999267578125,209.4199981689453
2015-11-30,107300,209.49000549316406,209.24000549316406,210.25999450683594,207.19000244140625,209.24000549316406
2015-11-27,13900,209.66000366210938,210.0,211.0399932861328,208.4600067138672,210.0
2015-11-25,109900,210.0,208.94000244140625,211.75,208.72999572753906,208.94000244140625
2015-11-24,235000,205.0,209.5399932861328,209.92999267578125,203.69000244140625,209.5399932861328
2015-11-23,194000,204.0,205.27000427246094,205.52999877929688,203.27000427246094,205.27000427246094
2015-11-20,142000,205.42999267578125,204.5500030517578,205.49000549316406,203.3000030517578,204.5500030517578
2015-11-19,195900,209.27000427246094,205.0,209.27000427246094,204.72999572753906,205.0
2015-11-18,201700,202.75,207.88999938964844,209.42999267578125,202.38999938964844,207.88999938964844
2015-11-17,70300,201.8000030517578,202.49000549316406,203.99000549316406,200.4600067138672,202.49000549316406
2015-11-16,72400,198.72000122070312,201.61000061035156,203.05999755859375,198.72000122070312,201.61000061035156
2015-11-13,107300,202.77000427246094,199.82000732421875,203.2100067138672,199.33999633789062,199.82000732421875
2015-11-12,117600,203.88999938964844,204.1699981689453,206.67999267578125,203.14999389648438,204.1699981689453
2015-11-11,159100,205.08999633789062,204.6699981689453,206.3300018310547,202.6199951171875,204.6699981689453
2015-11-10,104900,202.8800048828125,204.33999633789062,204.52999877929688,200.27999877929688,204.33999633789062
2015-11-09,112800,203.4499969482422,203.55999755859375,204.0399932861328,200.16000366210938,203.55999755859375
2015-11-06,121700,202.80999755859375,204.08999633789062,204.91000366210938,202.27000427246094,204.08999633789062
2015-11-05,127600,203.77000427246094,204.5,205.08999633789062,200.74000549316406,204.5
2015-11-04,165700,202.22000122070312,203.52000427246094,204.16000366210938,200.14999389648438,203.52000427246094
2015-11-03,226900,202.97000122070312,201.22000122070312,203.75,200.7100067138672,201.22000122070312
2015-11-02,134700,204.02999877929688,203.7100067138672,206.9199981689453,201.99000549316406,203.7100067138672
2015-10-30,208300,201.97000122070312,203.07000732421875,205.72000122070312,201.97000122070312,203.07000732421875
2015-10-29,304300,192.3000030517578,202.67999267578125,204.1199951171875,190.1199951171875,202.67999267578125
2015-10-28,287600,190.72999572753906,192.27000427246094,193.57000732421875,189.99000549316406,192.27000427246094
2015-10-27,145300,190.66000366210938,191.17999267578125,192.39999389648438,189.61000061035156,191.17999267578125
2015-10-26,252700,191.07000732421875,190.60000610351562,193.00999450683594,189.19000244140625,190.60000610351562
2015-10-23,120700,188.92999267578125,190.8699951171875,191.97999572753906,187.17999267578125,190.8699951171875
2015-10-22,99600,184.24000549316406,186.7100067138672,188.69000244140625,183.52000427246094,186.7100067138672
2015-10-21,149300,183.74000549316406,182.4499969482422,184.9199981689453,180.55999755859375,182.4499969482422
2015-10-20,91400,185.8000030517578,183.1199951171875,186.50999450683594,181.52000427246094,183.1199951171875
2015-10-19,131900,184.0500030517578,185.85000610351562,186.3699951171875,183.0800018310547,185.85000610351562
2015-10-16,83600,185.1699981689453,184.80999755859375,185.8300018310547,183.27000427246094,184.80999755859375
2015-10-15,100800,183.52000427246094,185.5,185.6300048828125,181.4199981689453,185.5
2015-10-14,116400,184.64999389648438,182.52000427246094,186.0800018310547,181.86000061035156,182.52000427246094
2015-10-13,151100,186.6999969482422,184.5399932861328,192.75,183.97000122070312,184.5399932861328
2015-10-12,151600,187.58999633789062,187.57000732421875,189.42999267578125,186.07000732421875,187.57000732421875
2015-10-09,118200,188.83999633789062,187.69000244140625,190.74000549316406,186.2100067138672,187.69000244140625
2015-10-08,152700,185.2899932861328,188.6300048828125,189.4199981689453,185.2899932861328,188.6300048828125
2015-10-07,169500,183.11000061035156,185.72000122070312,186.05999755859375,181.8699951171875,185.72000122070312
2015-10-06,347300,180.3800048828125,181.80999755859375,183.00999450683594,178.7100067138672,181.80999755859375
2015-10-05,160500,176.4499969482422,179.72999572753906,180.10000610351562,175.5800018310547,179.72999572753906
2015-10-02,108100,168.1699981689453,175.24000549316406,175.27999877929688,168.1699981689453,175.24000549316406
2015-10-01,174800,174.08999633789062,170.07000732421875,174.08999633789062,167.97999572753906,170.07000732421875
2015-09-30,294800,165.86000061035156,173.05999755859375,174.58999633789062,165.86000061035156,173.05999755859375
2015-09-29,285700,166.33999633789062,164.52999877929688,167.57000732421875,163.49000549316406,164.52999877929688
2015-09-28,316300,170.6199951171875,166.25999450683594,172.07000732421875,164.5,166.25999450683594
2015-09-25,213800,173.66000366210938,171.24000549316406,173.99000549316406,169.2100067138672,171.24000549316406
2015-09-24,216800,173.02999877929688,171.77000427246094,176.69000244140625,170.13999938964844,171.77000427246094
2015-09-23,201900,176.1300048828125,174.92999267578125,177.10000610351562,172.3699951171875,174.92999267578125
2015-09-22,188400,175.94000244140625,175.8800048828125,178.52999877929688,174.13999938964844,175.8800048828125
2015-09-21,189400,177.8000030517578,178.55999755859375,181.5399932861328,177.02000427246094,178.55999755859375
2015-09-18,281900,178.99000549316406,176.66000366210938,179.41000366210938,173.16000366210938,176.66000366210938
2015-09-17,128000,180.02999877929688,181.00999450683594,182.52000427246094,178.39999389648438,181.00999450683594
2015-09-16,136400,180.0,179.94000244140625,182.10000610351562,178.94000244140625,179.94000244140625
2015-09-15,79300,177.14999389648438,179.61000061035156,180.0,176.94000244140625,179.61000061035156
2015-09-14,113300,179.42999267578125,177.1300048828125,179.42999267578125,175.60000610351562,177.1300048828125
2015-09-11,104000,175.0399932861328,179.24000549316406,179.57000732421875,175.0399932861328,179.24000549316406
2015-09-10,128300,177.1999969482422,177.97999572753906,179.44000244140625,177.00999450683594,177.97999572753906
2015-09-09,109400,181.2899932861328,177.38999938964844,182.7899932861328,176.7899932861328,177.38999938964844
2015-09-08,147200,177.6699981689453,179.42999267578125,180.47000122070312,175.66000366210938,179.42999267578125
2015-09-04,104000,176.0800018310547,174.8000030517578,176.99000549316406,173.97000122070312,174.8000030517578
2015-09-03,154400,175.1199951171875,178.17999267578125,178.44000244140625,174.42999267578125,178.17999267578125
2015-09-02,169600,172.75,174.5800018310547,174.66000366210938,170.69000244140625,174.5800018310547
2015-09-01,205000,173.8300018310547,171.3800048828125,176.60000610351562,170.11000061035156,171.3800048828125
2015-08-31,194400,180.25999450683594,177.0399932861328,181.63999938964844,175.77999877929688,177.0399932861328
2015-08-28,124700,178.9199981689453,181.3800048828125,182.02999877929688,178.13999938964844,181.3800048828125
2015-08-27,146500,177.11000061035156,179.41000366210938,180.80999755859375,175.83999633789062,179.41000366210938
2015-08-26,215400,175.3699951171875,175.24000549316406,175.63999938964844,167.44000244140625,175.24000549316406
2015-08-25,216300,174.6699981689453,170.74000549316406,178.10000610351562,170.36000061035156,170.74000549316406
2015-08-24,353500,171.22000122070312,170.0,176.47000122070312,169.69000244140625,170.0
2015-08-21,124500,186.02999877929688,181.61000061035156,186.9600067138672,180.3699951171875,181.61000061035156
2015-08-20,136100,191.0,188.10000610351562,191.0,187.97000122070312,188.10000610351562
2015-08-19,170200,193.13999938964844,192.13999938964844,193.13999938964844,190.0,192.13999938964844
2015-08-18,92900,195.77000427246094,193.67999267578125,196.22000122070312,193.52999877929688,193.67999267578125
2015-08-17,96900,194.6999969482422,196.16000366210938,196.17999267578125,193.6199951171875,196.16000366210938
2015-08-14,105300,195.39999389648438,195.5800018310547,196.7100067138672,193.3699951171875,195.5800018310547
2015-08-13,142100,195.3000030517578,195.4600067138672,196.63999938964844,192.47000122070312,195.4600067138672
2015-08-12,107600,197.10000610351562,196.50999450683594,198.5500030517578,191.63999938964844,196.50999450683594
2015-08-11,134200,199.7899932861328,198.55999755859375,200.0399932861328,195.5,198.55999755859375
2015-08-10,117500,197.92999267578125,200.27999877929688,200.4600067138672,196.3800048828125,200.27999877929688
2015-08-07,155300,194.10000610351562,196.91000366210938,197.3300018310547,193.33999633789062,196.91000366210938
2015-08-06,151300,198.5500030517578,194.5500030517578,198.6300048828125,193.8300018310547,194.5500030517578
2015-08-05,150000,196.49000549316406,197.9499969482422,201.57000732421875,196.49000549316406,197.9499969482422
2015-08-04,168200,197.27000427246094,195.8699951171875,198.77000427246094,194.4499969482422,195.8699951171875
2015-08-03,279700,201.19000244140625,197.27000427246094,203.1300048828125,191.4499969482422,197.27000427246094
2015-07-31,274500,207.6999969482422,201.2899932861328,208.0,200.82000732421875,201.2899932861328
2015-07-30,251000,213.94000244140625,207.49000549316406,215.0,206.1300048828125,207.49000549316406
2015-07-29,120800,210.36000061035156,212.85000610351562,214.02999877929688,209.22000122070312,212.85000610351562
2015-07-28,154500,210.52000427246094,211.36000061035156,212.0500030517578,207.0399932861328,211.36000061035156
2015-07-27,138400,212.80999755859375,209.52000427246094,214.74000549316406,208.14999389648438,209.52000427246094
2015-07-24,110500,214.67999267578125,214.8300018310547,216.80999755859375,213.8000030517578,214.8300018310547
2015-07-23,69800,213.77999877929688,214.0,217.05999755859375,212.74000549316406,214.0
2015-07-22,154000,216.67999267578125,213.75999450683594,219.82000732421875,213.2899932861328,213.75999450683594
2015-07-21,328600,217.5,218.42999267578125,223.49000549316406,216.66000366210938,218.42999267578125
2015-07-20,136100,216.89999389648438,217.0500030517578,217.80999755859375,214.25999450683594,217.0500030517578
2015-07-17,156300,215.25,216.4499969482422,217.22999572753906,214.0399932861328,216.4499969482422
2015-07-16,135600,210.85000610351562,215.22999572753906,215.57000732421875,209.6699981689453,215.22999572753906
2015-07-15,132600,206.69000244140625,210.41000366210938,210.57000732421875,205.64999389648438,210.41000366210938
2015-07-14,210000,207.91000366210938,206.11000061035156,210.27999877929688,199.92999267578125,206.11000061035156
2015-07-13,164500,209.1300048828125,207.88999938964844,210.74000549316406,207.11000061035156,207.88999938964844
2015-07-10,146700,206.72000122070312,208.1199951171875,209.0,204.4499969482422,208.1199951171875
2015-07-09,140400,202.52000427246094,203.77000427246094,205.36000061035156,201.9499969482422,203.77000427246094
2015-07-08,185200,202.44000244140625,200.36000061035156,204.41000366210938,199.75,200.36000061035156
2015-07-07,162400,202.60000610351562,204.4600067138672,204.49000549316406,198.89999389648438,204.4600067138672
2015-07-06,150900,201.89999389648438,202.8000030517578,205.1999969482422,198.47000122070312,202.8000030517578
2015-07-02,140400,201.2899932861328,202.4600067138672,203.0399932861328,199.4199981689453,202.4600067138672
2015-07-01,136700,203.27000427246094,201.30999755859375,203.27000427246094,197.17999267578125,201.30999755859375
2015-06-30,307300,202.47000122070312,201.25999450683594,202.67999267578125,199.7100067138672,201.25999450683594
2015-06-29,165400,204.27000427246094,201.52000427246094,205.1199951171875,200.7100067138672,201.52000427246094
2015-06-26,282700,206.86000061035156,206.05999755859375,208.08999633789062,203.4499969482422,206.05999755859375
2015-06-25,154000,203.5800018310547,206.33999633789062,207.3000030517578,202.52000427246094,206.33999633789062
2015-06-24,136000,205.33999633789062,203.50999450683594,206.89999389648438,202.3699951171875,203.50999450683594
2015-06-23,126000,208.83999633789062,205.8000030517578,208.83999633789062,205.0500030517578,205.8000030517578
2015-06-22,104500,208.5,208.32000732421875,209.27000427246094,207.02000427246094,208.32000732421875
2015-06-19,96000,209.52000427246094,206.99000549316406,209.52000427246094,205.9600067138672,206.99000549316406
2015-06-18,150200,206.74000549316406,208.39999389648438,209.22000122070312,205.3800048828125,208.39999389648438
2015-06-17,81700,207.42999267578125,206.3000030517578,209.0800018310547,205.14999389648438,206.3000030517578
2015-06-16,189400,204.63999938964844,207.27000427246094,208.66000366210938,203.8000030517578,207.27000427246094
2015-06-15,189100,205.22000122070312,204.88999938964844,206.5500030517578,203.02000427246094,204.88999938964844
2015-06-12,187000,203.14999389648438,206.33999633789062,206.97000122070312,202.52000427246094,206.33999633789062
2015-06-11,149500,206.5,204.17999267578125,208.94000244140625,203.24000549316406,204.17999267578125
2015-06-10,215900,202.30999755859375,205.75,207.1999969482422,201.9499969482422,205.75
2015-06-09,190900,204.94000244140625,201.30999755859375,206.64999389648438,199.35000610351562,201.30999755859375
2015-06-08,241100,210.67999267578125,205.85000610351562,213.55999755859375,204.60000610351562,205.85000610351562
2015-06-05,241300,205.27999877929688,210.14999389648438,211.0,204.60000610351562,210.14999389648438
2015-06-04,173200,207.0,205.8300018310547,208.4600067138672,204.55999755859375,205.8300018310547
2015-06-03,143500,205.02999877929688,207.69000244140625,208.97000122070312,204.11000061035156,207.69000244140625
2015-06-02,278000,205.94000244140625,205.9600067138672,208.39999389648438,205.1199951171875,205.9600067138672
2015-06-01,137900,209.2899932861328,206.58999633789062,210.0399932861328,205.74000549316406,206.58999633789062
2015-05-29,121200,211.47000122070312,208.91000366210938,211.75999450683594,207.75999450683594,208.91000366210938
2015-05-28,77600,210.0,211.97999572753906,212.49000549316406,207.7899932861328,211.97999572753906
2015-05-27,253400,208.8000030517578,210.4499969482422,211.0800018310547,207.13999938964844,210.4499969482422
2015-05-26,156800,209.4499969482422,208.3800048828125,209.97999572753906,205.9499969482422,208.3800048828125
2015-05-22,108100,210.9600067138672,209.6300048828125,212.77999877929688,209.36000061035156,209.6300048828125
2015-05-21,210600,209.25999450683594,212.47000122070312,214.97999572753906,208.25999450683594,212.47000122070312
2015-05-20,240300,214.75,210.2899932861328,215.00999450683594,209.66000366210938,210.2899932861328
2015-05-19,347500,213.0,214.1999969482422,216.6699981689453,211.75,214.1999969482422
2015-05-18,135100,211.8000030517578,213.1300048828125,213.6300048828125,209.6199951171875,213.1300048828125
2015-05-15,321500,208.83999633789062,211.66000366210938,212.77000427246094,207.02999877929688,211.66000366210938
2015-05-14,94400,206.57000732421875,209.64999389648438,209.88999938964844,203.82000732421875,209.64999389648438
2015-05-13,121300,207.5,205.17999267578125,207.5,203.9199981689453,205.17999267578125
2015-05-12,227400,201.86000061035156,205.97000122070312,206.30999755859375,201.3000030517578,205.97000122070312
2015-05-11,108600,201.8800048828125,203.33999633789062,205.41000366210938,200.42999267578125,203.33999633789062
2015-05-08,127900,200.8300018310547,202.4600067138672,203.9199981689453,198.6699981689453,202.4600067138672
2015-05-07,156300,196.64999389648438,198.52999877929688,201.52000427246094,196.64999389648438,198.52999877929688
2015-05-06,144400,199.9499969482422,197.67999267578125,200.74000549316406,196.22000122070312,197.67999267578125
2015-05-05,188000,201.1999969482422,199.27000427246094,203.38999938964844,198.5399932861328,199.27000427246094
2015-05-04,186900,204.83999633789062,202.44000244140625,204.92999267578125,201.58999633789062,202.44000244140625
2015-05-01,183400,207.1300048828125,204.47000122070312,207.97999572753906,200.74000549316406,204.47000122070312
2015-04-30,312900,210.0,204.42999267578125,213.57000732421875,193.22000122070312,204.42999267578125
2015-04-29,233300,198.69000244140625,200.0,203.74000549316406,198.69000244140625,200.0
2015-04-28,144200,199.1199951171875,200.19000244140625,202.5800018310547,198.4600067138672,200.19000244140625
2015-04-27,159900,200.60000610351562,200.11000061035156,202.63999938964844,199.4499969482422,200.11000061035156
2015-04-24,171000,201.9600067138672,199.49000549316406,203.02999877929688,198.72000122070312,199.49000549316406
2015-04-23,73400,197.8699951171875,200.72000122070312,202.4199981689453,196.32000732421875,200.72000122070312
2015-04-22,59800,200.0,198.86000061035156,200.0,197.25,198.86000061035156
2015-04-21,79300,197.57000732421875,199.42999267578125,199.8300018310547,197.52999877929688,199.42999267578125
2015-04-20,166200,194.9199981689453,196.99000549316406,197.7899932861328,194.5,196.99000549316406
2015-04-17,88500,194.07000732421875,193.36000061035156,196.02999877929688,192.2899932861328,193.36000061035156
2015-04-16,79100,195.25999450683594,196.1999969482422,197.9600067138672,193.9199981689453,196.1999969482422
2015-04-15,120200,198.0500030517578,195.4499969482422,199.63999938964844,195.35000610351562,195.4499969482422
2015-04-14,81400,199.58999633789062,197.63999938964844,199.58999633789062,195.85000610351562,197.63999938964844
2015-04-13,264100,207.50999450683594,199.58999633789062,207.8800048828125,198.88999938964844,199.58999633789062
2015-04-10,257400,200.3300018310547,207.36000061035156,207.50999450683594,200.3300018310547,207.36000061035156
2015-04-09,194200,196.99000549316406,200.32000732421875,200.8800048828125,194.86000061035156,200.32000732421875
2015-04-08,274300,197.4499969482422,196.77999877929688,198.67999267578125,193.4199981689453,196.77999877929688
2015-04-07,193300,199.57000732421875,197.0800018310547,202.5,196.72000122070312,197.0800018310547
2015-04-06,197800,198.57000732421875,200.05999755859375,200.94000244140625,197.0,200.05999755859375
2015-04-02,107000,197.66000366210938,198.2899932861328,199.8300018310547,196.5500030517578,198.2899932861328
2015-04-01,162000,197.8300018310547,197.66000366210938,198.07000732421875,195.2899932861328,197.66000366210938
2015-03-31,208600,197.0500030517578,197.8300018310547,199.11000061035156,195.67999267578125,197.8300018310547
2015-03-30,181200,193.33999633789062,197.64999389648438,198.72999572753906,193.27999877929688,197.64999389648438
2015-03-27,136600,188.67999267578125,192.05999755859375,193.94000244140625,187.72999572753906,192.05999755859375
2015-03-26,125800,187.55999755859375,189.13999938964844,190.22999572753906,186.10000610351562,189.13999938964844
2015-03-25,209700,195.8300018310547,188.05999755859375,195.8699951171875,187.80999755859375,188.05999755859375
2015-03-24,130700,200.97999572753906,195.36000061035156,200.97999572753906,194.42999267578125,195.36000061035156
2015-03-23,453000,197.10000610351562,200.6199951171875,201.25,194.60000610351562,200.6199951171875
2015-03-20,161800,201.02999877929688,196.77999877929688,201.88999938964844,195.27000427246094,196.77999877929688
2015-03-19,183400,195.6699981689453,197.66000366210938,198.5800018310547,194.50999450683594,197.66000366210938
2015-03-18,223100,194.3300018310547,195.86000061035156,198.2899932861328,193.5500030517578,195.86000061035156
2015-03-17,92800,194.41000366210938,194.94000244140625,196.63999938964844,193.5,194.94000244140625
2015-03-16,117600,192.8699951171875,195.50999450683594,195.9199981689453,191.88999938964844,195.50999450683594
2015-03-13,163700,192.5,191.91000366210938,193.13999938964844,189.6300048828125,191.91000366210938
2015-03-12,120500,191.74000549316406,192.66000366210938,193.19000244140625,190.9199981689453,192.66000366210938
2015-03-11,178700,190.82000732421875,191.02999877929688,192.88999938964844,187.99000549316406,191.02999877929688
2015-03-10,153800,190.75999450683594,190.9199981689453,193.1199951171875,188.25999450683594,190.9199981689453
2015-03-09,217200,192.0,192.47000122070312,193.3800048828125,189.9199981689453,192.47000122070312
2015-03-06,166400,193.10000610351562,192.13999938964844,194.3000030517578,190.61000061035156,192.13999938964844
2015-03-05,188800,194.33999633789062,193.69000244140625,195.89999389648438,192.30999755859375,193.69000244140625
2015-03-04,163300,197.13999938964844,194.61000061035156,197.7899932861328,194.3000030517578,194.61000061035156
2015-03-03,372700,198.9499969482422,198.13999938964844,198.9499969482422,195.89999389648438,198.13999938964844
2015-03-02,293600,195.89999389648438,198.8699951171875,199.0,195.60000610351562,198.8699951171875
2015-02-27,296500,196.72000122070312,199.16000366210938,199.35000610351562,194.58999633789062,199.16000366210938
2015-02-26,300400,184.0,195.85000610351562,196.2100067138672,182.67999267578125,195.85000610351562
2015-02-25,198400,186.1999969482422,191.75999450683594,191.83999633789062,185.47999572753906,191.75999450683594
2015-02-24,270500,187.94000244140625,186.85000610351562,188.5500030517578,185.25999450683594,186.85000610351562
2015-02-23,130700,190.16000366210938,189.25,191.4199981689453,188.11000061035156,189.25
2015-02-20,178100,187.44000244140625,191.24000549316406,191.66000366210938,186.25,191.24000549316406
2015-02-19,258700,183.6699981689453,188.24000549316406,188.3000030517578,182.72999572753906,188.24000549316406
2015-02-18,256400,186.75,185.22999572753906,188.32000732421875,184.44000244140625,185.22999572753906
2015-02-17,1223300,200.52999877929688,187.89999389648438,200.52999877929688,183.41000366210938,187.89999389648438
2015-02-13,130200,199.72000122070312,200.5399932861328,200.99000549316406,198.77999877929688,200.5399932861328
2015-02-12,90600,197.60000610351562,199.97000122070312,200.49000549316406,196.3300018310547,199.97000122070312
2015-02-11,93200,192.4199981689453,195.75999450683594,196.0500030517578,192.4199981689453,195.75999450683594
2015-02-10,68600,192.07000732421875,193.0399932861328,193.64999389648438,191.07000732421875,193.0399932861328
2015-02-09,135900,190.75999450683594,190.8800048828125,192.0,189.5399932861328,190.8800048828125
2015-02-06,189700,194.92999267578125,192.02000427246094,195.0,191.74000549316406,192.02000427246094
2015-02-05,106000,191.86000061035156,195.05999755859375,195.1699981689453,191.38999938964844,195.05999755859375
2015-02-04,103100,189.89999389648438,190.72999572753906,191.52999877929688,188.88999938964844,190.72999572753906
2015-02-03,133200,188.92999267578125,191.30999755859375,191.38999938964844,187.6300048828125,191.30999755859375
2015-02-02,149100,184.88999938964844,186.7100067138672,187.02999877929688,182.2100067138672,186.7100067138672
2015-01-30,153000,184.8300018310547,184.50999450683594,187.3300018310547,183.3000030517578,184.50999450683594
2015-01-29,134400,184.60000610351562,185.77999877929688,185.92999267578125,182.64999389648438,185.77999877929688
2015-01-28,204100,187.47000122070312,184.4199981689453,187.52999877929688,183.75999450683594,184.4199981689453
2015-01-27,153800,184.50999450683594,186.00999450683594,187.30999755859375,182.08999633789062,186.00999450683594
2015-01-26,308000,188.6199951171875,187.27999877929688,188.6199951171875,184.74000549316406,187.27999877929688
2015-01-23,181700,182.05999755859375,188.0500030517578,188.66000366210938,182.0,188.0500030517578
2015-01-22,185100,177.8699951171875,182.22999572753906,182.92999267578125,177.17999267578125,182.22999572753906
2015-01-21,191000,175.52000427246094,177.1300048828125,177.3300018310547,175.14999389648438,177.1300048828125
2015-01-20,136600,174.88999938964844,175.86000061035156,177.42999267578125,172.0500030517578,175.86000061035156
2015-01-16,119200,169.02999877929688,174.88999938964844,175.2100067138672,168.75999450683594,174.88999938964844
2015-01-15,124600,175.07000732421875,169.9499969482422,176.4499969482422,169.36000061035156,169.9499969482422
2015-01-14,135100,172.57000732421875,174.42999267578125,176.69000244140625,172.57000732421875,174.42999267578125
2015-01-13,130800,178.24000549316406,175.22999572753906,180.5399932861328,172.8800048828125,175.22999572753906
2015-01-12,154100,177.6199951171875,176.94000244140625,178.75999450683594,175.39999389648438,176.94000244140625
2015-01-09,94900,179.92999267578125,177.1999969482422,181.8000030517578,176.88999938964844,177.1999969482422
2015-01-08,170300,178.32000732421875,180.0399932861328,182.14999389648438,176.72000122070312,180.0399932861328
2015-01-07,150000,177.35000610351562,176.77000427246094,178.02999877929688,174.5500030517578,176.77000427246094
2015-01-06,321800,177.36000061035156,175.8300018310547,178.49000549316406,172.5399932861328,175.8300018310547
2015-01-05,226100,178.27999877929688,176.5500030517578,180.3300018310547,174.39999389648438,176.5500030517578
2015-01-02,178400,184.60000610351562,180.1300048828125,184.60000610351562,179.77999877929688,180.1300048828125
2014-12-31,363200,183.97999572753906,183.6300048828125,186.2899932861328,182.52000427246094,183.6300048828125
2014-12-30,379600,184.7899932861328,183.9199981689453,186.25,176.5800018310547,183.9199981689453
2014-12-29,421100,188.0,184.85000610351562,188.36000061035156,182.02999877929688,184.85000610351562
2014-12-26,275400,185.8000030517578,188.38999938964844,189.36000061035156,184.1300048828125,188.38999938964844
2014-12-24,152200,187.6999969482422,185.6199951171875,189.55999755859375,185.27999877929688,185.6199951171875
2014-12-23,177100,188.25999450683594,187.0500030517578,188.25999450683594,185.0399932861328,187.0500030517578
2014-12-22,205200,184.9499969482422,187.02000427246094,187.6999969482422,183.3699951171875,187.02000427246094
2014-12-19,254500,181.39999389648438,185.16000366210938,185.61000061035156,178.47999572753906,185.16000366210938
2014-12-18,268100,179.5500030517578,182.35000610351562,184.47999572753906,177.02999877929688,182.35000610351562
2014-12-17,282300,172.2100067138672,176.25,176.58999633789062,170.36000061035156,176.25
2014-12-16,264400,167.77000427246094,171.16000366210938,171.6999969482422,167.77000427246094,171.16000366210938
2014-12-15,186200,168.3300018310547,168.4199981689453,169.72000122070312,165.02999877929688,168.4199981689453
2014-12-12,203500,167.24000549316406,167.52000427246094,170.17999267578125,166.1999969482422,167.52000427246094
2014-12-11,211000,167.05999755859375,169.0,170.4600067138672,167.05999755859375,169.0
2014-12-10,190000,164.10000610351562,167.0500030517578,167.74000549316406,163.3699951171875,167.0500030517578
2014-12-09,114000,162.4600067138672,164.9600067138672,165.9199981689453,161.3000030517578,164.9600067138672
2014-12-08,147700,166.42999267578125,164.5500030517578,168.66000366210938,164.10000610351562,164.5500030517578
2014-12-05,114000,166.3000030517578,167.3000030517578,167.97999572753906,166.0,167.3000030517578
2014-12-04,166000,167.38999938964844,166.47999572753906,168.00999450683594,165.67999267578125,166.47999572753906
2014-12-03,110700,168.42999267578125,167.97999572753906,168.77000427246094,166.77000427246094,167.97999572753906
2014-12-02,203600,166.36000061035156,168.1300048828125,170.60000610351562,166.0,168.1300048828125
2014-12-01,216000,169.47000122070312,166.97000122070312,169.47000122070312,165.3000030517578,166.97000122070312
2014-11-28,70500,168.42999267578125,170.25999450683594,171.97999572753906,166.64999389648438,170.25999450683594
2014-11-26,117300,168.57000732421875,168.72999572753906,170.16000366210938,167.64999389648438,168.72999572753906
2014-11-25,199700,169.02999877929688,169.02999877929688,170.02999877929688,167.13999938964844,169.02999877929688
2014-11-24,260400,168.80999755859375,168.82000732421875,170.5500030517578,165.63999938964844,168.82000732421875
2014-11-21,304500,168.36000061035156,167.64999389648438,168.36000061035156,165.44000244140625,167.64999389648438
2014-11-20,281600,162.0399932861328,165.97999572753906,166.60000610351562,161.66000366210938,165.97999572753906
2014-11-19,186600,162.64999389648438,163.3800048828125,163.75,161.0800018310547,163.3800048828125
2014-11-18,204200,159.44000244140625,162.61000061035156,163.1699981689453,158.25999450683594,162.61000061035156
2014-11-17,113400,160.57000732421875,159.33999633789062,161.60000610351562,158.49000549316406,159.33999633789062
2014-11-14,150200,159.25999450683594,160.57000732421875,161.25,158.82000732421875,160.57000732421875
2014-11-13,114200,162.67999267578125,160.07000732421875,163.77000427246094,158.9499969482422,160.07000732421875
2014-11-12,145800,159.61000061035156,162.00999450683594,162.86000061035156,159.61000061035156,162.00999450683594
2014-11-11,182700,159.74000549316406,160.6300048828125,161.08999633789062,157.52000427246094,160.6300048828125
2014-11-10,173000,160.6999969482422,159.97999572753906,163.5,157.3300018310547,159.97999572753906
2014-11-07,162300,158.6199951171875,159.08999633789062,159.83999633789062,157.72999572753906,159.08999633789062
2014-11-06,146300,159.1199951171875,159.0399932861328,160.33999633789062,157.3300018310547,159.0399932861328
2014-11-05,141900,161.5,159.9199981689453,161.83999633789062,159.49000549316406,159.9199981689453
2014-11-04,216900,160.4499969482422,160.94000244140625,161.5500030517578,157.5,160.94000244140625
2014-11-03,364500,162.0399932861328,160.75999450683594,165.5500030517578,159.47999572753906,160.75999450683594
2014-10-31,408500,162.7899932861328,161.08999633789062,167.6699981689453,160.8300018310547,161.08999633789062
2014-10-30,890100,157.0,161.22999572753906,173.22000122070312,155.60000610351562,161.22999572753906
2014-10-29,193400,149.5500030517578,149.94000244140625,152.0,149.1699981689453,149.94000244140625
2014-10-28,164600,148.61000061035156,151.0,151.2100067138672,148.1300048828125,151.0
2014-10-27,164800,147.50999450683594,148.3000030517578,149.66000366210938,146.66000366210938,148.3000030517578
2014-10-24,148800,147.3300018310547,148.32000732421875,148.42999267578125,145.74000549316406,148.32000732421875
2014-10-23,176300,144.3699951171875,146.88999938964844,149.5,144.3699951171875,146.88999938964844
2014-10-22,197900,147.10000610351562,143.4199981689453,148.0500030517578,143.13999938964844,143.4199981689453
2014-10-21,224500,143.6300048828125,147.44000244140625,148.24000549316406,142.80999755859375,147.44000244140625
2014-10-20,148900,142.02999877929688,142.52999877929688,145.5399932861328,141.16000366210938,142.52999877929688
2014-10-17,180400,140.75999450683594,142.6699981689453,144.80999755859375,140.1699981689453,142.6699981689453
2014-10-16,295300,137.16000366210938,138.61000061035156,141.0,135.77000427246094,138.61000061035156
2014-10-15,391300,136.75999450683594,139.0,140.8000030517578,134.3800048828125,139.0
2014-10-14,197300,138.9499969482422,138.77999877929688,141.35000610351562,137.80999755859375,138.77999877929688
2014-10-13,304200,142.5,137.60000610351562,144.22000122070312,137.3699951171875,137.60000610351562
2014-10-10,272200,145.60000610351562,142.1199951171875,148.39999389648438,142.00999450683594,142.1199951171875
2014-10-09,378300,151.14999389648438,146.22000122070312,151.75999450683594,142.5,146.22000122070312
2014-10-08,129800,147.1699981689453,150.72999572753906,151.10000610351562,144.72999572753906,150.72999572753906
2014-10-07,174000,150.3000030517578,146.50999450683594,150.3000030517578,146.2899932861328,146.50999450683594
2014-10-06,113500,152.42999267578125,150.77999877929688,153.58999633789062,149.75,150.77999877929688
2014-10-03,127900,150.80999755859375,152.24000549316406,152.8800048828125,149.86000061035156,152.24000549316406
2014-10-02,282400,151.92999267578125,149.47999572753906,152.75,147.99000549316406,149.47999572753906
2014-10-01,272600,155.44000244140625,152.52999877929688,155.57000732421875,151.41000366210938,152.52999877929688
2014-09-30,216700,156.14999389648438,155.5399932861328,156.24000549316406,152.6199951171875,155.5399932861328
2014-09-29,203400,155.7899932861328,155.8300018310547,157.0399932861328,153.0500030517578,155.8300018310547
2014-09-26,227700,158.14999389648438,157.6300048828125,159.22999572753906,157.2100067138672,157.6300048828125
2014-09-25,327400,157.8699951171875,157.80999755859375,159.3800048828125,156.5,157.80999755859375
2014-09-24,300100,156.6999969482422,158.57000732421875,158.75,155.82000732421875,158.57000732421875
2014-09-23,525200,154.7100067138672,156.6300048828125,157.75,154.25999450683594,156.6300048828125
2014-09-22,272200,158.0399932861328,155.57000732421875,158.39999389648438,154.6699981689453,155.57000732421875
2014-09-19,340200,159.49000549316406,158.94000244140625,159.97999572753906,158.05999755859375,158.94000244140625
2014-09-18,232700,158.08999633789062,159.5800018310547,160.5500030517578,156.9600067138672,159.5800018310547
2014-09-17,237600,156.41000366210938,157.5399932861328,158.25999450683594,155.2899932861328,157.5399932861328
2014-09-16,315100,155.69000244140625,156.42999267578125,157.07000732421875,155.27000427246094,156.42999267578125
2014-09-15,398000,158.85000610351562,156.27999877929688,158.85000610351562,155.38999938964844,156.27999877929688
2014-09-12,359800,157.55999755859375,159.49000549316406,160.02000427246094,156.5399932861328,159.49000549316406
2014-09-11,543500,146.47999572753906,157.9600067138672,158.32000732421875,146.47999572753906,157.9600067138672
2014-09-10,207600,144.72999572753906,147.8699951171875,148.0,143.35000610351562,147.8699951171875
2014-09-09,170000,145.44000244140625,144.32000732421875,145.6300048828125,144.05999755859375,144.32000732421875
2014-09-08,198500,146.63999938964844,146.07000732421875,147.30999755859375,145.9600067138672,146.07000732421875
2014-09-05,350500,143.24000549316406,146.2899932861328,146.4600067138672,142.00999450683594,146.2899932861328
2014-09-04,171000,145.7100067138672,143.91000366210938,145.7100067138672,143.25,143.91000366210938
2014-09-03,214100,146.8800048828125,145.16000366210938,147.00999450683594,144.00999450683594,145.16000366210938
2014-09-02,277800,145.22999572753906,146.41000366210938,147.83999633789062,145.16000366210938,146.41000366210938
2014-08-29,152900,142.75999450683594,144.75,145.3300018310547,141.8800048828125,144.75
2014-08-28,144700,144.75999450683594,142.4199981689453,144.75999450683594,142.00999450683594,142.4199981689453
2014-08-27,189300,147.5500030517578,145.39999389648438,148.00999450683594,144.88999938964844,145.39999389648438
2014-08-26,146200,147.80999755859375,148.16000366210938,148.9600067138672,146.4600067138672,148.16000366210938
2014-08-25,110300,149.74000549316406,147.80999755859375,151.08999633789062,147.0,147.80999755859375
2014-08-22,238900,149.33999633789062,148.64999389648438,149.97999572753906,148.0,148.64999389648438
2014-08-21,200000,148.99000549316406,149.77000427246094,151.74000549316406,148.85000610351562,149.77000427246094
2014-08-20,159600,146.94000244140625,149.0800018310547,149.49000549316406,145.91000366210938,149.0800018310547
2014-08-19,149400,148.1999969482422,147.14999389648438,148.1999969482422,147.0399932861328,147.14999389648438
2014-08-18,228500,148.8800048828125,148.1699981689453,150.6199951171875,147.75,148.1699981689453
2014-08-15,213000,145.24000549316406,145.92999267578125,146.1199951171875,143.74000549316406,145.92999267578125
2014-08-14,162500,143.77999877929688,144.61000061035156,144.97000122070312,142.75,144.61000061035156
2014-08-13,239000,146.1199951171875,143.99000549316406,146.1199951171875,143.52999877929688,143.99000549316406
2014-08-12,305800,144.9499969482422,145.77000427246094,146.85000610351562,144.9499969482422,145.77000427246094
2014-08-11,158400,144.5,145.3800048828125,145.6300048828125,143.22999572753906,145.3800048828125
2014-08-08,226800,143.97999572753906,143.6999969482422,144.91000366210938,142.66000366210938,143.6999969482422
2014-08-07,344000,142.47000122070312,143.50999450683594,144.6199951171875,139.86000061035156,143.50999450683594
2014-08-06,189400,140.24000549316406,141.61000061035156,141.77000427246094,139.3000030517578,141.61000061035156
2014-08-05,156000,143.0,141.30999755859375,143.0,139.83999633789062,141.30999755859375
2014-08-04,206300,143.69000244140625,143.11000061035156,143.91000366210938,141.0500030517578,143.11000061035156
2014-08-01,232000,143.0500030517578,143.05999755859375,145.22999572753906,141.91000366210938,143.05999755859375
2014-07-31,540100,147.99000549316406,143.72999572753906,150.17999267578125,143.42999267578125,143.72999572753906
2014-07-30,257000,149.0,149.74000549316406,150.52999877929688,148.13999938964844,149.74000549316406
2014-07-29,295500,148.75999450683594,148.5800018310547,149.85000610351562,147.36000061035156,148.5800018310547
2014-07-28,248500,151.22999572753906,148.07000732421875,151.22999572753906,147.33999633789062,148.07000732421875
2014-07-25,450800,152.7899932861328,151.02000427246094,154.72999572753906,148.16000366210938,151.02000427246094
2014-07-24,1303900,148.0800018310547,153.7899932861328,165.8300018310547,148.07000732421875,153.7899932861328
2014-07-23,246100,142.2100067138672,143.58999633789062,144.13999938964844,142.1300048828125,143.58999633789062
2014-07-22,303800,139.82000732421875,142.6199951171875,143.72000122070312,139.02999877929688,142.6199951171875
2014-07-21,329100,141.58999633789062,138.75999450683594,141.58999633789062,138.6300048828125,138.75999450683594
2014-07-18,356600,139.0399932861328,142.42999267578125,143.08999633789062,138.49000549316406,142.42999267578125
2014-07-17,262300,143.1699981689453,139.16000366210938,143.4199981689453,138.77000427246094,139.16000366210938
2014-07-16,107800,146.83999633789062,144.0399932861328,146.83999633789062,143.74000549316406,144.0399932861328
2014-07-15,217300,146.44000244140625,145.86000061035156,147.35000610351562,143.75999450683594,145.86000061035156
2014-07-14,184100,148.27999877929688,145.92999267578125,149.0500030517578,145.5800018310547,145.92999267578125
2014-07-11,152300,147.11000061035156,147.02000427246094,148.47000122070312,145.58999633789062,147.02000427246094
2014-07-10,375200,145.72000122070312,146.7899932861328,147.60000610351562,144.3699951171875,146.7899932861328
2014-07-09,259500,148.1999969482422,147.6300048828125,149.8000030517578,147.47000122070312,147.6300048828125
2014-07-08,357200,153.8000030517578,147.86000061035156,153.8000030517578,147.1999969482422,147.86000061035156
2014-07-07,266400,157.52999877929688,154.27999877929688,157.72000122070312,153.86000061035156,154.27999877929688
2014-07-03,151000,156.92999267578125,158.5800018310547,159.39999389648438,155.11000061035156,158.5800018310547
2014-07-02,245800,160.52999877929688,156.63999938964844,160.8800048828125,156.2899932861328,156.63999938964844
2014-07-01,224500,158.9600067138672,160.10000610351562,162.5399932861328,156.8000030517578,160.10000610351562
2014-06-30,569800,160.36000061035156,158.1699981689453,163.52999877929688,157.92999267578125,158.1699981689453
2014-06-27,3504000,157.16000366210938,157.02000427246094,158.77999877929688,155.0800018310547,157.02000427246094
2014-06-26,260100,156.36000061035156,158.17999267578125,158.74000549316406,153.0500030517578,158.17999267578125
2014-06-25,344900,155.75999450683594,155.7899932861328,158.36000061035156,153.3800048828125,155.7899932861328
2014-06-24,389000,156.25,157.25,160.66000366210938,155.99000549316406,157.25
2014-06-23,465100,159.3699951171875,156.13999938964844,159.3699951171875,155.50999450683594,156.13999938964844
2014-06-20,485000,160.0,159.1199951171875,160.0,158.30999755859375,159.1199951171875
2014-06-19,225700,162.47999572753906,159.7899932861328,162.85000610351562,159.1699981689453,159.7899932861328
2014-06-18,321900,160.0,162.25999450683594,162.49000549316406,157.80999755859375,162.25999450683594
2014-06-17,303000,161.08999633789062,160.0800018310547,164.17999267578125,159.44000244140625,160.0800018310547
2014-06-16,395500,164.32000732421875,161.44000244140625,164.6300048828125,158.0,161.44000244140625
2014-06-13,418700,162.10000610351562,161.2100067138672,163.80999755859375,161.08999633789062,161.2100067138672
2014-06-12,379600,164.05999755859375,161.92999267578125,165.0,160.3800048828125,161.92999267578125
2014-06-11,234700,162.8699951171875,164.36000061035156,164.97000122070312,162.11000061035156,164.36000061035156
2014-06-10,266300,167.80999755859375,163.88999938964844,168.97000122070312,163.50999450683594,163.88999938964844
2014-06-09,332300,168.57000732421875,168.89999389648438,171.58999633789062,167.30999755859375,168.89999389648438
2014-06-06,1594100,164.0,169.50999450683594,171.0,163.47999572753906,169.50999450683594
2014-06-05,333000,160.55999755859375,162.2100067138672,164.2100067138672,158.22999572753906,162.2100067138672
2014-06-04,280500,155.83999633789062,160.39999389648438,161.02999877929688,154.41000366210938,160.39999389648438
2014-06-03,396300,156.9600067138672,156.57000732421875,159.13999938964844,154.64999389648438,156.57000732421875
2014-06-02,176200,159.41000366210938,159.0500030517578,160.5,156.3699951171875,159.0500030517578
2014-05-30,215200,169.80999755859375,158.5500030517578,169.80999755859375,155.61000061035156,158.5500030517578
2014-05-29,148600,162.6300048828125,160.47000122070312,162.6300048828125,159.30999755859375,160.47000122070312
2014-05-28,144600,164.1699981689453,161.1699981689453,167.19000244140625,161.1199951171875,161.1699981689453
2014-05-27,229100,162.57000732421875,164.5800018310547,167.35000610351562,160.5800018310547,164.5800018310547
2014-05-23,265600,157.52000427246094,161.35000610351562,161.8800048828125,155.6300048828125,161.35000610351562
2014-05-22,170100,153.3699951171875,157.22000122070312,158.25999450683594,149.66000366210938,157.22000122070312
2014-05-21,281400,151.4499969482422,152.82000732421875,155.5399932861328,149.02999877929688,152.82000732421875
2014-05-20,172000,154.22000122070312,150.5500030517578,155.2100067138672,149.5800018310547,150.5500030517578
2014-05-19,159300,153.0399932861328,155.10000610351562,156.11000061035156,151.82000732421875,155.10000610351562
2014-05-16,113100,152.61000061035156,153.94000244140625,154.1699981689453,150.41000366210938,153.94000244140625
2014-05-15,231400,151.47999572753906,152.4199981689453,153.3699951171875,147.0,152.4199981689453
2014-05-14,197600,155.7100067138672,152.3699951171875,155.99000549316406,151.4600067138672,152.3699951171875
2014-05-13,190100,161.02000427246094,155.75,161.49000549316406,155.39999389648438,155.75
2014-05-12,320400,158.2899932861328,160.97999572753906,163.1699981689453,157.07000732421875,160.97999572753906
2014-05-09,156100,154.91000366210938,157.88999938964844,158.75999450683594,152.80999755859375,157.88999938964844
2014-05-08,231300,153.91000366210938,155.77999877929688,161.08999633789062,153.13999938964844,155.77999877929688
2014-05-07,242900,158.86000061035156,154.72000122070312,159.52000427246094,151.07000732421875,154.72000122070312
2014-05-06,244900,162.1699981689453,158.1199951171875,163.52999877929688,157.02000427246094,158.1199951171875
2014-05-05,193500,160.2899932861328,163.4199981689453,163.72000122070312,157.85000610351562,163.4199981689453
2014-05-02,179700,161.4600067138672,161.94000244140625,164.02000427246094,158.75999450683594,161.94000244140625
2014-05-01,314500,160.49000549316406,161.27000427246094,166.55999755859375,158.75,161.27000427246094
2014-04-30,195800,160.0800018310547,160.88999938964844,162.2899932861328,155.4499969482422,160.88999938964844
2014-04-29,351300,157.77000427246094,161.1999969482422,163.22999572753906,155.77999877929688,161.1999969482422
2014-04-28,622900,160.4199981689453,156.5399932861328,163.60000610351562,150.3800048828125,156.5399932861328
2014-04-25,649500,162.02000427246094,159.33999633789062,164.33999633789062,158.1199951171875,159.33999633789062
2014-04-24,1141000,179.8000030517578,163.14999389648438,179.8000030517578,162.47000122070312,163.14999389648438
2014-04-23,394600,175.22000122070312,173.69000244140625,177.7899932861328,169.66000366210938,173.69000244140625
2014-04-22,283100,172.52999877929688,175.10000610351562,177.0,170.77999877929688,175.10000610351562
2014-04-21,394600,171.30999755859375,171.97000122070312,173.91000366210938,165.38999938964844,171.97000122070312
2014-04-17,346700,162.30999755859375,165.60000610351562,167.8000030517578,159.8800048828125,165.60000610351562
2014-04-16,319700,156.72000122070312,162.33999633789062,163.5399932861328,153.83999633789062,162.33999633789062
2014-04-15,298300,155.36000061035156,155.27000427246094,158.2100067138672,149.57000732421875,155.27000427246094
2014-04-14,169800,156.8699951171875,155.22999572753906,159.5800018310547,153.36000061035156,155.22999572753906
2014-04-11,296800,160.35000610351562,154.92999267578125,163.92999267578125,154.6199951171875,154.92999267578125
2014-04-10,344700,173.88999938964844,161.9199981689453,176.0,159.47000122070312,161.9199981689453
2014-04-09,269900,168.33999633789062,174.3699951171875,175.35000610351562,167.57000732421875,174.3699951171875
2014-04-08,234600,167.11000061035156,168.3000030517578,169.97000122070312,160.3699951171875,168.3000030517578
2014-04-07,407100,173.5399932861328,166.42999267578125,176.8000030517578,164.11000061035156,166.42999267578125
2014-04-04,344200,188.82000732421875,174.97999572753906,193.3699951171875,174.72999572753906,174.97999572753906
2014-04-03,245300,186.16000366210938,186.92999267578125,188.1300048828125,184.92999267578125,186.92999267578125
2014-04-02,169600,189.9600067138672,186.6699981689453,190.52000427246094,185.6199951171875,186.6699981689453
2014-04-01,148200,187.5,188.9499969482422,189.63999938964844,186.22999572753906,188.9499969482422
2014-03-31,322900,187.61000061035156,186.74000549316406,191.5399932861328,181.3000030517578,186.74000549316406
2014-03-28,210000,189.94000244140625,185.9199981689453,193.60000610351562,184.74000549316406,185.9199981689453
2014-03-27,180400,194.38999938964844,190.1300048828125,195.64999389648438,186.9600067138672,190.1300048828125
2014-03-26,241900,200.17999267578125,194.02999877929688,200.8000030517578,193.8800048828125,194.02999877929688
2014-03-25,223000,204.94000244140625,198.64999389648438,207.13999938964844,198.5500030517578,198.64999389648438
2014-03-24,205200,206.69000244140625,203.32000732421875,207.4600067138672,199.66000366210938,203.32000732421875
2014-03-21,190300,211.0399932861328,206.99000549316406,211.0399932861328,206.75999450683594,206.99000549316406
2014-03-20,181100,204.19000244140625,210.58999633789062,211.63999938964844,203.4199981689453,210.58999633789062
2014-03-19,217700,208.66000366210938,205.14999389648438,208.9499969482422,202.97999572753906,205.14999389648438
2014-03-18,123700,209.33999633789062,209.0,212.0500030517578,208.5399932861328,209.0
2014-03-17,186900,208.25,208.47000122070312,212.0,207.30999755859375,208.47000122070312
2014-03-14,94800,206.7100067138672,207.35000610351562,211.0,206.11000061035156,207.35000610351562
2014-03-13,130300,211.00999450683594,207.77999877929688,212.67999267578125,206.57000732421875,207.77999877929688
2014-03-12,174300,206.38999938964844,209.99000549316406,210.75999450683594,205.16000366210938,209.99000549316406
2014-03-11,163400,208.5800018310547,207.80999755859375,210.3800048828125,207.0,207.80999755859375
2014-03-10,171500,211.16000366210938,208.92999267578125,211.72000122070312,208.0,208.92999267578125
2014-03-07,208400,211.67999267578125,211.77999877929688,212.30999755859375,207.32000732421875,211.77999877929688
2014-03-06,203800,212.05999755859375,211.1999969482422,212.52999877929688,208.9499969482422,211.1999969482422
2014-03-05,198300,212.58999633789062,211.99000549316406,214.44000244140625,210.50999450683594,211.99000549316406
2014-03-04,566000,204.99000549316406,214.0,218.1699981689453,202.22000122070312,214.0
2014-03-03,236800,201.6999969482422,200.27999877929688,203.3800048828125,199.0,200.27999877929688
2014-02-28,101900,203.6999969482422,201.0399932861328,205.0,199.4499969482422,201.0399932861328
2014-02-27,82900,201.7899932861328,203.80999755859375,204.60000610351562,201.25,203.80999755859375
2014-02-26,187900,205.08999633789062,202.6300048828125,207.3000030517578,202.10000610351562,202.6300048828125
2014-02-25,140500,205.86000061035156,204.4499969482422,207.10000610351562,203.63999938964844,204.4499969482422
2014-02-24,285500,198.60000610351562,204.83999633789062,205.5399932861328,198.60000610351562,204.83999633789062
2014-02-21,455100,184.5,197.97000122070312,198.99000549316406,183.14999389648438,197.97000122070312
2014-02-20,637200,182.50999450683594,183.0,183.80999755859375,172.7899932861328,183.0
2014-02-19,159000,181.7899932861328,181.6199951171875,184.67999267578125,179.75999450683594,181.6199951171875
2014-02-18,271000,182.6199951171875,182.9199981689453,185.77000427246094,181.22000122070312,182.9199981689453
2014-02-14,83400,182.3000030517578,181.60000610351562,182.88999938964844,179.00999450683594,181.60000610351562
2014-02-13,182900,172.74000549316406,182.25,183.19000244140625,172.74000549316406,182.25
2014-02-12,110600,173.47999572753906,173.57000732421875,175.27999877929688,172.7100067138672,173.57000732421875
2014-02-11,94300,173.75999450683594,173.6699981689453,174.22000122070312,171.8699951171875,173.6699981689453
2014-02-10,100200,174.89999389648438,173.5800018310547,174.89999389648438,171.3800048828125,173.5800018310547
2014-02-07,110500,172.13999938964844,175.3000030517578,176.02999877929688,171.5,175.3000030517578
2014-02-06,161900,170.25999450683594,172.25,172.33999633789062,170.14999389648438,172.25
2014-02-05,112300,168.3699951171875,169.25,170.10000610351562,165.52999877929688,169.25
2014-02-04,127500,169.61000061035156,169.00999450683594,171.4499969482422,168.5500030517578,169.00999450683594
2014-02-03,211400,172.0500030517578,169.16000366210938,172.1300048828125,168.2100067138672,169.16000366210938
2014-01-31,138800,165.7100067138672,172.0399932861328,172.5500030517578,165.7100067138672,172.0399932861328
2014-01-30,176800,168.82000732421875,169.08999633789062,169.63999938964844,166.57000732421875,169.08999633789062
2014-01-29,116600,167.89999389648438,166.77999877929688,170.0,165.72999572753906,166.77999877929688
2014-01-28,167400,167.91000366210938,170.42999267578125,170.88999938964844,163.77999877929688,170.42999267578125
2014-01-27,162500,176.47999572753906,167.86000061035156,176.47999572753906,167.77000427246094,167.86000061035156
2014-01-24,113000,177.4600067138672,176.19000244140625,178.6999969482422,174.8000030517578,176.19000244140625
2014-01-23,150500,178.97000122070312,179.17999267578125,179.8300018310547,177.10000610351562,179.17999267578125
2014-01-22,123300,176.27999877929688,179.5,179.8699951171875,175.6699981689453,179.5
2014-01-21,100700,180.47000122070312,176.41000366210938,180.47000122070312,174.4600067138672,176.41000366210938
2014-01-17,142200,178.99000549316406,178.82000732421875,179.33999633789062,177.24000549316406,178.82000732421875
2014-01-16,126100,177.11000061035156,179.02000427246094,180.0,176.99000549316406,179.02000427246094
2014-01-15,108500,178.69000244140625,177.9600067138672,179.50999450683594,177.5399932861328,177.9600067138672
2014-01-14,103500,175.60000610351562,178.80999755859375,179.49000549316406,175.1999969482422,178.80999755859375
2014-01-13,135500,176.72999572753906,174.52999877929688,179.8800048828125,173.83999633789062,174.52999877929688
2014-01-10,209900,180.27000427246094,177.6300048828125,181.94000244140625,175.77000427246094,177.6300048828125
2014-01-09,210200,181.13999938964844,180.19000244140625,182.5,179.5800018310547,180.19000244140625
2014-01-08,118100,181.83999633789062,180.07000732421875,182.3000030517578,177.85000610351562,180.07000732421875
2014-01-07,78300,182.80999755859375,182.4499969482422,185.24000549316406,181.85000610351562,182.4499969482422
2014-01-06,75100,185.22999572753906,182.14999389648438,185.22999572753906,181.0500030517578,182.14999389648438
2014-01-03,74500,182.25999450683594,184.0800018310547,184.52000427246094,181.60000610351562,184.0800018310547
2014-01-02,106600,183.9199981689453,181.8800048828125,184.0,179.88999938964844,181.8800048828125
2013-12-31,88100,182.97000122070312,184.5800018310547,185.22000122070312,182.6999969482422,184.5800018310547
2013-12-30,59100,183.97000122070312,182.25,184.83999633789062,181.74000549316406,182.25
2013-12-27,78200,184.97999572753906,183.9600067138672,185.9600067138672,183.3699951171875,183.9600067138672
2013-12-26,87500,184.8699951171875,184.3800048828125,185.6199951171875,183.41000366210938,184.3800048828125
2013-12-24,50100,183.38999938964844,183.86000061035156,185.02999877929688,182.14999389648438,183.86000061035156
2013-12-23,101800,183.6999969482422,183.07000732421875,185.8699951171875,182.75999450683594,183.07000732421875
2013-12-20,295900,178.9499969482422,183.16000366210938,183.97999572753906,175.6699981689453,183.16000366210938
2013-12-19,113700,181.61000061035156,178.0800018310547,182.25,177.5399932861328,178.0800018310547
2013-12-18,233800,178.3800048828125,181.27999877929688,181.63999938964844,177.4199981689453,181.27999877929688
2013-12-17,175100,179.4499969482422,178.00999450683594,179.5,176.36000061035156,178.00999450683594
2013-12-16,114800,178.14999389648438,179.5500030517578,179.61000061035156,176.41000366210938,179.5500030517578
2013-12-13,121200,176.91000366210938,177.0800018310547,178.6999969482422,174.80999755859375,177.0800018310547
2013-12-12,116200,177.9199981689453,176.08999633789062,179.33999633789062,175.97000122070312,176.08999633789062
2013-12-11,159800,184.6300048828125,178.1999969482422,184.85000610351562,177.52000427246094,178.1999969482422
2013-12-10,107800,185.24000549316406,183.9600067138672,187.27000427246094,183.38999938964844,183.9600067138672
2013-12-09,80500,185.9199981689453,185.47999572753906,186.0,183.4499969482422,185.47999572753906
2013-12-06,128400,179.86000061035156,185.72000122070312,185.97999572753906,179.83999633789062,185.72000122070312
2013-12-05,169800,176.7899932861328,179.14999389648438,181.08999633789062,176.7899932861328,179.14999389648438
2013-12-04,100000,181.72000122070312,177.0399932861328,183.3800048828125,176.57000732421875,177.0399932861328
2013-12-03,158100,184.52999877929688,182.8800048828125,186.0800018310547,182.4499969482422,182.8800048828125
2013-12-02,106600,185.6199951171875,185.27999877929688,186.35000610351562,184.0500030517578,185.27999877929688
2013-11-29,25300,187.8300018310547,186.24000549316406,188.42999267578125,185.27999877929688,186.24000549316406
2013-11-27,90400,184.1199951171875,186.6199951171875,186.6999969482422,182.58999633789062,186.6199951171875
2013-11-26,49000,180.6199951171875,183.4600067138672,183.83999633789062,179.82000732421875,183.4600067138672
2013-11-25,78100,181.9600067138672,180.2100067138672,183.61000061035156,179.35000610351562,180.2100067138672
2013-11-22,79300,181.1300048828125,180.55999755859375,182.0,178.83999633789062,180.55999755859375
2013-11-21,128300,178.0500030517578,181.2100067138672,181.5800018310547,177.6999969482422,181.2100067138672
2013-11-20,69700,177.36000061035156,177.60000610351562,178.99000549316406,176.47999572753906,177.60000610351562
2013-11-19,46100,176.72000122070312,177.25,179.16000366210938,175.83999633789062,177.25
2013-11-18,67000,176.24000549316406,177.05999755859375,179.30999755859375,175.75999450683594,177.05999755859375
2013-11-15,212600,176.2899932861328,176.1699981689453,178.75,174.2100067138672,176.1699981689453
2013-11-14,93000,175.74000549316406,176.5399932861328,177.05999755859375,174.35000610351562,176.5399932861328
2013-11-13,42000,170.75,176.17999267578125,176.47000122070312,170.50999450683594,176.17999267578125
2013-11-12,106900,171.75999450683594,171.50999450683594,172.5399932861328,169.80999755859375,171.50999450683594
2013-11-11,63900,173.5800018310547,172.14999389648438,176.02000427246094,171.2899932861328,172.14999389648438
2013-11-08,126600,169.6999969482422,174.0500030517578,175.10000610351562,168.02999877929688,174.0500030517578
2013-11-07,132500,176.75,170.4199981689453,176.75,170.24000549316406,170.4199981689453
2013-11-06,76300,177.1999969482422,176.35000610351562,179.4600067138672,175.05999755859375,176.35000610351562
2013-11-05,71600,173.22999572753906,175.75999450683594,176.44000244140625,171.00999450683594,175.75999450683594
2013-11-04,150200,173.86000061035156,173.60000610351562,174.60000610351562,171.3000030517578,173.60000610351562
2013-11-01,202000,176.7100067138672,172.77999877929688,177.0,171.77999877929688,172.77999877929688
2013-10-31,130300,180.5500030517578,176.99000549316406,181.3699951171875,176.9199981689453,176.99000549316406
2013-10-30,83600,181.1699981689453,180.0399932861328,181.85000610351562,179.8300018310547,180.0399932861328
2013-10-29,114400,180.0,181.32000732421875,181.5,179.24000549316406,181.32000732421875
2013-10-28,198200,180.0,179.4499969482422,180.8699951171875,177.3000030517578,179.4499969482422
2013-10-25,174200,177.44000244140625,179.57000732421875,179.6999969482422,172.7899932861328,179.57000732421875
2013-10-24,447900,178.77999877929688,176.35000610351562,182.72999572753906,166.11000061035156,176.35000610351562
2013-10-23,199300,174.8000030517578,175.80999755859375,176.97999572753906,172.8300018310547,175.80999755859375
2013-10-22,143900,177.6699981689453,176.2899932861328,178.66000366210938,175.5800018310547,176.2899932861328
2013-10-21,114500,175.0,176.4499969482422,177.2100067138672,174.1300048828125,176.4499969482422
2013-10-18,133700,173.17999267578125,174.5500030517578,174.72000122070312,170.0,174.5500030517578
2013-10-17,117800,168.41000366210938,171.3300018310547,172.8300018310547,168.0,171.3300018310547
2013-10-16,106700,168.52000427246094,169.57000732421875,170.77999877929688,167.5,169.57000732421875
2013-10-15,169100,165.63999938964844,167.50999450683594,167.97999572753906,164.5,167.50999450683594
2013-10-14,119000,162.07000732421875,165.72000122070312,166.05999755859375,160.97000122070312,165.72000122070312
2013-10-11,225500,160.92999267578125,162.30999755859375,163.19000244140625,160.74000549316406,162.30999755859375
2013-10-10,222000,163.67999267578125,161.74000549316406,165.19000244140625,160.82000732421875,161.74000549316406
2013-10-09,208300,167.39999389648438,161.2899932861328,168.3300018310547,160.92999267578125,161.2899932861328
2013-10-08,171300,171.7899932861328,167.60000610351562,173.22999572753906,167.25,167.60000610351562
2013-10-07,169700,171.05999755859375,171.64999389648438,171.6999969482422,169.86000061035156,171.64999389648438
2013-10-04,63700,169.5500030517578,172.27999877929688,173.4600067138672,169.30999755859375,172.27999877929688
2013-10-03,159700,171.33999633789062,170.0,172.39999389648438,168.88999938964844,170.0
2013-10-02,103300,170.0,171.67999267578125,171.8699951171875,168.16000366210938,171.67999267578125
2013-10-01,131800,168.0,171.2899932861328,171.2899932861328,167.25,171.2899932861328
2013-09-30,148600,165.42999267578125,167.91000366210938,168.6300048828125,165.42999267578125,167.91000366210938
2013-09-27,65700,166.6300048828125,166.66000366210938,169.77999877929688,165.39999389648438,166.66000366210938
2013-09-26,209000,166.47000122070312,167.5,169.02000427246094,165.0399932861328,167.5
2013-09-25,53900,167.07000732421875,164.77999877929688,168.0,164.74000549316406,164.77999877929688
2013-09-24,117500,166.35000610351562,167.07000732421875,168.38999938964844,161.8300018310547,167.07000732421875
2013-09-23,135800,166.27999877929688,165.69000244140625,166.60000610351562,162.82000732421875,165.69000244140625
2013-09-20,266700,168.60000610351562,166.63999938964844,169.07000732421875,166.50999450683594,166.63999938964844
2013-09-19,84900,169.9600067138672,168.55999755859375,170.89999389648438,168.36000061035156,168.55999755859375
2013-09-18,157600,168.9600067138672,170.08999633789062,172.1699981689453,166.9499969482422,170.08999633789062
2013-09-17,100200,167.77999877929688,169.36000061035156,169.5500030517578,167.16000366210938,169.36000061035156
2013-09-16,81700,169.64999389648438,167.77999877929688,170.25,167.30999755859375,167.77999877929688
2013-09-13,71900,168.60000610351562,167.97000122070312,170.5399932861328,166.14999389648438,167.97000122070312
2013-09-12,96900,168.58999633789062,167.72000122070312,169.6300048828125,167.35000610351562,167.72000122070312
2013-09-11,95500,165.7100067138672,167.69000244140625,168.44000244140625,163.58999633789062,167.69000244140625
2013-09-10,119600,161.3800048828125,165.57000732421875,165.74000549316406,161.3800048828125,165.57000732421875
2013-09-09,103200,158.32000732421875,161.19000244140625,161.30999755859375,157.4199981689453,161.19000244140625
2013-09-06,98700,157.58999633789062,157.94000244140625,158.44000244140625,153.5500030517578,157.94000244140625
2013-09-05,71300,156.47000122070312,156.5500030517578,157.22999572753906,154.6999969482422,156.5500030517578
2013-09-04,209500,152.08999633789062,156.02999877929688,156.24000549316406,151.7100067138672,156.02999877929688
2013-09-03,134400,150.64999389648438,152.0800018310547,152.7100067138672,149.80999755859375,152.0800018310547
2013-08-30,99700,150.19000244140625,148.50999450683594,151.08999633789062,148.16000366210938,148.50999450683594
2013-08-29,71100,150.10000610351562,150.77999877929688,151.24000549316406,150.0,150.77999877929688
2013-08-28,95100,149.08999633789062,149.94000244140625,151.72999572753906,147.8000030517578,149.94000244140625
2013-08-27,109100,148.8300018310547,149.4199981689453,150.35000610351562,146.3699951171875,149.4199981689453
2013-08-26,95300,152.4199981689453,150.75999450683594,152.89999389648438,149.64999389648438,150.75999450683594
2013-08-23,49800,153.0,152.5399932861328,154.75,151.3800048828125,152.5399932861328
2013-08-22,40000,151.6999969482422,153.0,153.5399932861328,150.94000244140625,153.0
2013-08-21,62700,153.32000732421875,151.7100067138672,153.86000061035156,149.49000549316406,151.7100067138672
2013-08-20,112300,152.64999389648438,153.8300018310547,154.74000549316406,152.44000244140625,153.8300018310547
2013-08-19,48100,154.4499969482422,152.3300018310547,155.1199951171875,152.30999755859375,152.3300018310547
2013-08-16,71000,152.88999938964844,154.64999389648438,155.2899932861328,152.6699981689453,154.64999389648438
2013-08-15,74000,158.25,153.6699981689453,159.1199951171875,152.88999938964844,153.6699981689453
2013-08-14,42600,161.02999877929688,159.7899932861328,161.5,159.30999755859375,159.7899932861328
2013-08-13,76800,162.75999450683594,161.52999877929688,164.0,160.39999389648438,161.52999877929688
2013-08-12,50900,159.47000122070312,162.82000732421875,163.39999389648438,157.7100067138672,162.82000732421875
2013-08-09,76000,161.10000610351562,160.88999938964844,162.97999572753906,158.60000610351562,160.88999938964844
2013-08-08,61400,163.4499969482422,161.75999450683594,164.6300048828125,160.57000732421875,161.75999450683594
2013-08-07,70200,162.8300018310547,162.41000366210938,163.6999969482422,160.25,162.41000366210938
2013-08-06,135700,160.66000366210938,162.72000122070312,162.9499969482422,159.19000244140625,162.72000122070312
2013-08-05,77100,159.7100067138672,161.3699951171875,161.4499969482422,159.5,161.3699951171875
2013-08-02,101200,158.3300018310547,159.55999755859375,159.6699981689453,158.08999633789062,159.55999755859375
2013-08-01,215300,157.63999938964844,159.19000244140625,161.63999938964844,157.4499969482422,159.19000244140625
2013-07-31,112600,157.4499969482422,156.5500030517578,160.4499969482422,156.44000244140625,156.5500030517578
2013-07-30,168700,157.0,157.47999572753906,158.1999969482422,154.33999633789062,157.47999572753906
2013-07-29,263700,159.7100067138672,156.75999450683594,159.9499969482422,154.61000061035156,156.75999450683594
2013-07-26,196700,155.9600067138672,160.05999755859375,160.92999267578125,154.17999267578125,160.05999755859375
2013-07-25,407800,139.69000244140625,157.02000427246094,158.36000061035156,138.00999450683594,157.02000427246094
2013-07-24,131000,135.94000244140625,133.97000122070312,137.1199951171875,133.22000122070312,133.97000122070312
2013-07-23,88900,136.6699981689453,135.11000061035156,137.6300048828125,134.6199951171875,135.11000061035156
2013-07-22,64200,136.52000427246094,136.74000549316406,138.60000610351562,136.44000244140625,136.74000549316406
2013-07-19,87200,136.64999389648438,137.27000427246094,137.49000549316406,136.1999969482422,137.27000427246094
2013-07-18,103900,136.8699951171875,136.77999877929688,138.24000549316406,135.39999389648438,136.77999877929688
2013-07-17,73400,137.14999389648438,136.6699981689453,137.3000030517578,136.24000549316406,136.6699981689453
2013-07-16,77300,136.6699981689453,136.74000549316406,137.00999450683594,135.17999267578125,136.74000549316406
2013-07-15,183200,134.1999969482422,136.5500030517578,136.58999633789062,133.19000244140625,136.5500030517578
2013-07-12,194500,136.2100067138672,133.19000244140625,136.6699981689453,132.88999938964844,133.19000244140625
2013-07-11,94300,137.41000366210938,136.39999389648438,137.5500030517578,135.7899932861328,136.39999389648438
2013-07-10,131400,137.32000732421875,135.89999389648438,139.14999389648438,135.57000732421875,135.89999389648438
2013-07-09,157200,138.10000610351562,137.0,138.7100067138672,136.4199981689453,137.0
2013-07-08,138800,136.0399932861328,137.30999755859375,137.3800048828125,134.97000122070312,137.30999755859375
2013-07-05,104600,134.19000244140625,135.58999633789062,135.6300048828125,133.00999450683594,135.58999633789062
2013-07-03,71000,132.33999633789062,132.47999572753906,133.60000610351562,130.57000732421875,132.47999572753906
2013-07-02,92800,131.41000366210938,131.8800048828125,132.97000122070312,130.0,131.8800048828125
2013-07-01,176800,129.8300018310547,131.02999877929688,132.38999938964844,129.8300018310547,131.02999877929688
2013-06-28,193600,128.97000122070312,129.07000732421875,130.3300018310547,128.39999389648438,129.07000732421875
2013-06-27,195900,128.5800018310547,129.50999450683594,130.75,128.4499969482422,129.50999450683594
2013-06-26,135300,126.5199966430664,128.02999877929688,128.42999267578125,125.08000183105469,128.02999877929688
2013-06-25,118800,126.0,125.69999694824219,126.13999938964844,124.37999725341797,125.69999694824219
2013-06-24,165100,123.29000091552734,125.04000091552734,125.25,122.80000305175781,125.04000091552734
2013-06-21,205400,121.83999633789062,124.62999725341797,124.77999877929688,121.83999633789062,124.62999725341797
2013-06-20,138300,120.30999755859375,121.30000305175781,121.9800033569336,119.37000274658203,121.30000305175781
2013-06-19,100100,123.81999969482422,121.81999969482422,124.41000366210938,121.33000183105469,121.81999969482422
2013-06-18,211400,118.5,124.19999694824219,124.62000274658203,117.80999755859375,124.19999694824219
2013-06-17,105900,116.41000366210938,118.44999694824219,119.69000244140625,115.23999786376953,118.44999694824219
2013-06-14,42400,115.45999908447266,115.58999633789062,116.87000274658203,114.44000244140625,115.58999633789062
2013-06-13,99300,115.5,115.38999938964844,115.61000061035156,114.91000366210938,115.38999938964844
2013-06-12,83300,116.80999755859375,115.55999755859375,116.80999755859375,115.08000183105469,115.55999755859375
2013-06-11,105700,115.5199966430664,115.58000183105469,115.8499984741211,114.83999633789062,115.58000183105469
2013-06-10,62700,115.4000015258789,116.61000061035156,116.9000015258789,115.12000274658203,116.61000061035156
2013-06-07,64700,114.20999908447266,115.26000213623047,115.80000305175781,112.4800033569336,115.26000213623047
2013-06-06,97900,112.12000274658203,113.11000061035156,113.18000030517578,111.66999816894531,113.11000061035156
2013-06-05,157200,112.5,112.26000213623047,112.7699966430664,110.69999694824219,112.26000213623047
2013-06-04,146000,112.44999694824219,112.86000061035156,114.47000122070312,111.7300033569336,112.86000061035156
2013-06-03,155700,111.8499984741211,112.5999984741211,113.62999725341797,111.05000305175781,112.5999984741211
2013-05-31,114200,111.94000244140625,111.80999755859375,113.16999816894531,111.80999755859375,111.80999755859375
2013-05-30,36300,112.58999633789062,112.80000305175781,113.0199966430664,111.44000244140625,112.80000305175781
2013-05-29,65800,112.93000030517578,112.26000213623047,114.33000183105469,110.58000183105469,112.26000213623047
2013-05-28,124600,115.0999984741211,114.05000305175781,115.3499984741211,113.25,114.05000305175781
2013-05-24,51300,114.19999694824219,113.6500015258789,114.19999694824219,112.83000183105469,113.6500015258789
2013-05-23,279600,112.01000213623047,114.61000061035156,115.33999633789062,110.26000213623047,114.61000061035156
2013-05-22,95100,114.12000274658203,112.02999877929688,115.45999908447266,110.88999938964844,112.02999877929688
2013-05-21,102400,114.62999725341797,114.30999755859375,115.4000015258789,113.19000244140625,114.30999755859375
2013-05-20,124500,115.06999969482422,114.62999725341797,115.48999786376953,113.70999908447266,114.62999725341797
2013-05-17,106500,113.02999877929688,115.56999969482422,116.16000366210938,112.1500015258789,115.56999969482422
2013-05-16,83200,111.72000122070312,112.13999938964844,113.69000244140625,111.2699966430664,112.13999938964844
2013-05-15,69800,111.43000030517578,111.41999816894531,112.86000061035156,111.31999969482422,111.41999816894531
2013-05-14,90000,112.02999877929688,111.95999908447266,112.80000305175781,111.61000061035156,111.95999908447266
2013-05-13,45700,110.5999984741211,111.13999938964844,111.72000122070312,110.5999984741211,111.13999938964844
2013-05-10,141100,112.41000366210938,110.83999633789062,113.7699966430664,110.66999816894531,110.83999633789062
2013-05-09,51300,112.91000366210938,112.08000183105469,112.91000366210938,111.56999969482422,112.08000183105469
2013-05-08,43500,112.66000366210938,113.33000183105469,113.54000091552734,112.18000030517578,113.33000183105469
2013-05-07,70200,111.19000244140625,112.69000244140625,112.87999725341797,110.63999938964844,112.69000244140625
2013-05-06,48600,110.44000244140625,111.19000244140625,111.86000061035156,110.44000244140625,111.19000244140625
2013-05-03,173400,109.47000122070312,110.7699966430664,113.01000213623047,109.16000366210938,110.7699966430664
2013-05-02,87000,106.44999694824219,107.94000244140625,108.30999755859375,106.0999984741211,107.94000244140625
2013-05-01,143800,107.87999725341797,106.16999816894531,108.55999755859375,106.16999816894531,106.16999816894531
2013-04-30,95300,107.9800033569336,108.41000366210938,108.61000061035156,107.16000366210938,108.41000366210938
2013-04-29,125900,108.08000183105469,108.44000244140625,109.66000366210938,107.94999694824219,108.44000244140625
2013-04-26,163100,109.08000183105469,107.25,109.63999938964844,107.0,107.25
2013-04-25,118300,109.62999725341797,109.22000122070312,110.33999633789062,104.6500015258789,109.22000122070312
2013-04-24,90400,109.0999984741211,109.08000183105469,109.86000061035156,108.30000305175781,109.08000183105469
2013-04-23,78800,109.77999877929688,109.5,110.19000244140625,108.83999633789062,109.5
2013-04-22,86700,107.41000366210938,108.79000091552734,109.37999725341797,105.55000305175781,108.79000091552734
2013-04-19,93500,105.5999984741211,107.30999755859375,107.41999816894531,105.4000015258789,107.30999755859375
2013-04-18,91400,107.75,105.7300033569336,108.16000366210938,105.2699966430664,105.7300033569336
2013-04-17,107600,108.3499984741211,107.63999938964844,108.8499984741211,105.02999877929688,107.63999938964844
2013-04-16,77900,107.13999938964844,109.06999969482422,109.23999786376953,106.56999969482422,109.06999969482422
2013-04-15,148200,109.5999984741211,106.5199966430664,110.26000213623047,106.18000030517578,106.5199966430664
2013-04-12,58500,110.12999725341797,110.18000030517578,111.05000305175781,109.69999694824219,110.18000030517578
2013-04-11,146700,110.27999877929688,110.5,111.37000274658203,110.02999877929688,110.5
2013-04-10,131700,108.66999816894531,110.5,111.70999908447266,108.5,110.5
2013-04-09,194300,109.0,108.63999938964844,109.30000305175781,108.45999908447266,108.63999938964844
2013-04-08,59800,108.27999877929688,108.91999816894531,109.22000122070312,107.73999786376953,108.91999816894531
2013-04-05,85300,105.79000091552734,107.73999786376953,108.0999984741211,105.79000091552734,107.73999786376953
2013-04-04,58800,106.23999786376953,107.63999938964844,107.69000244140625,105.54000091552734,107.63999938964844
2013-04-03,98000,107.76000213623047,106.0,107.76000213623047,105.80999755859375,106.0
2013-04-02,155300,108.13999938964844,107.25,108.3499984741211,107.08999633789062,107.25
2013-04-01,205400,109.22000122070312,107.7300033569336,109.23999786376953,106.97000122070312,107.7300033569336
2013-03-28,149800,109.04000091552734,109.45999908447266,109.93000030517578,108.62000274658203,109.45999908447266
2013-03-27,159800,108.23999786376953,108.66999816894531,110.12999725341797,106.55999755859375,108.66999816894531
2013-03-26,381600,106.91000366210938,109.04000091552734,109.2300033569336,106.23999786376953,109.04000091552734
2013-03-25,131600,105.4000015258789,106.61000061035156,106.87999725341797,105.23999786376953,106.61000061035156
2013-03-22,104000,105.0,105.26000213623047,105.5199966430664,104.77999877929688,105.26000213623047
2013-03-21,121100,102.33999633789062,104.63999938964844,104.8499984741211,102.33999633789062,104.63999938964844
2013-03-20,85600,101.66999816894531,103.19999694824219,103.61000061035156,101.66999816894531,103.19999694824219
2013-03-19,61400,102.3499984741211,101.33000183105469,102.48999786376953,100.12000274658203,101.33000183105469
2013-03-18,86600,100.86000061035156,102.18000030517578,102.5,100.1500015258789,102.18000030517578
2013-03-15,236900,99.76000213623047,102.11000061035156,102.27999877929688,99.33999633789062,102.11000061035156
2013-03-14,128500,100.5,99.79000091552734,100.91000366210938,99.2300033569336,99.79000091552734
2013-03-13,114900,100.98999786376953,100.54000091552734,101.48999786376953,99.5,100.54000091552734
2013-03-12,132100,102.0,101.05999755859375,102.7699966430664,100.70999908447266,101.05999755859375
2013-03-11,97500,102.6500015258789,102.16000366210938,102.88999938964844,101.63999938964844,102.16000366210938
2013-03-08,113000,103.19999694824219,103.08000183105469,103.5,102.48999786376953,103.08000183105469
2013-03-07,76100,103.58000183105469,102.75,103.8499984741211,102.66000366210938,102.75
2013-03-06,109600,104.41999816894531,103.88999938964844,105.63999938964844,103.55999755859375,103.88999938964844
2013-03-05,207600,102.73999786376953,104.31999969482422,104.4000015258789,102.30999755859375,104.31999969482422
2013-03-04,198000,102.83000183105469,103.16999816894531,103.48999786376953,102.18000030517578,103.16999816894531
2013-03-01,204400,100.02999877929688,103.41000366210938,104.0,100.02999877929688,103.41000366210938
2013-02-28,189600,100.05000305175781,100.73999786376953,101.3499984741211,98.05999755859375,100.73999786376953
2013-02-27,90200,95.76000213623047,97.41999816894531,99.02999877929688,95.76000213623047,97.41999816894531
2013-02-26,156000,97.80999755859375,96.02999877929688,98.23999786376953,95.94000244140625,96.02999877929688
2013-02-25,101200,96.94000244140625,97.33999633789062,98.25,96.72000122070312,97.33999633789062
2013-02-22,72000,96.58000183105469,96.4000015258789,96.75,95.11000061035156,96.4000015258789
2013-02-21,57300,95.98999786376953,95.9000015258789,97.0,95.29000091552734,95.9000015258789
2013-02-20,93800,97.51000213623047,96.18000030517578,97.62000274658203,96.0999984741211,96.18000030517578
2013-02-19,87500,96.08000183105469,97.29000091552734,97.5,96.08000183105469,97.29000091552734
2013-02-15,123800,96.66999816894531,96.13999938964844,96.83999633789062,95.4000015258789,96.13999938964844
2013-02-14,85800,95.9000015258789,95.98999786376953,96.25,95.43000030517578,95.98999786376953
2013-02-13,148100,96.54000091552734,96.0,96.54000091552734,95.66000366210938,96.0
2013-02-12,60000,96.31999969482422,96.44999694824219,96.69999694824219,95.77999877929688,96.44999694824219
2013-02-11,55600,96.3499984741211,95.98999786376953,96.3499984741211,95.5999984741211,95.98999786376953
2013-02-08,116300,95.75,96.22000122070312,96.29000091552734,95.25,96.22000122070312
2013-02-07,144200,96.76000213623047,95.88999938964844,96.76000213623047,95.19999694824219,95.88999938964844
2013-02-06,58400,95.52999877929688,96.81999969482422,96.81999969482422,95.48999786376953,96.81999969482422
2013-02-05,157500,93.88999938964844,96.19999694824219,96.58999633789062,92.31999969482422,96.19999694824219
2013-02-04,145600,94.68000030517578,93.33999633789062,95.36000061035156,92.97000122070312,93.33999633789062
2013-02-01,155600,93.77999877929688,95.58999633789062,97.01000213623047,93.77999877929688,95.58999633789062
2013-01-31,76800,93.3499984741211,93.77999877929688,94.18000030517578,92.47000122070312,93.77999877929688
2013-01-30,76500,93.80000305175781,93.30999755859375,94.19000244140625,92.94000244140625,93.30999755859375
2013-01-29,135400,95.5199966430664,94.16999816894531,96.05999755859375,93.97000122070312,94.16999816894531
2013-01-28,230000,92.13999938964844,95.52999877929688,95.8499984741211,91.87999725341797,95.52999877929688
2013-01-25,175600,93.0,92.2699966430664,93.0,91.45999908447266,92.2699966430664
2013-01-24,63100,91.9800033569336,92.63999938964844,93.0,91.80999755859375,92.63999938964844
2013-01-23,76000,91.83000183105469,92.0199966430664,92.27999877929688,91.27999877929688,92.0199966430664
2013-01-22,119400,89.69000244140625,91.45999908447266,92.13999938964844,89.69000244140625,91.45999908447266
2013-01-18,98200,89.5999984741211,89.8499984741211,89.91999816894531,88.95999908447266,89.8499984741211
2013-01-17,105400,89.83999633789062,89.8499984741211,90.44000244140625,89.05999755859375,89.8499984741211
2013-01-16,129900,89.58999633789062,89.27999877929688,90.22000122070312,89.0999984741211,89.27999877929688
2013-01-15,94800,89.7300033569336,90.0,90.38999938964844,89.22000122070312,90.0
2013-01-14,77300,90.4000015258789,90.36000061035156,91.0,89.80999755859375,90.36000061035156
2013-01-11,75500,90.29000091552734,90.30000305175781,90.91000366210938,89.77999877929688,90.30000305175781
2013-01-10,94200,90.98999786376953,90.11000061035156,90.98999786376953,89.36000061035156,90.11000061035156
2013-01-09,88200,91.0999984741211,90.4000015258789,91.48999786376953,90.1500015258789,90.4000015258789
2013-01-08,206600,90.63999938964844,90.68000030517578,91.20999908447266,90.36000061035156,90.68000030517578
2013-01-07,81700,90.68000030517578,90.83000183105469,91.69000244140625,90.41999816894531,90.83000183105469
2013-01-04,151300,91.55999755859375,91.41999816894531,92.18000030517578,90.5199966430664,91.41999816894531
2013-01-03,141400,93.0,91.01000213623047,93.26000213623047,90.38999938964844,91.01000213623047
2013-01-02,207800,91.4800033569336,93.08000183105469,93.30000305175781,91.43000030517578,93.08000183105469
2012-12-31,118200,87.30000305175781,89.37000274658203,89.86000061035156,87.30000305175781,89.37000274658203
2012-12-28,109000,86.73999786376953,87.25,90.2699966430664,86.69000244140625,87.25
2012-12-27,67700,87.05999755859375,87.30999755859375,87.73999786376953,85.62999725341797,87.30999755859375
2012-12-26,95300,87.97000122070312,86.81999969482422,87.97000122070312,86.31999969482422,86.81999969482422
2012-12-24,32700,87.91000366210938,88.0199966430664,88.48999786376953,87.4000015258789,88.0199966430664
2012-12-21,241000,88.72000122070312,88.08999633789062,89.16000366210938,86.55999755859375,88.08999633789062
2012-12-20,165600,87.44000244140625,89.54000091552734,89.86000061035156,87.44000244140625,89.54000091552734
2012-12-19,81600,88.69999694824219,87.48999786376953,88.80999755859375,86.94999694824219,87.48999786376953
2012-12-18,126100,86.4800033569336,88.69000244140625,89.41999816894531,86.06999969482422,88.69000244140625
2012-12-17,75600,86.18000030517578,86.58999633789062,86.83000183105469,85.6500015258789,86.58999633789062
2012-12-14,48400,86.01000213623047,85.7300033569336,87.2300033569336,85.5,85.7300033569336
2012-12-13,73600,85.93000030517578,86.18000030517578,87.06999969482422,85.25,86.18000030517578
2012-12-12,71400,87.41999816894531,86.0999984741211,87.4800033569336,85.58000183105469,86.0999984741211
2012-12-11,117300,86.87000274658203,87.25,88.19000244140625,86.6500015258789,87.25
2012-12-10,53300,86.51000213623047,86.05000305175781,86.86000061035156,82.48999786376953,86.05000305175781
2012-12-07,100400,85.19000244140625,86.4000015258789,86.5,84.9000015258789,86.4000015258789
2012-12-06,78700,85.44000244140625,84.9800033569336,85.9000015258789,84.52999877929688,84.9800033569336
2012-12-05,116900,85.7300033569336,85.7300033569336,86.27999877929688,85.08999633789062,85.7300033569336
2012-12-04,150200,86.33000183105469,85.51000213623047,86.87000274658203,85.33999633789062,85.51000213623047
2012-12-03,98600,87.2300033569336,86.0999984741211,87.29000091552734,85.6500015258789,86.0999984741211
2012-11-30,155100,87.2699966430664,86.86000061035156,87.83000183105469,86.36000061035156,86.86000061035156
2012-11-29,145200,87.58000183105469,86.9000015258789,88.55999755859375,86.58999633789062,86.9000015258789
2012-11-28,154400,85.0999984741211,86.75,87.29000091552734,84.37999725341797,86.75
2012-11-27,309100,87.27999877929688,85.37999725341797,88.97000122070312,84.45999908447266,85.37999725341797
2012-11-26,337100,85.29000091552734,87.0999984741211,88.5,85.29000091552734,87.0999984741211
2012-11-23,58800,84.0,84.83999633789062,84.91000366210938,83.58000183105469,84.83999633789062
2012-11-21,73300,83.58000183105469,83.7699966430664,84.58999633789062,82.94000244140625,83.7699966430664
2012-11-20,114600,81.58999633789062,83.43000030517578,83.55000305175781,81.2300033569336,83.43000030517578
2012-11-19,189700,79.0199966430664,81.94000244140625,82.4800033569336,78.72000122070312,81.94000244140625
2012-11-16,146400,78.18000030517578,78.20999908447266,79.19000244140625,76.8499984741211,78.20999908447266
2012-11-15,194100,76.8499984741211,78.52999877929688,78.63999938964844,76.8499984741211,78.52999877929688
2012-11-14,71900,78.76000213623047,77.05999755859375,78.94000244140625,77.01000213623047,77.05999755859375
2012-11-13,111300,77.94000244140625,78.56999969482422,78.95999908447266,77.0,78.56999969482422
2012-11-12,102600,78.2300033569336,78.5199966430664,80.0999984741211,78.08999633789062,78.5199966430664
2012-11-09,48800,78.41999816894531,77.94999694824219,79.06999969482422,77.30000305175781,77.94999694824219
2012-11-08,71200,80.2699966430664,78.91000366210938,81.0999984741211,78.91000366210938,78.91000366210938
2012-11-07,93500,81.62999725341797,80.37000274658203,82.12000274658203,80.19000244140625,80.37000274658203
2012-11-06,86300,81.5199966430664,82.37999725341797,82.61000061035156,81.3499984741211,82.37999725341797
2012-11-05,129900,81.0,81.11000061035156,82.2699966430664,80.0,81.11000061035156
2012-11-02,75500,83.33999633789062,81.0,84.16999816894531,80.87000274658203,81.0
2012-11-01,116800,82.94000244140625,83.22000122070312,84.8499984741211,81.66000366210938,83.22000122070312
2012-10-31,174500,84.51000213623047,82.9000015258789,85.0,81.83000183105469,82.9000015258789
2012-10-26,95800,82.94000244140625,84.48999786376953,84.5999984741211,82.41999816894531,84.48999786376953
2012-10-25,291000,80.0,83.13999938964844,83.5999984741211,79.5999984741211,83.13999938964844
2012-10-24,88800,77.79000091552734,78.3499984741211,78.36000061035156,77.02999877929688,78.3499984741211
2012-10-23,94900,76.91000366210938,77.72000122070312,77.9000015258789,76.41000366210938,77.72000122070312
2012-10-22,94500,77.5199966430664,77.33000183105469,77.68000030517578,76.69999694824219,77.33000183105469
2012-10-19,140600,80.41000366210938,77.47000122070312,80.6500015258789,77.23999786376953,77.47000122070312
2012-10-18,63400,81.81999969482422,80.95999908447266,81.98999786376953,80.95999908447266,80.95999908447266
2012-10-17,52200,82.11000061035156,82.0,82.2699966430664,81.62000274658203,82.0
2012-10-16,50600,82.02999877929688,82.16000366210938,82.48999786376953,81.52999877929688,82.16000366210938
2012-10-15,129900,81.36000061035156,81.38999938964844,81.7300033569336,80.87999725341797,81.38999938964844
2012-10-12,42800,82.3499984741211,81.4000015258789,82.44999694824219,81.2300033569336,81.4000015258789
2012-10-11,29500,82.38999938964844,82.33999633789062,83.20999908447266,81.81999969482422,82.33999633789062
2012-10-10,61700,81.70999908447266,81.86000061035156,82.16000366210938,80.62999725341797,81.86000061035156
2012-10-09,53000,82.69999694824219,81.69999694824219,82.69999694824219,81.45999908447266,81.69999694824219
2012-10-08,35600,83.31999969482422,82.87000274658203,83.31999969482422,82.04000091552734,82.87000274658203
2012-10-05,52600,83.86000061035156,83.51000213623047,85.22000122070312,83.26000213623047,83.51000213623047
2012-10-04,55200,84.16000366210938,83.68000030517578,84.16000366210938,82.76000213623047,83.68000030517578
2012-10-03,106100,83.4800033569336,83.62999725341797,84.48999786376953,82.94999694824219,83.62999725341797
2012-10-02,117800,82.66999816894531,83.30999755859375,83.52999877929688,82.45999908447266,83.30999755859375
2012-10-01,119700,82.06999969482422,82.4000015258789,82.87000274658203,81.16000366210938,82.4000015258789
2012-09-28,99300,82.16999816894531,81.54000091552734,82.63999938964844,81.44000244140625,81.54000091552734
2012-09-27,166000,81.72000122070312,82.58999633789062,83.18000030517578,81.61000061035156,82.58999633789062
2012-09-26,146900,81.31999969482422,81.36000061035156,81.43000030517578,80.25,81.36000061035156
2012-09-25,193600,81.76000213623047,81.26000213623047,83.0,80.61000061035156,81.26000213623047
2012-09-24,158800,80.62999725341797,81.54000091552734,81.66999816894531,80.01000213623047,81.54000091552734
2012-09-21,220400,81.5,81.04000091552734,82.13999938964844,80.95999908447266,81.04000091552734
2012-09-20,150100,83.23999786376953,81.58000183105469,83.23999786376953,81.19999694824219,81.58000183105469
2012-09-19,137800,83.30999755859375,83.38999938964844,84.06999969482422,82.66000366210938,83.38999938964844
2012-09-18,122400,82.7699966430664,83.11000061035156,83.69999694824219,82.20999908447266,83.11000061035156
2012-09-17,64200,83.29000091552734,83.06999969482422,83.29000091552734,82.44999694824219,83.06999969482422
2012-09-14,120100,82.79000091552734,83.41000366210938,83.61000061035156,79.72000122070312,83.41000366210938
2012-09-13,114900,81.54000091552734,82.33999633789062,82.69999694824219,81.01000213623047,82.33999633789062
2012-09-12,56100,81.88999938964844,81.2300033569336,82.2699966430664,80.76000213623047,81.2300033569336
2012-09-11,161900,82.51000213623047,81.58999633789062,82.5199966430664,81.02999877929688,81.58999633789062
2012-09-10,93200,82.01000213623047,82.37000274658203,82.87999725341797,81.44000244140625,82.37000274658203
2012-09-07,129100,82.9800033569336,82.26000213623047,83.23999786376953,81.7300033569336,82.26000213623047
2012-09-06,146000,82.0999984741211,82.5,82.91000366210938,81.33999633789062,82.5
2012-09-05,244700,82.12000274658203,81.83000183105469,82.55999755859375,81.2699966430664,81.83000183105469
2012-09-04,119600,80.83999633789062,82.44999694824219,82.93000030517578,79.97000122070312,82.44999694824219
2012-08-31,251300,81.58000183105469,81.25,81.81999969482422,80.44000244140625,81.25
2012-08-30,117200,80.88999938964844,80.9800033569336,81.12999725341797,79.58999633789062,80.9800033569336
2012-08-29,88900,81.37999725341797,81.16000366210938,82.12000274658203,80.80000305175781,81.16000366210938
2012-08-28,124800,81.04000091552734,81.48999786376953,82.30999755859375,80.55000305175781,81.48999786376953
2012-08-27,59500,80.93000030517578,81.16999816894531,81.87000274658203,80.5199966430664,81.16999816894531
2012-08-24,225100,82.12999725341797,80.31999969482422,82.45999908447266,80.13999938964844,80.31999969482422
2012-08-23,80200,83.54000091552734,82.55000305175781,84.08000183105469,82.22000122070312,82.55000305175781
2012-08-22,65300,82.79000091552734,83.41000366210938,83.5999984741211,82.5,83.41000366210938
2012-08-21,173500,83.83999633789062,82.91999816894531,84.70999908447266,82.81999969482422,82.91999816894531
2012-08-20,140700,82.7300033569336,83.38999938964844,83.7699966430664,79.1500015258789,83.38999938964844
2012-08-17,54000,81.5999984741211,82.6500015258789,82.81999969482422,81.4800033569336,82.6500015258789
2012-08-16,187200,81.54000091552734,81.81999969482422,82.4800033569336,80.02999877929688,81.81999969482422
2012-08-15,70500,82.91999816894531,84.22000122070312,84.30000305175781,82.91999816894531,84.22000122070312
2012-08-14,75800,83.95999908447266,83.23999786376953,84.18000030517578,82.72000122070312,83.23999786376953
2012-08-13,55200,82.86000061035156,83.5,83.5199966430664,82.41000366210938,83.5
2012-08-10,39500,83.12999725341797,83.08000183105469,83.3499984741211,82.80000305175781,83.08000183105469
2012-08-09,59800,83.23999786376953,83.20999908447266,83.30999755859375,82.87999725341797,83.20999908447266
2012-08-08,108100,81.83000183105469,83.25,83.79000091552734,81.83000183105469,83.25
2012-08-07,140100,82.75,82.2699966430664,83.2699966430664,82.18000030517578,82.2699966430664
2012-08-06,83000,82.54000091552734,82.7300033569336,83.44999694824219,82.29000091552734,82.7300033569336
2012-08-03,201700,80.58999633789062,82.61000061035156,84.3499984741211,80.58999633789062,82.61000061035156
2012-08-02,82200,79.2699966430664,79.31999969482422,80.04000091552734,78.66000366210938,79.31999969482422
2012-08-01,241700,82.61000061035156,79.9000015258789,82.75,78.91999816894531,79.9000015258789
2012-07-31,157100,84.04000091552734,82.52999877929688,84.5,82.4800033569336,82.52999877929688
2012-07-30,278000,85.7699966430664,84.19000244140625,85.7699966430664,83.69000244140625,84.19000244140625
2012-07-27,158500,82.95999908447266,85.33000183105469,85.62999725341797,81.63999938964844,85.33000183105469
2012-07-26,316400,79.9800033569336,82.23999786376953,82.62999725341797,78.4800033569336,82.23999786376953
2012-07-25,140500,79.02999877929688,78.58000183105469,79.29000091552734,78.29000091552734,78.58000183105469
2012-07-24,159200,77.62999725341797,78.5,78.72000122070312,76.94000244140625,78.5
2012-07-23,84300,77.2699966430664,77.79000091552734,78.26000213623047,77.06999969482422,77.79000091552734
2012-07-20,123800,78.44000244140625,78.62000274658203,79.26000213623047,78.0,78.62000274658203
2012-07-19,56100,80.08000183105469,79.30000305175781,80.2699966430664,79.23999786376953,79.30000305175781
2012-07-18,71900,80.05999755859375,80.08999633789062,80.63999938964844,79.61000061035156,80.08999633789062
2012-07-17,125100,80.2300033569336,80.0999984741211,80.30999755859375,79.05000305175781,80.0999984741211
2012-07-16,81200,79.47000122070312,79.5,80.19999694824219,79.16999816894531,79.5
2012-07-13,105400,79.0,79.76000213623047,80.12000274658203,78.29000091552734,79.76000213623047
2012-07-12,144300,79.51000213623047,79.0,79.83999633789062,78.68000030517578,79.0
2012-07-11,135100,80.69000244140625,80.08000183105469,81.05999755859375,79.41999816894531,80.08000183105469
2012-07-10,165900,81.69000244140625,80.58999633789062,81.69000244140625,80.3499984741211,80.58999633789062
2012-07-09,132700,80.5999984741211,81.16999816894531,82.13999938964844,80.06999969482422,81.16999816894531
2012-07-06,168900,82.62999725341797,80.87999725341797,82.62999725341797,79.97000122070312,80.87999725341797
2012-07-05,83300,85.4000015258789,84.62999725341797,85.5199966430664,84.25,84.62999725341797
2012-07-03,101000,83.54000091552734,85.4000015258789,85.5199966430664,83.11000061035156,85.4000015258789
2012-07-02,259200,81.38999938964844,83.70999908447266,83.73999786376953,79.73999786376953,83.70999908447266
2012-06-29,310700,80.5199966430664,81.19999694824219,83.12999725341797,80.5199966430664,81.19999694824219
2012-06-28,291400,79.19000244140625,79.5,79.66999816894531,79.18000030517578,79.5
2012-06-27,116000,79.0,79.98999786376953,80.30000305175781,79.0,79.98999786376953
2012-06-26,148700,77.29000091552734,78.95999908447266,79.30000305175781,77.05000305175781,78.95999908447266
2012-06-25,125600,77.0,77.16000366210938,77.37000274658203,76.1500015258789,77.16000366210938
2012-06-22,234800,77.36000061035156,77.5,77.62999725341797,77.0199966430664,77.5
2012-06-21,280300,77.86000061035156,77.16000366210938,78.16000366210938,76.5999984741211,77.16000366210938
2012-06-20,171500,79.52999877929688,77.7699966430664,79.52999877929688,77.02999877929688,77.7699966430664
2012-06-19,265100,79.41999816894531,79.73999786376953,79.97000122070312,78.86000061035156,79.73999786376953
2012-06-18,162600,78.01000213623047,79.05999755859375,79.25,77.75,79.05999755859375
2012-06-15,187400,77.55000305175781,78.37000274658203,79.33000183105469,77.55000305175781,78.37000274658203
2012-06-14,123000,77.0999984741211,77.94000244140625,78.05000305175781,76.7300033569336,77.94000244140625
2012-06-13,254900,78.2300033569336,76.93000030517578,78.2300033569336,76.80000305175781,76.93000030517578
2012-06-12,188000,78.05000305175781,78.1500015258789,78.41000366210938,77.41000366210938,78.1500015258789
2012-06-11,226900,78.37999725341797,77.54000091552734,78.37999725341797,77.33999633789062,77.54000091552734
2012-06-08,176300,76.08999633789062,77.25,77.69999694824219,75.8499984741211,77.25
2012-06-07,195300,77.38999938964844,76.18000030517578,78.12000274658203,76.0199966430664,76.18000030517578
2012-06-06,180400,73.69000244140625,76.19000244140625,76.72000122070312,73.69000244140625,76.19000244140625
2012-06-05,112800,72.13999938964844,73.44999694824219,73.73999786376953,72.01000213623047,73.44999694824219
2012-06-04,182200,72.45999908447266,72.23999786376953,73.16999816894531,71.6500015258789,72.23999786376953
2012-06-01,210200,72.63999938964844,72.02999877929688,72.88999938964844,71.5999984741211,72.02999877929688
2012-05-31,192000,73.73999786376953,73.88999938964844,74.23999786376953,72.8499984741211,73.88999938964844
2012-05-30,280900,73.2300033569336,73.7300033569336,74.16000366210938,73.0,73.7300033569336
2012-05-29,109200,73.2300033569336,73.68000030517578,73.8499984741211,72.43000030517578,73.68000030517578
2012-05-25,126800,72.69000244140625,72.66999816894531,73.06999969482422,72.3499984741211,72.66999816894531
2012-05-24,182500,71.9800033569336,72.95999908447266,73.19000244140625,71.62999725341797,72.95999908447266
2012-05-23,154000,70.41999816894531,72.05999755859375,72.41000366210938,69.6500015258789,72.05999755859375
2012-05-22,183000,70.80999755859375,71.29000091552734,71.5199966430664,70.3499984741211,71.29000091552734
2012-05-21,100400,69.44000244140625,70.77999877929688,70.86000061035156,68.44000244140625,70.77999877929688
2012-05-18,173400,69.91000366210938,69.16999816894531,70.4800033569336,68.87999725341797,69.16999816894531
2012-05-17,252500,70.62999725341797,70.08000183105469,70.88999938964844,69.44999694824219,70.08000183105469
2012-05-16,149800,70.5999984741211,70.75,71.02999877929688,70.51000213623047,70.75
2012-05-15,187000,69.5999984741211,70.45999908447266,70.6500015258789,68.80999755859375,70.45999908447266
2012-05-14,129100,69.62000274658203,69.80999755859375,70.2300033569336,68.87000274658203,69.80999755859375
2012-05-11,123600,69.41999816894531,70.05000305175781,70.6500015258789,69.41999816894531,70.05000305175781
2012-05-10,221000,68.91999816894531,70.05000305175781,70.05999755859375,68.56999969482422,70.05000305175781
2012-05-09,147000,68.37999725341797,68.41999816894531,69.5,68.29000091552734,68.41999816894531
2012-05-08,197200,68.83999633789062,69.30999755859375,69.52999877929688,68.13999938964844,69.30999755859375
2012-05-07,345000,70.47000122070312,70.5,70.5999984741211,69.0999984741211,70.5
2012-05-04,760600,70.19999694824219,70.51000213623047,70.9800033569336,69.95999908447266,70.51000213623047
2012-05-03,286300,71.6500015258789,70.51000213623047,71.9800033569336,69.77999877929688,70.51000213623047
2012-05-02,160700,71.95999908447266,71.5,72.45999908447266,71.33000183105469,71.5
2012-05-01,412300,72.87000274658203,72.72000122070312,73.01000213623047,72.19000244140625,72.72000122070312
2012-04-30,191000,73.6500015258789,72.88999938964844,73.6500015258789,72.7300033569336,72.88999938964844
2012-04-27,224500,70.41000366210938,73.16999816894531,73.41999816894531,70.41000366210938,73.16999816894531
2012-04-26,392600,71.94000244140625,72.80999755859375,73.41000366210938,71.52999877929688,72.80999755859375
2012-04-25,260400,70.9800033569336,71.80000305175781,72.08000183105469,70.76000213623047,71.80000305175781
2012-04-24,146100,70.47000122070312,70.08000183105469,71.30000305175781,69.5999984741211,70.08000183105469
2012-04-23,109500,69.87999725341797,70.5999984741211,71.02999877929688,69.27999877929688,70.5999984741211
2012-04-20,298500,71.81999969482422,71.0,71.81999969482422,70.62999725341797,71.0
2012-04-19,276700,72.05999755859375,70.76000213623047,72.13999938964844,70.62000274658203,70.76000213623047
2012-04-18,616000,69.55999755859375,72.12000274658203,73.23999786376953,69.20999908447266,72.12000274658203
2012-04-17,126800,68.45999908447266,68.79000091552734,69.37000274658203,68.0,68.79000091552734
2012-04-16,213300,67.69999694824219,67.88999938964844,68.37000274658203,67.19999694824219,67.88999938964844
2012-04-13,100200,68.0,67.69999694824219,68.33000183105469,67.38999938964844,67.69999694824219
2012-04-12,186800,67.80999755859375,68.16000366210938,69.08000183105469,67.80999755859375,68.16000366210938
2012-04-11,144200,67.94000244140625,67.8499984741211,68.33000183105469,67.02999877929688,67.8499984741211
2012-04-10,257600,68.3499984741211,67.26000213623047,68.87999725341797,67.13999938964844,67.26000213623047
2012-04-09,151300,67.63999938964844,68.48999786376953,68.91000366210938,67.31999969482422,68.48999786376953
2012-04-05,127000,68.94000244140625,68.94999694824219,69.41000366210938,68.6500015258789,68.94999694824219
2012-04-04,255400,68.02999877929688,69.4800033569336,69.70999908447266,67.98999786376953,69.4800033569336
2012-04-03,109700,69.16999816894531,68.86000061035156,70.94000244140625,68.47000122070312,68.86000061035156
2012-04-02,186600,68.73999786376953,69.54000091552734,69.68000030517578,68.37999725341797,69.54000091552734
2012-03-30,133600,70.56999969482422,69.05000305175781,70.56999969482422,68.88999938964844,69.05000305175781
2012-03-29,210100,69.16000366210938,69.86000061035156,70.1500015258789,68.62000274658203,69.86000061035156
2012-03-28,390500,69.05000305175781,69.79000091552734,70.12000274658203,68.6500015258789,69.79000091552734
2012-03-27,93200,69.37999725341797,69.08000183105469,69.73999786376953,69.0,69.08000183105469
2012-03-26,181500,68.9000015258789,69.54000091552734,69.62999725341797,67.7300033569336,69.54000091552734
2012-03-23,113800,67.47000122070312,68.36000061035156,68.43000030517578,66.9800033569336,68.36000061035156
2012-03-22,135500,66.5,67.2699966430664,67.4000015258789,66.5,67.2699966430664
2012-03-21,66300,66.6500015258789,67.2699966430664,67.36000061035156,66.45999908447266,67.2699966430664
2012-03-20,176400,66.68000030517578,66.5999984741211,66.95999908447266,64.44999694824219,66.5999984741211
2012-03-19,126900,66.75,67.30000305175781,67.80999755859375,66.4000015258789,67.30000305175781
2012-03-16,329400,66.83000183105469,67.06999969482422,67.4000015258789,65.37000274658203,67.06999969482422
2012-03-15,134500,65.44999694824219,66.66999816894531,66.7300033569336,65.02999877929688,66.66999816894531
2012-03-14,239800,65.02999877929688,65.5,65.63999938964844,64.69999694824219,65.5
2012-03-13,206600,63.599998474121094,65.3499984741211,65.3499984741211,63.599998474121094,65.3499984741211
2012-03-12,102400,62.7400016784668,63.119998931884766,63.22999954223633,62.45000076293945,63.119998931884766
2012-03-09,100200,61.209999084472656,62.52000045776367,63.20000076293945,61.209999084472656,62.52000045776367
2012-03-08,107000,60.36000061035156,61.40999984741211,61.75,59.959999084472656,61.40999984741211
2012-03-07,310400,58.95000076293945,60.18000030517578,61.36000061035156,58.47999954223633,60.18000030517578
2012-03-06,227300,58.15999984741211,58.91999816894531,59.09000015258789,57.88999938964844,58.91999816894531
2012-03-05,149700,58.560001373291016,58.939998626708984,59.369998931884766,58.310001373291016,58.939998626708984
2012-03-02,238300,60.689998626708984,58.91999816894531,60.689998626708984,58.2599983215332,58.91999816894531
2012-03-01,295500,60.04999923706055,60.849998474121094,60.880001068115234,59.7400016784668,60.849998474121094
2012-02-29,165200,61.04999923706055,59.97999954223633,61.459999084472656,59.97999954223633,59.97999954223633
2012-02-28,210400,60.52000045776367,60.7599983215332,60.84000015258789,60.02000045776367,60.7599983215332
2012-02-27,132200,60.54999923706055,60.5,60.650001525878906,59.22999954223633,60.5
2012-02-24,194600,60.31999969482422,60.7400016784668,60.970001220703125,59.720001220703125,60.7400016784668
2012-02-23,238400,60.400001525878906,60.369998931884766,61.0,59.900001525878906,60.369998931884766
2012-02-22,81100,58.56999969482422,58.20000076293945,59.279998779296875,56.4900016784668,58.20000076293945
2012-02-21,104300,59.369998931884766,58.95000076293945,59.849998474121094,58.540000915527344,58.95000076293945
2012-02-17,106900,60.5,59.45000076293945,60.5,59.310001373291016,59.45000076293945
2012-02-16,121500,58.459999084472656,60.369998931884766,60.38999938964844,57.880001068115234,60.369998931884766
2012-02-15,106900,58.95000076293945,58.4900016784668,58.95000076293945,58.0099983215332,58.4900016784668
2012-02-14,113400,58.4900016784668,58.79999923706055,58.79999923706055,57.880001068115234,58.79999923706055
2012-02-13,140300,58.099998474121094,58.7599983215332,58.7599983215332,57.27000045776367,58.7599983215332
2012-02-10,139800,57.68000030517578,57.68000030517578,57.97999954223633,57.40999984741211,57.68000030517578
2012-02-09,74700,57.95000076293945,58.04999923706055,58.290000915527344,57.22999954223633,58.04999923706055
2012-02-08,103900,58.15999984741211,57.77000045776367,58.15999984741211,57.36000061035156,57.77000045776367
2012-02-07,160900,57.97999954223633,58.16999816894531,58.619998931884766,57.72999954223633,58.16999816894531
2012-02-06,190400,58.959999084472656,57.95000076293945,58.959999084472656,57.88999938964844,57.95000076293945
2012-02-03,116100,58.099998474121094,59.220001220703125,59.56999969482422,57.970001220703125,59.220001220703125
2012-02-02,106300,57.0,57.06999969482422,57.689998626708984,56.369998931884766,57.06999969482422
2012-02-01,387900,56.880001068115234,56.869998931884766,57.650001525878906,56.130001068115234,56.869998931884766
2012-01-31,428100,60.220001220703125,56.66999816894531,60.38999938964844,56.65999984741211,56.66999816894531
2012-01-30,54000,59.970001220703125,60.040000915527344,60.5,59.779998779296875,60.040000915527344
2012-01-27,111600,59.90999984741211,60.34000015258789,60.70000076293945,59.52000045776367,60.34000015258789
2012-01-26,158100,60.47999954223633,60.20000076293945,60.47999954223633,59.650001525878906,60.20000076293945
2012-01-25,276600,60.060001373291016,59.9900016784668,60.279998779296875,59.36000061035156,59.9900016784668
2012-01-24,163800,60.2400016784668,60.130001068115234,60.34000015258789,59.91999816894531,60.130001068115234
2012-01-23,144800,60.52000045776367,60.29999923706055,60.84000015258789,59.93000030517578,60.29999923706055
2012-01-20,344600,61.09000015258789,60.599998474121094,61.38999938964844,60.45000076293945,60.599998474121094
2012-01-19,154500,62.209999084472656,61.54999923706055,63.119998931884766,61.4900016784668,61.54999923706055
2012-01-18,103900,61.34000015258789,62.18000030517578,62.45000076293945,60.70000076293945,62.18000030517578
2012-01-17,198400,62.16999816894531,61.349998474121094,62.90999984741211,60.86000061035156,61.349998474121094
2012-01-13,68500,61.45000076293945,61.56999969482422,62.279998779296875,61.119998931884766,61.56999969482422
2012-01-12,202600,61.86000061035156,61.97999954223633,62.310001373291016,61.29999923706055,61.97999954223633
2012-01-11,79400,61.66999816894531,61.88999938964844,62.09000015258789,61.459999084472656,61.88999938964844
2012-01-10,105400,62.189998626708984,62.0,62.43000030517578,61.90999984741211,62.0
2012-01-09,253600,62.779998779296875,61.369998931884766,62.779998779296875,61.16999816894531,61.369998931884766
2012-01-06,226400,62.970001220703125,62.380001068115234,63.29999923706055,62.11000061035156,62.380001068115234
2012-01-05,259300,63.5,63.150001525878906,64.54000091552734,62.45000076293945,63.150001525878906
2012-01-04,350000,65.27999877929688,63.900001525878906,66.0199966430664,63.59000015258789,63.900001525878906
2012-01-03,163500,68.23999786376953,65.87999725341797,68.31999969482422,65.43000030517578,65.87999725341797
2011-12-30,130200,66.8499984741211,66.7300033569336,67.30999755859375,66.36000061035156,66.7300033569336
2011-12-29,75700,65.98999786376953,66.88999938964844,67.52999877929688,65.87999725341797,66.88999938964844
2011-12-28,87900,66.62000274658203,65.75,66.62000274658203,65.51000213623047,65.75
2011-12-27,77000,66.66000366210938,66.75,67.12000274658203,66.36000061035156,66.75
2011-12-23,58100,66.54000091552734,67.04000091552734,67.75,66.43000030517578,67.04000091552734
2011-12-22,162900,66.83999633789062,66.5199966430664,68.45999908447266,65.77999877929688,66.5199966430664
2011-12-21,219500,68.48999786376953,66.51000213623047,68.48999786376953,65.26000213623047,66.51000213623047
2011-12-20,149300,66.76000213623047,68.38999938964844,68.62000274658203,65.5199966430664,68.38999938964844
2011-12-19,106300,65.22000122070312,65.3499984741211,65.5199966430664,63.84000015258789,65.3499984741211
2011-12-16,217700,64.52999877929688,64.66999816894531,65.12000274658203,63.95000076293945,64.66999816894531
2011-12-15,120800,63.56999969482422,63.83000183105469,63.880001068115234,63.25,63.83000183105469
2011-12-14,108400,63.970001220703125,62.58000183105469,64.58999633789062,62.5,62.58000183105469
2011-12-13,114900,65.63999938964844,64.72000122070312,66.37000274658203,64.19999694824219,64.72000122070312
2011-12-12,134700,65.8499984741211,65.19000244140625,66.44000244140625,64.76000213623047,65.19000244140625
2011-12-09,138500,64.45999908447266,66.86000061035156,67.2699966430664,64.45999908447266,66.86000061035156
2011-12-08,94200,65.54000091552734,64.47000122070312,66.87000274658203,64.33000183105469,64.47000122070312
2011-12-07,120300,65.88999938964844,66.0199966430664,66.19000244140625,65.12000274658203,66.0199966430664
2011-12-06,116300,67.30000305175781,66.48999786376953,67.30000305175781,65.72000122070312,66.48999786376953
2011-12-05,75200,67.52999877929688,67.08000183105469,67.91000366210938,66.56999969482422,67.08000183105469
2011-12-02,42700,67.4800033569336,66.56999969482422,67.83999633789062,66.33999633789062,66.56999969482422
2011-12-01,94200,66.16999816894531,66.58000183105469,68.0,65.8499984741211,66.58000183105469
2011-11-30,201000,66.02999877929688,66.54000091552734,66.63999938964844,65.51000213623047,66.54000091552734
2011-11-29,85000,63.47999954223633,63.619998931884766,64.37999725341797,63.06999969482422,63.619998931884766
2011-11-28,167000,60.08000183105469,63.470001220703125,63.470001220703125,58.560001373291016,63.470001220703125
2011-11-25,56200,58.16999816894531,58.09000015258789,59.15999984741211,58.08000183105469,58.09000015258789
2011-11-23,121000,58.56999969482422,58.59000015258789,59.15999984741211,57.52000045776367,58.59000015258789
2011-11-22,98600,60.06999969482422,59.31999969482422,60.61000061035156,59.220001220703125,59.31999969482422
2011-11-21,125500,61.4900016784668,60.029998779296875,61.91999816894531,59.9900016784668,60.029998779296875
2011-11-18,72000,62.36000061035156,62.68000030517578,63.150001525878906,61.86000061035156,62.68000030517578
2011-11-17,63600,62.810001373291016,62.709999084472656,63.54999923706055,62.220001220703125,62.709999084472656
2011-11-16,91800,63.43000030517578,62.959999084472656,64.58000183105469,62.66999816894531,62.959999084472656
2011-11-15,120400,62.66999816894531,64.2300033569336,64.48999786376953,62.16999816894531,64.2300033569336
2011-11-14,78800,62.15999984741211,63.0,63.41999816894531,61.720001220703125,63.0
2011-11-11,167700,62.22999954223633,62.33000183105469,63.400001525878906,61.91999816894531,62.33000183105469
2011-11-10,86300,62.59000015258789,61.47999954223633,62.72999954223633,60.959999084472656,61.47999954223633
2011-11-09,117400,63.040000915527344,61.540000915527344,63.33000183105469,61.45000076293945,61.540000915527344
2011-11-08,96900,64.36000061035156,64.55999755859375,64.8499984741211,62.79999923706055,64.55999755859375
2011-11-07,80600,63.59000015258789,64.0,64.25,62.630001068115234,64.0
2011-11-04,93700,63.2599983215332,63.540000915527344,63.90999984741211,61.81999969482422,63.540000915527344
2011-11-03,96800,62.630001068115234,63.95000076293945,64.08999633789062,61.22999954223633,63.95000076293945
2011-11-02,102100,60.310001373291016,61.97999954223633,62.220001220703125,60.18000030517578,61.97999954223633
2011-11-01,251100,59.54999923706055,59.540000915527344,61.2599983215332,58.29999923706055,59.540000915527344
2011-10-31,120400,61.54999923706055,61.529998779296875,62.599998474121094,60.900001525878906,61.529998779296875
2011-10-28,125400,63.91999816894531,62.41999816894531,64.41000366210938,62.13999938964844,62.41999816894531
2011-10-27,257700,60.27000045776367,63.88999938964844,64.30000305175781,58.47999954223633,63.88999938964844
2011-10-26,144000,57.54999923706055,58.029998779296875,58.43000030517578,55.560001373291016,58.029998779296875
2011-10-25,97100,57.34000015258789,56.290000915527344,57.630001068115234,56.15999984741211,56.290000915527344
2011-10-24,73500,56.02000045776367,57.849998474121094,58.0,56.02000045776367,57.849998474121094
2011-10-21,69600,55.290000915527344,55.9900016784668,56.119998931884766,54.97999954223633,55.9900016784668
2011-10-20,66200,54.849998474121094,54.61000061035156,54.849998474121094,53.04999923706055,54.61000061035156
2011-10-19,64800,55.83000183105469,54.709999084472656,56.540000915527344,54.349998474121094,54.709999084472656
2011-10-18,117800,53.97999954223633,55.900001525878906,56.20000076293945,53.38999938964844,55.900001525878906
2011-10-17,107100,55.18000030517578,53.7599983215332,55.22999954223633,53.4900016784668,53.7599983215332
2011-10-14,64200,54.90999984741211,55.66999816894531,55.88999938964844,54.290000915527344,55.66999816894531
2011-10-13,45700,54.04999923706055,54.38999938964844,54.81999969482422,53.29999923706055,54.38999938964844
2011-10-12,87400,53.65999984741211,54.31999969482422,54.72999954223633,53.2599983215332,54.31999969482422
2011-10-11,103200,52.08000183105469,53.290000915527344,53.65999984741211,51.20000076293945,53.290000915527344
2011-10-10,127900,52.40999984741211,52.560001373291016,52.84000015258789,51.7400016784668,52.560001373291016
2011-10-07,99200,52.290000915527344,51.41999816894531,53.04999923706055,50.630001068115234,51.41999816894531
2011-10-06,175100,52.20000076293945,52.040000915527344,52.369998931884766,51.459999084472656,52.040000915527344
2011-10-05,132200,52.20000076293945,52.18000030517578,53.619998931884766,51.54999923706055,52.18000030517578
2011-10-04,171700,48.880001068115234,52.18000030517578,52.220001220703125,48.709999084472656,52.18000030517578
2011-10-03,207200,51.529998779296875,49.220001220703125,52.45000076293945,49.209999084472656,49.220001220703125
2011-09-30,156300,51.40999984741211,51.970001220703125,52.61000061035156,51.20000076293945,51.970001220703125
2011-09-29,77300,52.58000183105469,52.20000076293945,53.4900016784668,50.470001220703125,52.20000076293945
2011-09-28,106200,53.900001525878906,51.400001525878906,53.9900016784668,51.38999938964844,51.400001525878906
2011-09-27,134600,52.54999923706055,54.0099983215332,55.08000183105469,52.41999816894531,54.0099983215332
2011-09-26,79500,51.369998931884766,51.529998779296875,51.540000915527344,49.560001373291016,51.529998779296875
2011-09-23,164300,50.5099983215332,50.959999084472656,51.13999938964844,49.720001220703125,50.959999084472656
2011-09-22,165800,50.38999938964844,50.540000915527344,51.59000015258789,49.369998931884766,50.540000915527344
2011-09-21,237400,53.959999084472656,51.97999954223633,54.58000183105469,51.869998931884766,51.97999954223633
2011-09-20,128100,54.2599983215332,54.060001373291016,55.81999969482422,53.810001373291016,54.060001373291016
2011-09-19,144500,53.16999816894531,54.040000915527344,54.130001068115234,52.86000061035156,54.040000915527344
2011-09-16,201700,54.029998779296875,54.18000030517578,54.5,53.41999816894531,54.18000030517578
2011-09-15,140500,53.099998474121094,53.560001373291016,53.7599983215332,52.2599983215332,53.560001373291016
2011-09-14,157300,51.34000015258789,52.099998474121094,52.810001373291016,50.040000915527344,52.099998474121094
2011-09-13,137700,50.08000183105469,50.97999954223633,51.34000015258789,50.0099983215332,50.97999954223633
2011-09-12,132500,48.33000183105469,49.9900016784668,50.04999923706055,48.33000183105469,49.9900016784668
2011-09-09,190300,50.209999084472656,49.189998626708984,50.33000183105469,48.04999923706055,49.189998626708984
2011-09-08,113200,51.04999923706055,50.7400016784668,51.7400016784668,50.220001220703125,50.7400016784668
2011-09-07,147400,49.5099983215332,51.439998626708984,51.61000061035156,48.63999938964844,51.439998626708984
2011-09-06,220100,47.90999984741211,48.72999954223633,48.86000061035156,47.31999969482422,48.72999954223633
2011-09-02,196000,49.72999954223633,48.36000061035156,49.84000015258789,48.310001373291016,48.36000061035156
2011-09-01,180300,51.08000183105469,50.61000061035156,52.06999969482422,50.2599983215332,50.61000061035156
2011-08-31,193500,50.540000915527344,51.18000030517578,51.22999954223633,49.4900016784668,51.18000030517578
2011-08-30,172300,49.68000030517578,50.130001068115234,50.5,48.36000061035156,50.130001068115234
2011-08-29,177800,49.0,50.09000015258789,50.400001525878906,48.060001373291016,50.09000015258789
2011-08-26,107300,47.02000045776367,48.29999923706055,48.4900016784668,46.97999954223633,48.29999923706055
2011-08-25,120300,49.619998931884766,47.40999984741211,49.619998931884766,47.22999954223633,47.40999984741211
2011-08-24,104100,48.939998626708984,49.209999084472656,49.77000045776367,47.810001373291016,49.209999084472656
2011-08-23,196600,46.70000076293945,48.900001525878906,48.95000076293945,46.68000030517578,48.900001525878906
2011-08-22,145900,48.869998931884766,46.70000076293945,49.43000030517578,46.40999984741211,46.70000076293945
2011-08-19,185900,46.709999084472656,47.650001525878906,48.66999816894531,46.68000030517578,47.650001525878906
2011-08-18,258000,49.72999954223633,47.41999816894531,49.72999954223633,47.02000045776367,47.41999816894531
2011-08-17,104800,51.90999984741211,51.2599983215332,51.95000076293945,50.900001525878906,51.2599983215332
2011-08-16,212600,50.869998931884766,51.58000183105469,52.09000015258789,50.27000045776367,51.58000183105469
2011-08-15,174900,49.650001525878906,51.31999969482422,51.31999969482422,49.47999954223633,51.31999969482422
2011-08-12,126200,48.61000061035156,49.310001373291016,49.5099983215332,47.45000076293945,49.310001373291016
2011-08-11,553400,47.189998626708984,48.209999084472656,48.66999816894531,47.0,48.209999084472656
2011-08-10,405600,49.2400016784668,46.95000076293945,49.2599983215332,46.88999938964844,46.95000076293945
2011-08-09,604700,53.02000045776367,50.279998779296875,54.29999923706055,48.59000015258789,50.279998779296875
2011-08-08,405100,54.029998779296875,51.86000061035156,55.84000015258789,51.86000061035156,51.86000061035156
2011-08-05,437800,56.279998779296875,55.959999084472656,57.38999938964844,54.63999938964844,55.959999084472656
2011-08-04,254000,56.43000030517578,55.630001068115234,56.779998779296875,55.59000015258789,55.630001068115234
2011-08-03,109600,57.5099983215332,57.34000015258789,58.029998779296875,56.130001068115234,57.34000015258789
2011-08-02,170400,58.7400016784668,57.22999954223633,59.40999984741211,57.189998626708984,57.22999954223633
2011-08-01,284500,59.36000061035156,59.040000915527344,60.38999938964844,58.5,59.040000915527344
2011-07-29,171600,58.18000030517578,58.7599983215332,59.45000076293945,58.099998474121094,58.7599983215332
2011-07-28,331200,57.400001525878906,58.65999984741211,59.47999954223633,57.400001525878906,58.65999984741211
2011-07-27,200500,57.880001068115234,57.0,58.560001373291016,56.599998474121094,57.0
2011-07-26,120500,57.880001068115234,58.02000045776367,58.220001220703125,57.13999938964844,58.02000045776367
2011-07-25,64100,57.54999923706055,57.77000045776367,58.119998931884766,57.459999084472656,57.77000045776367
2011-07-22,54200,58.0,58.11000061035156,58.36000061035156,57.41999816894531,58.11000061035156
2011-07-21,83700,57.310001373291016,57.88999938964844,58.15999984741211,56.66999816894531,57.88999938964844
2011-07-20,73200,57.369998931884766,56.91999816894531,57.439998626708984,56.209999084472656,56.91999816894531
2011-07-19,76200,55.91999816894531,57.209999084472656,57.310001373291016,55.54999923706055,57.209999084472656
2011-07-18,62100,56.4900016784668,55.599998474121094,56.4900016784668,55.189998626708984,55.599998474121094
2011-07-15,85100,57.150001525878906,56.650001525878906,57.66999816894531,56.119998931884766,56.650001525878906
2011-07-14,166400,58.58000183105469,57.04999923706055,58.58000183105469,56.970001220703125,57.04999923706055
2011-07-13,126300,58.439998626708984,58.58000183105469,58.7400016784668,58.119998931884766,58.58000183105469
2011-07-12,162100,57.61000061035156,58.18000030517578,58.45000076293945,57.439998626708984,58.18000030517578
2011-07-11,154100,58.08000183105469,57.81999969482422,58.650001525878906,57.439998626708984,57.81999969482422
2011-07-08,80700,58.209999084472656,58.83000183105469,58.91999816894531,58.209999084472656,58.83000183105469
2011-07-07,161800,59.790000915527344,59.2400016784668,59.790000915527344,59.150001525878906,59.2400016784668
2011-07-06,167100,59.52000045776367,59.20000076293945,59.849998474121094,57.9900016784668,59.20000076293945
2011-07-05,71600,59.349998474121094,59.5,59.91999816894531,59.150001525878906,59.5
2011-07-01,179900,59.380001068115234,59.25,59.380001068115234,58.2400016784668,59.25
2011-06-30,255000,58.189998626708984,59.279998779296875,60.29999923706055,57.099998474121094,59.279998779296875
2011-06-29,188800,57.97999954223633,58.09000015258789,58.27000045776367,57.25,58.09000015258789
2011-06-28,135700,57.16999816894531,57.75,58.0,56.84000015258789,57.75
2011-06-27,333000,55.88999938964844,57.060001373291016,57.439998626708984,55.2599983215332,57.060001373291016
2011-06-24,737500,57.099998474121094,55.86000061035156,57.529998779296875,55.61000061035156,55.86000061035156
2011-06-23,125500,56.880001068115234,57.15999984741211,57.52000045776367,55.79999923706055,57.15999984741211
2011-06-22,68600,57.650001525878906,57.400001525878906,58.150001525878906,57.369998931884766,57.400001525878906
2011-06-21,138600,57.83000183105469,58.0,58.400001525878906,57.650001525878906,58.0
2011-06-20,127600,57.5,57.47999954223633,58.09000015258789,57.13999938964844,57.47999954223633
2011-06-17,210000,58.529998779296875,57.86000061035156,58.529998779296875,57.119998931884766,57.86000061035156
2011-06-16,164300,57.29999923706055,58.18000030517578,58.5,56.36000061035156,58.18000030517578
2011-06-15,92500,57.95000076293945,57.220001220703125,58.41999816894531,57.099998474121094,57.220001220703125
2011-06-14,92800,57.83000183105469,58.68000030517578,58.900001525878906,57.83000183105469,58.68000030517578
2011-06-13,114300,57.779998779296875,57.119998931884766,58.58000183105469,56.91999816894531,57.119998931884766
2011-06-10,132400,58.689998626708984,57.33000183105469,59.31999969482422,57.099998474121094,57.33000183105469
2011-06-09,143500,58.790000915527344,59.13999938964844,59.29999923706055,58.16999816894531,59.13999938964844
2011-06-08,187800,58.31999969482422,58.5,58.9900016784668,57.83000183105469,58.5
2011-06-07,129600,59.349998474121094,58.59000015258789,59.720001220703125,58.310001373291016,58.59000015258789
2011-06-06,179800,59.369998931884766,58.65999984741211,60.150001525878906,58.560001373291016,58.65999984741211
2011-06-03,127000,59.310001373291016,59.29999923706055,59.54999923706055,58.349998474121094,59.29999923706055
2011-06-02,183000,60.939998626708984,60.22999954223633,61.56999969482422,60.0,60.22999954223633
2011-06-01,181000,63.0,61.02000045776367,63.040000915527344,61.02000045776367,61.02000045776367
2011-05-31,304700,63.59000015258789,63.099998474121094,64.25,61.63999938964844,63.099998474121094
2011-05-27,518300,62.20000076293945,63.15999984741211,64.0999984741211,62.20000076293945,63.15999984741211
2011-05-26,2019100,59.849998474121094,62.75,62.86000061035156,59.709999084472656,62.75
2011-05-25,608600,63.029998779296875,61.529998779296875,63.380001068115234,60.810001373291016,61.529998779296875
2011-05-24,209400,64.8499984741211,63.619998931884766,64.95999908447266,63.4900016784668,63.619998931884766
2011-05-23,235700,66.47000122070312,64.5999984741211,66.47000122070312,64.5,64.5999984741211
2011-05-20,159400,68.13999938964844,67.7300033569336,68.58000183105469,67.54000091552734,67.7300033569336
2011-05-19,114200,69.0,68.5199966430664,69.23999786376953,68.13999938964844,68.5199966430664
2011-05-18,136000,69.0,68.58000183105469,69.12999725341797,68.2699966430664,68.58000183105469
2011-05-17,199800,69.94999694824219,68.87000274658203,69.95999908447266,68.55999755859375,68.87000274658203
2011-05-16,167800,71.19000244140625,70.0,71.3499984741211,69.9800033569336,70.0
2011-05-13,127000,73.01000213623047,71.75,73.43000030517578,71.27999877929688,71.75
2011-05-12,224300,70.19999694824219,72.83999633789062,72.8499984741211,69.7300033569336,72.83999633789062
2011-05-11,171800,70.63999938964844,70.69999694824219,70.76000213623047,69.58000183105469,70.69999694824219
2011-05-10,201200,69.93000030517578,70.75,71.25,69.37999725341797,70.75
2011-05-09,97000,68.62999725341797,69.4800033569336,69.55999755859375,68.08000183105469,69.4800033569336
2011-05-06,187000,68.5,68.66999816894531,69.08999633789062,68.05000305175781,68.66999816894531
2011-05-05,167100,67.87999725341797,68.30000305175781,68.94000244140625,66.9800033569336,68.30000305175781
2011-05-04,165000,68.06999969482422,68.4000015258789,69.06999969482422,67.87999725341797,68.4000015258789
2011-05-03,194000,67.63999938964844,67.94999694824219,68.25,66.80000305175781,67.94999694824219
2011-05-02,344500,68.01000213623047,67.9000015258789,69.18000030517578,67.72000122070312,67.9000015258789
2011-04-29,365000,65.05000305175781,68.01000213623047,68.19999694824219,63.5,68.01000213623047
2011-04-28,1400000,61.0,65.05000305175781,66.08999633789062,59.630001068115234,65.05000305175781
2011-04-27,99000,60.20000076293945,61.380001068115234,61.45000076293945,59.630001068115234,61.380001068115234
2011-04-26,115300,60.25,60.25,60.70000076293945,59.56999969482422,60.25
2011-04-25,79700,60.560001373291016,60.0,60.7599983215332,59.290000915527344,60.0
2011-04-21,84600,61.56999969482422,60.83000183105469,61.56999969482422,60.43000030517578,60.83000183105469
2011-04-20,71400,60.709999084472656,61.0,61.279998779296875,60.58000183105469,61.0
2011-04-19,59500,60.61000061035156,59.959999084472656,60.77000045776367,59.58000183105469,59.959999084472656
2011-04-18,40200,60.77000045776367,60.34000015258789,60.77000045776367,60.13999938964844,60.34000015258789
2011-04-15,64000,60.439998626708984,61.599998474121094,61.720001220703125,60.2599983215332,61.599998474121094
2011-04-14,136400,59.709999084472656,60.689998626708984,60.83000183105469,59.61000061035156,60.689998626708984
2011-04-13,38800,61.029998779296875,60.25,61.189998626708984,59.970001220703125,60.25
2011-04-12,65000,60.65999984741211,60.56999969482422,60.90999984741211,60.22999954223633,60.56999969482422
2011-04-11,48800,61.099998474121094,61.06999969482422,61.41999816894531,60.93000030517578,61.06999969482422
2011-04-08,64900,62.869998931884766,61.189998626708984,62.869998931884766,60.90999984741211,61.189998626708984
2011-04-07,41400,63.06999969482422,62.369998931884766,63.470001220703125,62.20000076293945,62.369998931884766
2011-04-06,36700,63.04999923706055,62.93000030517578,63.939998626708984,62.349998474121094,62.93000030517578
2011-04-05,81000,63.38999938964844,62.630001068115234,63.38999938964844,62.459999084472656,62.630001068115234
2011-04-04,69400,63.41999816894531,63.380001068115234,64.05999755859375,63.04999923706055,63.380001068115234
2011-04-01,88600,63.0,63.0099983215332,63.459999084472656,62.81999969482422,63.0099983215332
2011-03-31,126500,62.4900016784668,62.68000030517578,63.25,62.470001220703125,62.68000030517578
2011-03-30,133000,61.869998931884766,62.88999938964844,62.90999984741211,61.40999984741211,62.88999938964844
2011-03-29,116700,59.95000076293945,61.83000183105469,62.310001373291016,59.90999984741211,61.83000183105469
2011-03-28,97600,60.400001525878906,60.11000061035156,61.0,59.70000076293945,60.11000061035156
2011-03-25,98900,59.33000183105469,60.349998474121094,60.720001220703125,58.61000061035156,60.349998474121094
2011-03-24,67100,60.0,58.97999954223633,60.0,58.63999938964844,58.97999954223633
2011-03-23,83600,59.08000183105469,59.130001068115234,59.2400016784668,58.4900016784668,59.130001068115234
2011-03-22,76700,59.599998474121094,59.13999938964844,59.77000045776367,58.84000015258789,59.13999938964844
2011-03-21,82300,57.869998931884766,59.380001068115234,59.84000015258789,57.869998931884766,59.380001068115234
2011-03-18,172100,56.02000045776367,57.47999954223633,57.68000030517578,56.0,57.47999954223633
2011-03-17,45300,56.91999816894531,55.58000183105469,56.91999816894531,55.529998779296875,55.58000183105469
2011-03-16,102400,56.5,55.959999084472656,57.90999984741211,55.650001525878906,55.959999084472656
2011-03-15,119600,55.40999984741211,56.689998626708984,57.29999923706055,55.40999984741211,56.689998626708984
2011-03-14,81700,55.619998931884766,56.209999084472656,56.52000045776367,55.619998931884766,56.209999084472656
2011-03-11,65000,55.7400016784668,56.209999084472656,56.4900016784668,55.41999816894531,56.209999084472656
2011-03-10,101000,56.43000030517578,55.849998474121094,56.43000030517578,55.630001068115234,55.849998474121094
2011-03-09,122200,57.0099983215332,57.189998626708984,57.880001068115234,56.880001068115234,57.189998626708984
2011-03-08,144500,55.939998626708984,57.2400016784668,57.900001525878906,55.939998626708984,57.2400016784668
2011-03-07,98100,57.310001373291016,56.720001220703125,57.439998626708984,55.900001525878906,56.720001220703125
2011-03-04,60100,57.77000045776367,57.15999984741211,57.81999969482422,56.58000183105469,57.15999984741211
2011-03-03,86000,56.810001373291016,57.630001068115234,57.97999954223633,56.439998626708984,57.630001068115234
2011-03-02,129400,56.029998779296875,56.310001373291016,56.83000183105469,55.689998626708984,56.310001373291016
2011-03-01,163000,57.0099983215332,55.86000061035156,57.5,55.5,55.86000061035156
2011-02-28,154700,57.619998931884766,56.66999816894531,57.7599983215332,56.29999923706055,56.66999816894531
2011-02-25,191700,56.459999084472656,57.22999954223633,57.33000183105469,56.290000915527344,57.22999954223633
2011-02-24,576100,57.0,56.5099983215332,57.27000045776367,54.56999969482422,56.5099983215332
2011-02-23,92300,59.84000015258789,58.58000183105469,59.84000015258789,58.47999954223633,58.58000183105469
2011-02-22,97600,60.40999984741211,59.83000183105469,60.959999084472656,59.65999984741211,59.83000183105469
2011-02-18,127000,61.33000183105469,61.060001373291016,61.40999984741211,60.540000915527344,61.060001373291016
2011-02-17,95400,60.970001220703125,61.290000915527344,61.310001373291016,60.400001525878906,61.290000915527344
2011-02-16,98400,59.40999984741211,61.0099983215332,61.34000015258789,59.0,61.0099983215332
2011-02-15,43400,59.220001220703125,59.15999984741211,59.599998474121094,59.0,59.15999984741211
2011-02-14,54000,58.9900016784668,59.220001220703125,59.779998779296875,58.86000061035156,59.220001220703125
2011-02-11,65500,57.880001068115234,59.060001373291016,59.060001373291016,57.880001068115234,59.060001373291016
2011-02-10,98100,57.29999923706055,58.029998779296875,58.18000030517578,57.29999923706055,58.029998779296875
2011-02-09,104400,58.529998779296875,57.58000183105469,58.86000061035156,57.5,57.58000183105469
2011-02-08,70300,58.220001220703125,58.66999816894531,58.7400016784668,57.790000915527344,58.66999816894531
2011-02-07,60900,57.900001525878906,58.400001525878906,58.880001068115234,57.900001525878906,58.400001525878906
2011-02-04,31900,58.16999816894531,57.939998626708984,58.38999938964844,57.560001373291016,57.939998626708984
2011-02-03,66200,57.22999954223633,58.310001373291016,58.779998779296875,57.13999938964844,58.310001373291016
2011-02-02,42900,57.869998931884766,58.119998931884766,58.849998474121094,57.79999923706055,58.119998931884766
2011-02-01,68800,56.5,58.060001373291016,58.220001220703125,56.06999969482422,58.060001373291016
2011-01-31,94200,56.400001525878906,56.279998779296875,56.599998474121094,55.5099983215332,56.279998779296875
2011-01-28,104700,57.869998931884766,56.29999923706055,57.869998931884766,56.290000915527344,56.29999923706055
2011-01-27,33600,58.16999816894531,57.84000015258789,58.16999816894531,57.459999084472656,57.84000015258789
2011-01-26,68500,57.56999969482422,58.25,58.959999084472656,57.52000045776367,58.25
2011-01-25,91700,56.849998474121094,57.36000061035156,57.5,56.43000030517578,57.36000061035156
2011-01-24,113700,57.130001068115234,57.189998626708984,57.45000076293945,56.34000015258789,57.189998626708984
2011-01-21,65100,57.5,56.7599983215332,58.09000015258789,56.65999984741211,56.7599983215332
2011-01-20,105100,57.88999938964844,57.33000183105469,57.97999954223633,57.18000030517578,57.33000183105469
2011-01-19,101300,60.099998474121094,58.2599983215332,60.099998474121094,58.220001220703125,58.2599983215332
2011-01-18,85200,59.599998474121094,60.02000045776367,60.06999969482422,59.209999084472656,60.02000045776367
2011-01-14,119500,58.36000061035156,59.75,59.970001220703125,58.130001068115234,59.75
2011-01-13,64600,58.34000015258789,58.29999923706055,58.95000076293945,57.95000076293945,58.29999923706055
2011-01-12,71700,59.810001373291016,58.81999969482422,59.810001373291016,58.619998931884766,58.81999969482422
2011-01-11,52200,59.36000061035156,59.25,59.849998474121094,59.189998626708984,59.25
2011-01-10,90700,58.290000915527344,59.18000030517578,59.36000061035156,58.02000045776367,59.18000030517578
2011-01-07,83600,59.0099983215332,58.65999984741211,59.290000915527344,57.88999938964844,58.65999984741211
2011-01-06,92800,58.810001373291016,58.83000183105469,59.20000076293945,58.349998474121094,58.83000183105469
2011-01-05,119600,58.59000015258789,58.880001068115234,59.220001220703125,58.16999816894531,58.880001068115234
2011-01-04,289500,58.689998626708984,58.58000183105469,58.720001220703125,57.5,58.58000183105469
2011-01-03,168400,58.08000183105469,58.290000915527344,58.61000061035156,57.81999969482422,58.290000915527344
2010-12-31,165300,57.720001220703125,57.560001373291016,57.84000015258789,57.31999969482422,57.560001373291016
2010-12-30,103100,57.290000915527344,57.75,58.0,57.029998779296875,57.75
2010-12-29,95300,57.0,57.439998626708984,57.599998474121094,56.97999954223633,57.439998626708984
2010-12-28,138500,56.0,56.970001220703125,57.060001373291016,55.54999923706055,56.970001220703125
2010-12-27,64500,55.29999923706055,56.0,56.099998474121094,55.0,56.0
2010-12-23,47900,56.43000030517578,55.45000076293945,56.459999084472656,55.36000061035156,55.45000076293945
2010-12-22,158200,55.709999084472656,56.029998779296875,56.310001373291016,55.709999084472656,56.029998779296875
2010-12-21,86000,55.27000045776367,55.54999923706055,55.84000015258789,54.959999084472656,55.54999923706055
2010-12-20,66200,55.150001525878906,55.189998626708984,55.400001525878906,54.599998474121094,55.189998626708984
2010-12-17,289000,54.61000061035156,54.86000061035156,55.099998474121094,54.45000076293945,54.86000061035156
2010-12-16,175900,55.27000045776367,54.5,55.27000045776367,54.279998779296875,54.5
2010-12-15,165400,54.869998931884766,54.79999923706055,55.22999954223633,54.56999969482422,54.79999923706055
2010-12-14,145500,55.54999923706055,55.06999969482422,56.02000045776367,54.900001525878906,55.06999969482422
2010-12-13,72800,55.959999084472656,55.209999084472656,56.380001068115234,55.209999084472656,55.209999084472656
2010-12-10,70100,55.75,55.84000015258789,56.18000030517578,55.369998931884766,55.84000015258789
2010-12-09,122600,56.33000183105469,55.43000030517578,56.33000183105469,54.939998626708984,55.43000030517578
2010-12-08,121500,56.75,55.75,57.029998779296875,55.5,55.75
2010-12-07,134300,55.869998931884766,56.68000030517578,57.36000061035156,55.66999816894531,56.68000030517578
2010-12-06,83800,54.400001525878906,55.369998931884766,55.619998931884766,54.15999984741211,55.369998931884766
2010-12-03,73700,54.27000045776367,54.58000183105469,54.630001068115234,54.25,54.58000183105469
2010-12-02,79400,54.34000015258789,54.5099983215332,55.02000045776367,54.290000915527344,54.5099983215332
2010-12-01,107700,53.5099983215332,54.34000015258789,54.529998779296875,52.56999969482422,54.34000015258789
2010-11-30,90000,52.38999938964844,52.7400016784668,52.9900016784668,51.84000015258789,52.7400016784668
2010-11-29,35900,52.56999969482422,52.939998626708984,53.15999984741211,51.959999084472656,52.939998626708984
2010-11-26,15100,52.599998474121094,53.060001373291016,53.25,52.599998474121094,53.060001373291016
2010-11-24,49000,51.72999954223633,53.0099983215332,53.0099983215332,51.400001525878906,53.0099983215332
2010-11-23,40000,51.7599983215332,51.68000030517578,52.06999969482422,51.0,51.68000030517578
2010-11-22,96100,52.2599983215332,52.279998779296875,52.380001068115234,51.5,52.279998779296875
2010-11-19,95400,51.540000915527344,51.4900016784668,51.7400016784668,51.279998779296875,51.4900016784668
2010-11-18,88500,51.90999984741211,51.5099983215332,52.0,51.36000061035156,51.5099983215332
2010-11-17,102400,51.790000915527344,51.290000915527344,51.81999969482422,51.09000015258789,51.290000915527344
2010-11-16,113800,51.400001525878906,51.65999984741211,51.83000183105469,51.02000045776367,51.65999984741211
2010-11-15,49500,52.15999984741211,51.900001525878906,52.459999084472656,51.84000015258789,51.900001525878906
2010-11-12,60200,51.560001373291016,51.939998626708984,52.29999923706055,51.560001373291016,51.939998626708984
2010-11-11,329100,51.0,52.099998474121094,52.959999084472656,51.0,52.099998474121094
2010-11-10,101200,52.59000015258789,53.779998779296875,53.79999923706055,52.400001525878906,53.779998779296875
2010-11-09,79000,53.560001373291016,52.650001525878906,53.599998474121094,52.439998626708984,52.650001525878906
2010-11-08,95900,52.560001373291016,53.349998474121094,53.5,52.560001373291016,53.349998474121094
2010-11-05,140000,51.95000076293945,52.90999984741211,53.0,51.95000076293945,52.90999984741211
2010-11-04,117100,51.0,51.81999969482422,51.84000015258789,50.75,51.81999969482422
2010-11-03,83900,50.38999938964844,50.41999816894531,50.4900016784668,49.52000045776367,50.41999816894531
2010-11-02,120400,49.5,50.369998931884766,50.369998931884766,49.2599983215332,50.369998931884766
2010-11-01,109800,49.88999938964844,49.18000030517578,50.29999923706055,48.790000915527344,49.18000030517578
2010-10-29,104900,49.70000076293945,49.65999984741211,50.88999938964844,49.630001068115234,49.65999984741211
2010-10-28,77400,50.54999923706055,49.959999084472656,50.959999084472656,49.84000015258789,49.959999084472656
2010-10-27,126500,49.97999954223633,50.04999923706055,50.25,49.599998474121094,50.04999923706055
2010-10-26,150700,50.2400016784668,50.25,50.4900016784668,50.09000015258789,50.25
2010-10-25,70000,50.34000015258789,50.40999984741211,50.650001525878906,50.0,50.40999984741211
2010-10-22,184200,50.54999923706055,50.040000915527344,50.58000183105469,49.630001068115234,50.040000915527344
2010-10-21,314800,51.970001220703125,50.650001525878906,51.970001220703125,49.34000015258789,50.650001525878906
2010-10-20,137800,51.470001220703125,51.54999923706055,51.88999938964844,51.220001220703125,51.54999923706055
2010-10-19,84600,51.0099983215332,51.060001373291016,51.599998474121094,50.75,51.060001373291016
2010-10-18,105500,51.849998474121094,51.79999923706055,52.279998779296875,51.09000015258789,51.79999923706055
2010-10-15,348500,50.849998474121094,51.7599983215332,52.869998931884766,50.79999923706055,51.7599983215332
2010-10-14,77600,50.119998931884766,50.7400016784668,50.97999954223633,50.040000915527344,50.7400016784668
2010-10-13,163500,49.08000183105469,50.279998779296875,50.45000076293945,49.0,50.279998779296875
2010-10-12,63800,48.83000183105469,48.86000061035156,49.060001373291016,48.400001525878906,48.86000061035156
2010-10-11,56400,49.279998779296875,49.060001373291016,49.38999938964844,48.810001373291016,49.060001373291016
2010-10-08,124100,49.11000061035156,49.310001373291016,49.65999984741211,48.84000015258789,49.310001373291016
2010-10-07,39900,49.5099983215332,49.119998931884766,49.58000183105469,48.95000076293945,49.119998931884766
2010-10-06,118800,49.470001220703125,49.209999084472656,49.720001220703125,48.95000076293945,49.209999084472656
2010-10-05,183700,49.29999923706055,49.75,49.7599983215332,49.11000061035156,49.75
2010-10-04,82400,49.0,48.97999954223633,49.400001525878906,48.66999816894531,48.97999954223633
2010-10-01,61900,49.209999084472656,49.349998474121094,49.650001525878906,48.43000030517578,49.349998474121094
2010-09-30,156000,49.45000076293945,48.709999084472656,49.810001373291016,48.150001525878906,48.709999084472656
2010-09-29,136600,48.810001373291016,49.529998779296875,49.58000183105469,48.810001373291016,49.529998779296875
2010-09-28,92200,48.47999954223633,49.189998626708984,49.27000045776367,47.77000045776367,49.189998626708984
2010-09-27,89000,48.38999938964844,48.38999938964844,48.47999954223633,47.72999954223633,48.38999938964844
2010-09-24,83800,47.0,48.45000076293945,48.59000015258789,46.779998779296875,48.45000076293945
2010-09-23,111900,46.470001220703125,46.33000183105469,46.869998931884766,46.08000183105469,46.33000183105469
2010-09-22,46900,47.15999984741211,46.939998626708984,47.5099983215332,46.16999816894531,46.939998626708984
2010-09-21,82300,47.529998779296875,47.41999816894531,47.86000061035156,47.29999923706055,47.41999816894531
2010-09-20,106800,45.70000076293945,47.52000045776367,47.56999969482422,45.70000076293945,47.52000045776367
2010-09-17,129400,45.20000076293945,45.630001068115234,45.790000915527344,44.720001220703125,45.630001068115234
2010-09-16,54300,45.119998931884766,45.22999954223633,45.29999923706055,44.380001068115234,45.22999954223633
2010-09-15,90500,44.97999954223633,45.189998626708984,45.400001525878906,44.79999923706055,45.189998626708984
2010-09-14,90400,45.0,45.11000061035156,45.439998626708984,44.709999084472656,45.11000061035156
2010-09-13,117400,44.34000015258789,45.13999938964844,45.2599983215332,43.61000061035156,45.13999938964844
2010-09-10,46800,43.81999969482422,43.880001068115234,44.099998474121094,43.56999969482422,43.880001068115234
2010-09-09,62600,43.61000061035156,43.79999923706055,43.970001220703125,43.439998626708984,43.79999923706055
2010-09-08,46900,43.0,43.29999923706055,43.33000183105469,42.869998931884766,43.29999923706055
2010-09-07,56000,43.939998626708984,42.779998779296875,43.939998626708984,42.630001068115234,42.779998779296875
2010-09-03,49600,43.880001068115234,44.02000045776367,44.369998931884766,43.560001373291016,44.02000045776367
2010-09-02,58300,42.790000915527344,43.40999984741211,43.5,42.63999938964844,43.40999984741211
2010-09-01,69200,41.9900016784668,42.77000045776367,42.939998626708984,41.779998779296875,42.77000045776367
2010-08-31,74100,41.7400016784668,41.27000045776367,42.11000061035156,41.18000030517578,41.27000045776367
2010-08-30,51800,42.79999923706055,41.81999969482422,43.459999084472656,41.79999923706055,41.81999969482422
2010-08-27,94500,42.029998779296875,42.9900016784668,43.0,41.54999923706055,42.9900016784668
2010-08-26,42600,41.880001068115234,41.58000183105469,42.209999084472656,41.56999969482422,41.58000183105469
2010-08-25,95600,41.38999938964844,41.7599983215332,41.849998474121094,40.84000015258789,41.7599983215332
2010-08-24,88900,41.130001068115234,41.619998931884766,42.130001068115234,40.7400016784668,41.619998931884766
2010-08-23,51900,41.95000076293945,41.349998474121094,41.95000076293945,41.33000183105469,41.349998474121094
2010-08-20,108400,41.7400016784668,41.7599983215332,42.04999923706055,41.540000915527344,41.7599983215332
2010-08-19,135100,42.33000183105469,41.810001373291016,42.849998474121094,41.779998779296875,41.810001373291016
2010-08-18,42500,42.72999954223633,42.61000061035156,43.0,42.29999923706055,42.61000061035156
2010-08-17,73100,42.47999954223633,42.81999969482422,43.36000061035156,42.47999954223633,42.81999969482422
2010-08-16,187700,41.869998931884766,42.279998779296875,42.529998779296875,41.81999969482422,42.279998779296875
2010-08-13,68200,42.36000061035156,42.209999084472656,42.619998931884766,41.88999938964844,42.209999084472656
2010-08-12,80600,42.470001220703125,42.630001068115234,42.880001068115234,41.90999984741211,42.630001068115234
2010-08-11,115400,43.439998626708984,42.7400016784668,43.68000030517578,42.650001525878906,42.7400016784668
2010-08-10,68200,44.45000076293945,44.16999816894531,44.720001220703125,43.709999084472656,44.16999816894531
2010-08-09,65800,44.11000061035156,44.90999984741211,44.91999816894531,43.90999984741211,44.90999984741211
2010-08-06,79700,43.29999923706055,43.7599983215332,44.0099983215332,42.790000915527344,43.7599983215332
2010-08-05,40600,43.9900016784668,43.849998474121094,44.7599983215332,43.099998474121094,43.849998474121094
2010-08-04,62800,44.220001220703125,44.45000076293945,44.540000915527344,43.939998626708984,44.45000076293945
2010-08-03,48300,44.459999084472656,44.08000183105469,44.95000076293945,43.9900016784668,44.08000183105469
2010-08-02,96900,44.290000915527344,44.59000015258789,44.790000915527344,43.619998931884766,44.59000015258789
2010-07-30,65700,43.0,43.83000183105469,44.060001373291016,42.91999816894531,43.83000183105469
2010-07-29,139400,44.83000183105469,43.5099983215332,44.95000076293945,43.15999984741211,43.5099983215332
2010-07-28,78000,45.31999969482422,44.59000015258789,45.5,44.529998779296875,44.59000015258789
2010-07-27,98300,45.369998931884766,45.20000076293945,45.439998626708984,45.0099983215332,45.20000076293945
2010-07-26,99800,44.34000015258789,45.189998626708984,45.22999954223633,44.119998931884766,45.189998626708984
2010-07-23,237300,42.130001068115234,44.2400016784668,44.310001373291016,42.130001068115234,44.2400016784668
2010-07-22,228800,40.400001525878906,42.41999816894531,42.599998474121094,39.40999984741211,42.41999816894531
2010-07-21,90400,40.45000076293945,39.72999954223633,40.630001068115234,39.689998626708984,39.72999954223633
2010-07-20,115600,39.400001525878906,40.15999984741211,40.290000915527344,39.29999923706055,40.15999984741211
2010-07-19,72800,39.34000015258789,39.900001525878906,39.93000030517578,38.83000183105469,39.900001525878906
2010-07-16,117400,39.810001373291016,39.33000183105469,40.619998931884766,39.25,39.33000183105469
2010-07-15,59500,40.43000030517578,40.209999084472656,40.5,39.790000915527344,40.209999084472656
2010-07-14,64600,39.88999938964844,40.43000030517578,40.540000915527344,39.689998626708984,40.43000030517578
2010-07-13,63800,39.25,40.130001068115234,40.22999954223633,38.939998626708984,40.130001068115234
2010-07-12,64400,39.06999969482422,38.72999954223633,39.45000076293945,38.599998474121094,38.72999954223633
2010-07-09,57500,39.11000061035156,39.189998626708984,39.380001068115234,38.540000915527344,39.189998626708984
2010-07-08,66300,38.619998931884766,39.099998474121094,39.119998931884766,38.599998474121094,39.099998474121094
2010-07-07,90000,37.90999984741211,38.439998626708984,38.459999084472656,37.5099983215332,38.439998626708984
2010-07-06,107100,38.81999969482422,37.65999984741211,39.040000915527344,37.5,37.65999984741211
2010-07-02,57500,39.029998779296875,38.150001525878906,39.029998779296875,38.119998931884766,38.150001525878906
2010-07-01,183900,38.79999923706055,38.72999954223633,38.90999984741211,37.54999923706055,38.72999954223633
2010-06-30,71900,39.290000915527344,38.79999923706055,39.650001525878906,38.77000045776367,38.79999923706055
2010-06-29,87900,40.25,39.25,40.25,38.970001220703125,39.25
2010-06-28,51500,40.900001525878906,40.939998626708984,41.29999923706055,40.40999984741211,40.939998626708984
2010-06-25,104900,40.40999984741211,40.77000045776367,41.099998474121094,40.040000915527344,40.77000045776367
2010-06-24,75500,39.939998626708984,40.16999816894531,40.4900016784668,39.86000061035156,40.16999816894531
2010-06-23,47000,40.33000183105469,40.2400016784668,40.63999938964844,39.849998474121094,40.2400016784668
2010-06-22,65300,40.849998474121094,40.459999084472656,41.20000076293945,40.310001373291016,40.459999084472656
2010-06-21,43600,41.58000183105469,40.59000015258789,41.9900016784668,40.459999084472656,40.59000015258789
2010-06-18,116600,41.20000076293945,41.0,41.369998931884766,40.7599983215332,41.0
2010-06-17,65000,40.970001220703125,41.060001373291016,41.41999816894531,40.810001373291016,41.060001373291016
2010-06-16,68600,40.779998779296875,41.0,41.380001068115234,40.68000030517578,41.0
2010-06-15,74900,40.869998931884766,41.08000183105469,41.25,40.4900016784668,41.08000183105469
2010-06-14,79100,41.04999923706055,40.470001220703125,41.40999984741211,40.439998626708984,40.470001220703125
2010-06-11,62500,39.970001220703125,40.63999938964844,40.66999816894531,39.970001220703125,40.63999938964844
2010-06-10,59800,39.9900016784668,40.40999984741211,40.40999984741211,39.790000915527344,40.40999984741211
2010-06-09,123500,39.689998626708984,39.45000076293945,40.130001068115234,38.970001220703125,39.45000076293945
2010-06-08,114400,39.54999923706055,39.279998779296875,39.54999923706055,38.79999923706055,39.279998779296875
2010-06-07,85000,40.84000015258789,39.5,40.84000015258789,39.439998626708984,39.5
2010-06-04,187200,41.599998474121094,40.7400016784668,41.939998626708984,40.650001525878906,40.7400016784668
2010-06-03,148400,41.209999084472656,41.939998626708984,42.15999984741211,40.95000076293945,41.939998626708984
2010-06-02,106900,40.52000045776367,41.380001068115234,41.380001068115234,40.5,41.380001068115234
2010-06-01,131400,40.560001373291016,40.41999816894531,41.25,40.27000045776367,40.41999816894531
2010-05-28,109200,41.0,40.77000045776367,41.34000015258789,40.630001068115234,40.77000045776367
2010-05-27,159500,40.869998931884766,41.09000015258789,41.11000061035156,40.279998779296875,41.09000015258789
2010-05-26,314000,40.08000183105469,40.029998779296875,40.439998626708984,39.29999923706055,40.029998779296875
2010-05-25,420000,39.709999084472656,39.90999984741211,40.54999923706055,39.099998474121094,39.90999984741211
2010-05-24,224800,41.52000045776367,40.619998931884766,41.650001525878906,40.459999084472656,40.619998931884766
2010-05-21,264900,41.2599983215332,41.58000183105469,42.439998626708984,41.040000915527344,41.58000183105469
2010-05-20,150500,42.439998626708984,41.7599983215332,42.869998931884766,41.689998626708984,41.7599983215332
2010-05-19,185600,43.63999938964844,43.27000045776367,44.18000030517578,43.22999954223633,43.27000045776367
2010-05-18,82000,44.470001220703125,43.849998474121094,44.790000915527344,43.7599983215332,43.849998474121094
2010-05-17,97700,44.2400016784668,43.900001525878906,44.810001373291016,43.310001373291016,43.900001525878906
2010-05-14,214000,43.59000015258789,44.20000076293945,44.22999954223633,43.25,44.20000076293945
2010-05-13,100500,43.4900016784668,43.91999816894531,44.47999954223633,43.4900016784668,43.91999816894531
2010-05-12,143600,42.790000915527344,43.83000183105469,44.20000076293945,42.790000915527344,43.83000183105469
2010-05-11,112000,41.97999954223633,42.709999084472656,43.11000061035156,41.7599983215332,42.709999084472656
2010-05-10,78700,42.650001525878906,42.310001373291016,42.720001220703125,41.619998931884766,42.310001373291016
2010-05-07,167300,42.20000076293945,40.810001373291016,42.47999954223633,40.72999954223633,40.810001373291016
2010-05-06,211400,42.66999816894531,42.36000061035156,43.310001373291016,39.540000915527344,42.36000061035156
2010-05-05,96300,43.22999954223633,42.900001525878906,43.47999954223633,42.81999969482422,42.900001525878906
2010-05-04,131300,43.7400016784668,43.630001068115234,43.959999084472656,43.47999954223633,43.630001068115234
2010-05-03,106300,44.150001525878906,44.380001068115234,44.43000030517578,43.779998779296875,44.380001068115234
2010-04-30,103900,45.13999938964844,43.95000076293945,45.290000915527344,43.95000076293945,43.95000076293945
2010-04-29,78100,44.45000076293945,45.0,45.08000183105469,43.970001220703125,45.0
2010-04-28,88800,44.7400016784668,44.27000045776367,45.08000183105469,43.95000076293945,44.27000045776367
2010-04-27,261900,44.59000015258789,44.709999084472656,45.130001068115234,44.2599983215332,44.709999084472656
2010-04-26,130800,45.02000045776367,44.900001525878906,45.459999084472656,44.68000030517578,44.900001525878906
2010-04-23,209000,43.959999084472656,45.13999938964844,45.36000061035156,43.779998779296875,45.13999938964844
2010-04-22,313000,44.77000045776367,45.34000015258789,45.709999084472656,44.599998474121094,45.34000015258789
2010-04-21,105300,45.880001068115234,45.72999954223633,46.16999816894531,45.619998931884766,45.72999954223633
2010-04-20,95200,45.5099983215332,45.95000076293945,46.0,45.18000030517578,45.95000076293945
2010-04-19,117600,45.2599983215332,45.189998626708984,45.29999923706055,44.439998626708984,45.189998626708984
2010-04-16,138400,45.02000045776367,45.310001373291016,45.52000045776367,44.75,45.310001373291016
2010-04-15,141000,44.41999816894531,45.02000045776367,45.189998626708984,44.15999984741211,45.02000045776367
2010-04-14,190600,43.41999816894531,44.33000183105469,44.650001525878906,43.349998474121094,44.33000183105469
2010-04-13,32600,42.75,43.290000915527344,43.310001373291016,42.540000915527344,43.290000915527344
2010-04-12,38700,42.7400016784668,42.970001220703125,43.040000915527344,42.5099983215332,42.970001220703125
2010-04-09,34200,42.91999816894531,42.7400016784668,42.9900016784668,42.599998474121094,42.7400016784668
2010-04-08,43500,42.79999923706055,42.79999923706055,43.11000061035156,42.650001525878906,42.79999923706055
2010-04-07,69400,43.04999923706055,43.0099983215332,43.34000015258789,42.720001220703125,43.0099983215332
2010-04-06,62500,42.689998626708984,43.220001220703125,43.33000183105469,42.650001525878906,43.220001220703125
2010-04-05,86400,41.790000915527344,42.790000915527344,42.790000915527344,41.790000915527344,42.790000915527344
2010-04-01,134700,41.529998779296875,41.779998779296875,42.400001525878906,41.08000183105469,41.779998779296875
2010-03-31,160100,41.72999954223633,41.52000045776367,42.65999984741211,41.5,41.52000045776367
2010-03-30,124200,41.2400016784668,42.029998779296875,42.31999969482422,41.2400016784668,42.029998779296875
2010-03-29,38000,41.099998474121094,41.310001373291016,41.43000030517578,41.040000915527344,41.310001373291016
2010-03-26,75000,41.84000015258789,41.09000015258789,41.84000015258789,40.790000915527344,41.09000015258789
2010-03-25,51600,42.189998626708984,41.560001373291016,42.540000915527344,41.54999923706055,41.560001373291016
2010-03-24,68800,42.7599983215332,42.04999923706055,43.2400016784668,42.02000045776367,42.04999923706055
2010-03-23,57400,42.56999969482422,42.970001220703125,43.25,42.43000030517578,42.970001220703125
2010-03-22,42200,41.720001220703125,42.619998931884766,42.93000030517578,41.720001220703125,42.619998931884766
2010-03-19,136700,42.81999969482422,42.0,42.81999969482422,41.77000045776367,42.0
2010-03-18,77000,42.220001220703125,42.58000183105469,42.75,42.220001220703125,42.58000183105469
2010-03-17,61000,42.70000076293945,42.5,42.900001525878906,42.4900016784668,42.5
2010-03-16,57000,43.09000015258789,42.72999954223633,43.09000015258789,42.380001068115234,42.72999954223633
2010-03-15,249100,42.34000015258789,42.869998931884766,43.47999954223633,42.34000015258789,42.869998931884766
2010-03-12,232900,42.0,42.290000915527344,42.58000183105469,41.779998779296875,42.290000915527344
2010-03-11,68000,41.5099983215332,41.9900016784668,42.0099983215332,41.5,41.9900016784668
2010-03-10,117800,41.290000915527344,41.79999923706055,41.869998931884766,41.290000915527344,41.79999923706055
2010-03-09,153900,41.119998931884766,41.369998931884766,41.86000061035156,41.119998931884766,41.369998931884766
2010-03-08,89800,42.02000045776367,41.310001373291016,42.150001525878906,41.2400016784668,41.310001373291016
2010-03-05,171100,41.5099983215332,41.90999984741211,42.29999923706055,41.5099983215332,41.90999984741211
2010-03-04,65300,41.0,41.11000061035156,41.380001068115234,40.68000030517578,41.11000061035156
2010-03-03,269800,40.150001525878906,41.04999923706055,41.11000061035156,39.97999954223633,41.04999923706055
2010-03-02,129300,39.65999984741211,39.959999084472656,40.130001068115234,39.65999984741211,39.959999084472656
2010-03-01,165600,39.439998626708984,39.630001068115234,40.13999938964844,39.2599983215332,39.630001068115234
2010-02-26,341500,39.5099983215332,39.349998474121094,40.220001220703125,39.209999084472656,39.349998474121094
2010-02-25,192600,39.11000061035156,39.470001220703125,39.4900016784668,38.630001068115234,39.470001220703125
2010-02-24,87000,39.849998474121094,39.81999969482422,39.869998931884766,39.459999084472656,39.81999969482422
2010-02-23,285700,40.459999084472656,39.83000183105469,40.91999816894531,39.70000076293945,39.83000183105469
2010-02-22,134100,42.11000061035156,40.650001525878906,42.11000061035156,40.11000061035156,40.650001525878906
2010-02-19,79200,40.06999969482422,40.18000030517578,40.33000183105469,40.0,40.18000030517578
2010-02-18,146900,38.45000076293945,40.060001373291016,40.36000061035156,38.45000076293945,40.060001373291016
2010-02-17,123200,39.7400016784668,39.849998474121094,39.86000061035156,39.470001220703125,39.849998474121094
2010-02-16,92800,39.29999923706055,39.5,39.5,38.88999938964844,39.5
2010-02-12,126800,38.97999954223633,39.02000045776367,39.279998779296875,38.720001220703125,39.02000045776367
2010-02-11,71600,38.529998779296875,39.45000076293945,39.5099983215332,38.130001068115234,39.45000076293945
2010-02-10,43600,38.459999084472656,38.77000045776367,38.91999816894531,38.18000030517578,38.77000045776367
2010-02-09,54200,38.779998779296875,38.650001525878906,39.0,38.130001068115234,38.650001525878906
2010-02-08,52300,38.59000015258789,38.45000076293945,38.630001068115234,38.099998474121094,38.45000076293945
2010-02-05,82800,38.279998779296875,38.5,38.599998474121094,37.45000076293945,38.5
2010-02-04,123400,38.81999969482422,38.220001220703125,38.939998626708984,38.11000061035156,38.220001220703125
2010-02-03,104700,38.77000045776367,39.04999923706055,40.0,38.470001220703125,39.04999923706055
2010-02-02,196300,40.16999816894531,39.040000915527344,40.16999816894531,39.040000915527344,39.040000915527344
2010-02-01,267700,40.650001525878906,40.02000045776367,40.91999816894531,39.810001373291016,40.02000045776367
2010-01-29,60300,40.689998626708984,40.380001068115234,41.34000015258789,40.36000061035156,40.380001068115234
2010-01-28,89600,40.970001220703125,40.619998931884766,41.529998779296875,40.560001373291016,40.619998931884766
2010-01-27,92400,40.34000015258789,41.0,41.20000076293945,40.279998779296875,41.0
2010-01-26,108800,40.9900016784668,40.65999984741211,41.029998779296875,40.470001220703125,40.65999984741211
2010-01-25,122800,40.84000015258789,41.040000915527344,41.5,40.15999984741211,41.040000915527344
2010-01-22,133700,41.11000061035156,40.61000061035156,41.470001220703125,40.5099983215332,40.61000061035156
2010-01-21,113000,40.93000030517578,41.02000045776367,41.540000915527344,40.09000015258789,41.02000045776367
2010-01-20,77600,41.61000061035156,40.93000030517578,41.720001220703125,40.11000061035156,40.93000030517578
2010-01-19,87700,41.619998931884766,41.95000076293945,42.0,41.2599983215332,41.95000076293945
2010-01-15,130800,42.63999938964844,41.41999816894531,42.689998626708984,41.189998626708984,41.41999816894531
2010-01-14,75200,41.5099983215332,42.4900016784668,42.52000045776367,41.470001220703125,42.4900016784668
2010-01-13,80900,41.83000183105469,41.52000045776367,42.18000030517578,41.2599983215332,41.52000045776367
2010-01-12,52000,42.08000183105469,41.720001220703125,42.38999938964844,41.630001068115234,41.720001220703125
2010-01-11,34900,42.459999084472656,42.36000061035156,42.470001220703125,41.91999816894531,42.36000061035156
2010-01-08,41500,42.22999954223633,42.34000015258789,42.56999969482422,42.040000915527344,42.34000015258789
2010-01-07,39600,42.59000015258789,42.41999816894531,42.59000015258789,41.63999938964844,42.41999816894531
2010-01-06,123200,42.849998474121094,42.5,43.33000183105469,42.36000061035156,42.5
2010-01-05,93300,42.290000915527344,42.45000076293945,42.54999923706055,41.880001068115234,42.45000076293945
2010-01-04,71000,42.380001068115234,42.25,42.72999954223633,41.869998931884766,42.25
2009-12-31,146400,42.970001220703125,41.77000045776367,43.459999084472656,41.709999084472656,41.77000045776367
2009-12-30,95300,42.849998474121094,42.93000030517578,43.15999984741211,42.209999084472656,42.93000030517578
2009-12-29,85300,43.0,43.099998474121094,43.13999938964844,42.56999969482422,43.099998474121094
2009-12-28,138200,42.5,42.810001373291016,42.900001525878906,42.11000061035156,42.810001373291016
2009-12-24,22700,42.310001373291016,42.380001068115234,42.47999954223633,42.20000076293945,42.380001068115234
2009-12-23,50500,41.79999923706055,42.279998779296875,42.4900016784668,41.5099983215332,42.279998779296875
2009-12-22,98000,41.119998931884766,41.65999984741211,41.779998779296875,40.900001525878906,41.65999984741211
2009-12-21,57800,40.88999938964844,41.119998931884766,41.45000076293945,40.779998779296875,41.119998931884766
2009-12-18,265400,40.470001220703125,40.790000915527344,40.81999969482422,40.04999923706055,40.790000915527344
2009-12-17,148400,40.0,40.02000045776367,40.31999969482422,40.0,40.02000045776367
2009-12-16,69100,40.31999969482422,40.130001068115234,40.380001068115234,39.630001068115234,40.130001068115234
2009-12-15,131000,39.540000915527344,40.0,40.709999084472656,39.540000915527344,40.0
2009-12-14,128800,40.130001068115234,40.439998626708984,40.439998626708984,39.65999984741211,40.439998626708984
2009-12-11,42900,40.400001525878906,40.0,40.52000045776367,39.95000076293945,40.0
2009-12-10,98500,40.880001068115234,40.08000183105469,40.880001068115234,39.900001525878906,40.08000183105469
2009-12-09,46500,41.0099983215332,40.599998474121094,41.02000045776367,40.43000030517578,40.599998474121094
2009-12-08,178800,41.65999984741211,40.900001525878906,41.65999984741211,40.7400016784668,40.900001525878906
2009-12-07,139100,42.02000045776367,41.849998474121094,42.349998474121094,41.54999923706055,41.849998474121094
2009-12-04,206800,41.650001525878906,42.150001525878906,42.5,41.56999969482422,42.150001525878906
2009-12-03,96300,42.11000061035156,40.810001373291016,42.41999816894531,40.79999923706055,40.810001373291016
2009-12-02,349100,40.02000045776367,42.040000915527344,42.34000015258789,40.02000045776367,42.040000915527344
2009-12-01,123100,40.18000030517578,40.11000061035156,40.41999816894531,39.7599983215332,40.11000061035156
2009-11-30,104200,39.369998931884766,39.72999954223633,39.83000183105469,38.619998931884766,39.72999954223633
2009-11-27,41100,39.43000030517578,39.31999969482422,40.150001525878906,39.220001220703125,39.31999969482422
2009-11-25,41500,41.09000015258789,40.90999984741211,41.40999984741211,40.849998474121094,40.90999984741211
2009-11-24,123600,41.540000915527344,41.029998779296875,41.540000915527344,40.709999084472656,41.029998779296875
2009-11-23,223800,41.0,41.63999938964844,41.65999984741211,40.560001373291016,41.63999938964844
2009-11-20,77400,40.209999084472656,40.470001220703125,40.61000061035156,40.18000030517578,40.470001220703125
2009-11-19,133800,40.900001525878906,40.599998474121094,41.130001068115234,40.2400016784668,40.599998474121094
2009-11-18,51300,42.13999938964844,41.310001373291016,42.13999938964844,41.0,41.310001373291016
2009-11-17,93600,41.709999084472656,42.060001373291016,42.09000015258789,41.529998779296875,42.060001373291016
2009-11-16,158800,41.36000061035156,41.97999954223633,42.400001525878906,41.36000061035156,41.97999954223633
2009-11-13,69100,40.45000076293945,41.029998779296875,41.380001068115234,40.060001373291016,41.029998779296875
2009-11-12,53400,41.06999969482422,40.209999084472656,41.22999954223633,40.13999938964844,40.209999084472656
2009-11-11,37900,41.22999954223633,41.02000045776367,41.33000183105469,40.689998626708984,41.02000045776367
2009-11-10,106700,40.59000015258789,40.75,41.5099983215332,40.52000045776367,40.75
2009-11-09,103500,40.0099983215332,40.91999816894531,40.95000076293945,39.349998474121094,40.91999816894531
2009-11-06,48000,39.349998474121094,39.63999938964844,39.95000076293945,39.27000045776367,39.63999938964844
2009-11-05,118600,39.439998626708984,39.65999984741211,39.709999084472656,39.11000061035156,39.65999984741211
2009-11-04,198600,38.869998931884766,38.9900016784668,39.40999984741211,38.290000915527344,38.9900016784668
2009-11-03,133500,37.970001220703125,38.779998779296875,38.779998779296875,37.88999938964844,38.779998779296875
2009-11-02,203600,38.939998626708984,38.349998474121094,38.939998626708984,37.77000045776367,38.349998474121094
2009-10-30,191100,38.9900016784668,38.81999969482422,39.93000030517578,38.290000915527344,38.81999969482422
2009-10-29,99800,39.84000015258789,39.400001525878906,39.84000015258789,39.27000045776367,39.400001525878906
2009-10-28,206800,40.25,39.349998474121094,40.900001525878906,39.34000015258789,39.349998474121094
2009-10-27,305900,41.29999923706055,40.52000045776367,41.959999084472656,40.43000030517578,40.52000045776367
2009-10-26,290100,40.95000076293945,41.040000915527344,41.43000030517578,40.41999816894531,41.040000915527344
2009-10-23,325300,40.0,41.029998779296875,41.36000061035156,39.869998931884766,41.029998779296875
2009-10-22,550700,41.58000183105469,39.93000030517578,41.58000183105469,38.970001220703125,39.93000030517578
2009-10-21,300000,41.779998779296875,41.650001525878906,42.43000030517578,40.9900016784668,41.650001525878906
2009-10-20,264000,43.4900016784668,42.0099983215332,43.65999984741211,41.970001220703125,42.0099983215332
2009-10-19,172700,43.380001068115234,43.40999984741211,43.630001068115234,42.91999816894531,43.40999984741211
2009-10-16,154000,43.47999954223633,43.099998474121094,43.52000045776367,42.7400016784668,43.099998474121094
2009-10-15,111000,44.27000045776367,43.61000061035156,44.27000045776367,43.4900016784668,43.61000061035156
2009-10-14,149400,43.349998474121094,44.43000030517578,44.47999954223633,43.0,44.43000030517578
2009-10-13,121400,43.0,42.9900016784668,43.060001373291016,42.56999969482422,42.9900016784668
2009-10-12,120400,43.310001373291016,42.9900016784668,43.959999084472656,42.79999923706055,42.9900016784668
2009-10-09,81600,41.9900016784668,43.279998779296875,43.290000915527344,41.869998931884766,43.279998779296875
2009-10-08,192400,41.810001373291016,42.060001373291016,42.349998474121094,41.54999923706055,42.060001373291016
2009-10-07,119100,41.630001068115234,41.65999984741211,42.15999984741211,41.41999816894531,41.65999984741211
2009-10-06,97000,40.72999954223633,41.65999984741211,41.65999984741211,39.90999984741211,41.65999984741211
2009-10-05,133500,39.68000030517578,40.380001068115234,40.400001525878906,38.86000061035156,40.380001068115234
2009-10-02,86300,39.099998474121094,39.45000076293945,39.91999816894531,38.130001068115234,39.45000076293945
2009-10-01,220000,41.119998931884766,39.33000183105469,41.119998931884766,39.31999969482422,39.33000183105469
2009-09-30,176700,41.61000061035156,41.220001220703125,41.79999923706055,40.72999954223633,41.220001220703125
2009-09-29,63800,40.900001525878906,41.56999969482422,41.689998626708984,40.900001525878906,41.56999969482422
2009-09-28,76500,40.25,40.9900016784668,41.66999816894531,40.16999816894531,40.9900016784668
2009-09-25,61400,39.95000076293945,40.150001525878906,40.54999923706055,39.720001220703125,40.150001525878906
2009-09-24,45100,40.83000183105469,39.9900016784668,40.83000183105469,39.709999084472656,39.9900016784668
2009-09-23,71400,40.93000030517578,40.54999923706055,41.060001373291016,40.130001068115234,40.54999923706055
2009-09-22,49200,40.4900016784668,40.75,41.13999938964844,40.4900016784668,40.75
2009-09-21,46100,40.84000015258789,40.61000061035156,41.13999938964844,40.5,40.61000061035156
2009-09-18,117400,41.31999969482422,41.11000061035156,41.31999969482422,40.459999084472656,41.11000061035156
2009-09-17,109300,40.349998474121094,41.36000061035156,41.41999816894531,40.33000183105469,41.36000061035156
2009-09-16,110900,38.93000030517578,40.310001373291016,40.310001373291016,38.83000183105469,40.310001373291016
2009-09-15,31100,39.119998931884766,39.13999938964844,39.310001373291016,38.689998626708984,39.13999938964844
2009-09-14,43100,38.27000045776367,39.310001373291016,39.34000015258789,38.22999954223633,39.310001373291016
2009-09-11,38400,38.560001373291016,38.650001525878906,38.81999969482422,38.310001373291016,38.650001525878906
2009-09-10,31100,38.22999954223633,38.630001068115234,38.63999938964844,37.86000061035156,38.630001068115234
2009-09-09,58900,37.779998779296875,38.380001068115234,38.45000076293945,37.70000076293945,38.380001068115234
2009-09-08,91400,37.369998931884766,37.689998626708984,37.709999084472656,36.900001525878906,37.689998626708984
2009-09-04,41000,36.380001068115234,37.0,37.11000061035156,36.22999954223633,37.0
2009-09-03,114300,36.84000015258789,36.72999954223633,37.54999923706055,35.77000045776367,36.72999954223633
2009-09-02,100500,37.40999984741211,36.790000915527344,37.54999923706055,36.77000045776367,36.790000915527344
2009-09-01,154100,37.599998474121094,37.38999938964844,38.65999984741211,37.099998474121094,37.38999938964844
2009-08-31,85100,38.150001525878906,37.93000030517578,38.220001220703125,37.630001068115234,37.93000030517578
2009-08-28,47000,39.08000183105469,38.36000061035156,39.29999923706055,38.189998626708984,38.36000061035156
2009-08-27,231200,39.099998474121094,38.689998626708984,39.130001068115234,38.13999938964844,38.689998626708984
2009-08-26,59900,39.02000045776367,39.11000061035156,39.22999954223633,38.77000045776367,39.11000061035156
2009-08-25,88000,39.72999954223633,39.25,39.95000076293945,39.13999938964844,39.25
2009-08-24,135900,39.470001220703125,39.529998779296875,39.9900016784668,39.25,39.529998779296875
2009-08-21,177000,37.93000030517578,39.36000061035156,39.54999923706055,37.54999923706055,39.36000061035156
2009-08-20,183600,37.13999938964844,37.5,37.650001525878906,36.939998626708984,37.5
2009-08-19,223000,35.93000030517578,37.11000061035156,37.529998779296875,35.93000030517578,37.11000061035156
2009-08-18,81700,36.13999938964844,36.25,36.54999923706055,35.81999969482422,36.25
2009-08-17,104400,35.540000915527344,35.900001525878906,36.95000076293945,35.38999938964844,35.900001525878906
2009-08-14,217800,36.209999084472656,36.130001068115234,36.279998779296875,35.75,36.130001068115234
2009-08-13,86200,36.88999938964844,36.369998931884766,36.88999938964844,36.11000061035156,36.369998931884766
2009-08-12,72800,36.369998931884766,36.810001373291016,37.2599983215332,36.31999969482422,36.810001373291016
2009-08-11,87900,36.7599983215332,36.45000076293945,37.0099983215332,36.189998626708984,36.45000076293945
2009-08-10,58700,36.439998626708984,37.04999923706055,37.369998931884766,36.439998626708984,37.04999923706055
2009-08-07,122800,36.630001068115234,36.77000045776367,37.08000183105469,35.9900016784668,36.77000045776367
2009-08-06,84800,36.36000061035156,36.029998779296875,36.7599983215332,35.970001220703125,36.029998779296875
2009-08-05,56200,37.130001068115234,36.31999969482422,37.130001068115234,35.90999984741211,36.31999969482422
2009-08-04,215800,36.54999923706055,37.0,37.13999938964844,36.54999923706055,37.0
2009-08-03,189600,36.810001373291016,36.900001525878906,36.91999816894531,36.029998779296875,36.900001525878906
2009-07-31,233800,36.83000183105469,36.72999954223633,37.45000076293945,36.630001068115234,36.72999954223633
2009-07-30,227700,36.959999084472656,37.08000183105469,37.529998779296875,36.45000076293945,37.08000183105469
2009-07-29,503600,36.18000030517578,36.63999938964844,36.900001525878906,36.0,36.63999938964844
2009-07-28,194900,35.29999923706055,36.18000030517578,36.400001525878906,34.75,36.18000030517578
2009-07-27,280200,34.4900016784668,35.349998474121094,35.5099983215332,33.779998779296875,35.349998474121094
2009-07-24,248100,33.689998626708984,34.63999938964844,34.720001220703125,33.689998626708984,34.63999938964844
2009-07-23,886600,35.86000061035156,33.970001220703125,35.86000061035156,33.72999954223633,33.970001220703125
2009-07-22,210700,36.5,35.9900016784668,36.880001068115234,35.790000915527344,35.9900016784668
2009-07-21,100300,36.79999923706055,36.560001373291016,36.79999923706055,36.209999084472656,36.560001373291016
2009-07-20,185900,36.77000045776367,36.5099983215332,37.970001220703125,36.34000015258789,36.5099983215332
2009-07-17,143600,37.52000045776367,36.47999954223633,37.52000045776367,36.2400016784668,36.47999954223633
2009-07-16,99600,37.130001068115234,37.41999816894531,37.59000015258789,36.91999816894531,37.41999816894531
2009-07-15,179300,36.47999954223633,37.25,37.38999938964844,36.27000045776367,37.25
2009-07-14,153600,36.45000076293945,36.119998931884766,36.72999954223633,35.81999969482422,36.119998931884766
2009-07-13,218000,37.060001373291016,36.58000183105469,37.060001373291016,35.599998474121094,36.58000183105469
2009-07-10,60100,37.25,37.2400016784668,37.540000915527344,36.560001373291016,37.2400016784668
2009-07-09,116500,38.150001525878906,37.349998474121094,38.150001525878906,37.290000915527344,37.349998474121094
2009-07-08,720200,37.970001220703125,37.810001373291016,38.369998931884766,37.810001373291016,37.810001373291016
2009-07-07,237400,38.95000076293945,37.70000076293945,38.95000076293945,37.599998474121094,37.70000076293945
2009-07-06,189200,38.54999923706055,38.88999938964844,39.02000045776367,38.29999923706055,38.88999938964844
2009-07-02,248600,40.16999816894531,38.59000015258789,40.16999816894531,38.27000045776367,38.59000015258789
2009-07-01,227500,40.2400016784668,40.68000030517578,40.97999954223633,40.0,40.68000030517578
2009-06-30,230400,39.65999984741211,39.869998931884766,40.5,39.619998931884766,39.869998931884766
2009-06-29,140700,38.95000076293945,39.52000045776367,39.790000915527344,38.79999923706055,39.52000045776367
2009-06-26,428200,38.5099983215332,39.130001068115234,39.310001373291016,37.790000915527344,39.130001068115234
2009-06-25,112700,38.369998931884766,38.68000030517578,38.720001220703125,37.9900016784668,38.68000030517578
2009-06-24,136200,38.220001220703125,38.27000045776367,38.689998626708984,37.54999923706055,38.27000045776367
2009-06-23,114300,37.540000915527344,37.81999969482422,38.20000076293945,37.540000915527344,37.81999969482422
2009-06-22,183500,38.04999923706055,37.15999984741211,38.13999938964844,36.97999954223633,37.15999984741211
2009-06-19,318400,38.25,38.279998779296875,38.83000183105469,38.0,38.279998779296875
2009-06-18,117100,38.58000183105469,38.13999938964844,38.58000183105469,37.900001525878906,38.13999938964844
2009-06-17,160600,38.20000076293945,38.529998779296875,39.400001525878906,38.09000015258789,38.529998779296875
2009-06-16,89200,39.59000015258789,38.08000183105469,39.939998626708984,38.08000183105469,38.08000183105469
2009-06-15,84600,39.65999984741211,39.45000076293945,40.279998779296875,38.869998931884766,39.45000076293945
2009-06-12,103700,39.72999954223633,40.06999969482422,40.119998931884766,39.369998931884766,40.06999969482422
2009-06-11,79700,39.63999938964844,40.09000015258789,40.439998626708984,39.63999938964844,40.09000015258789
2009-06-10,172900,39.59000015258789,39.650001525878906,39.75,38.810001373291016,39.650001525878906
2009-06-09,74100,39.13999938964844,39.38999938964844,39.709999084472656,38.880001068115234,39.38999938964844
2009-06-08,133000,38.689998626708984,38.83000183105469,39.34000015258789,38.209999084472656,38.83000183105469
2009-06-05,166800,39.06999969482422,38.95000076293945,39.790000915527344,38.56999969482422,38.95000076293945
2009-06-04,78700,38.790000915527344,38.93000030517578,39.02000045776367,38.29999923706055,38.93000030517578
2009-06-03,217900,37.20000076293945,38.689998626708984,38.689998626708984,37.0099983215332,38.689998626708984
2009-06-02,117900,36.869998931884766,37.4900016784668,37.90999984741211,36.869998931884766,37.4900016784668
2009-06-01,120100,36.189998626708984,37.150001525878906,37.45000076293945,36.099998474121094,37.150001525878906
2009-05-29,108400,36.060001373291016,35.650001525878906,36.060001373291016,35.20000076293945,35.650001525878906
2009-05-28,144700,36.81999969482422,35.91999816894531,37.33000183105469,35.619998931884766,35.91999816894531
2009-05-27,205900,37.41999816894531,36.25,37.47999954223633,36.130001068115234,36.25
2009-05-26,130900,35.880001068115234,37.72999954223633,38.08000183105469,35.79999923706055,37.72999954223633
2009-05-22,130000,36.33000183105469,36.189998626708984,36.83000183105469,35.54999923706055,36.189998626708984
2009-05-21,108600,36.5099983215332,36.220001220703125,36.86000061035156,35.790000915527344,36.220001220703125
2009-05-20,181600,36.91999816894531,36.7599983215332,37.5099983215332,36.61000061035156,36.7599983215332
2009-05-19,109800,36.4900016784668,36.529998779296875,36.939998626708984,36.22999954223633,36.529998779296875
2009-05-18,108000,36.099998474121094,36.810001373291016,37.02000045776367,34.88999938964844,36.810001373291016
2009-05-15,149700,36.36000061035156,35.7599983215332,36.540000915527344,35.31999969482422,35.7599983215332
2009-05-14,185000,36.27000045776367,36.45000076293945,36.81999969482422,36.189998626708984,36.45000076293945
2009-05-13,225300,35.849998474121094,36.0,36.349998474121094,35.650001525878906,36.0
2009-05-12,123700,36.380001068115234,36.5,36.66999816894531,36.09000015258789,36.5
2009-05-11,154800,35.08000183105469,36.279998779296875,36.880001068115234,35.08000183105469,36.279998779296875
2009-05-08,237400,35.09000015258789,35.65999984741211,35.66999816894531,34.599998474121094,35.65999984741211
2009-05-07,289900,36.47999954223633,34.689998626708984,36.63999938964844,34.54999923706055,34.689998626708984
2009-05-06,171500,36.790000915527344,36.04999923706055,37.029998779296875,35.459999084472656,36.04999923706055
2009-05-05,176600,36.720001220703125,36.36000061035156,37.29999923706055,35.5099983215332,36.36000061035156
2009-05-04,148500,37.529998779296875,36.81999969482422,38.04999923706055,36.2400016784668,36.81999969482422
2009-05-01,113600,37.25,37.310001373291016,37.72999954223633,36.75,37.310001373291016
2009-04-30,192700,37.68000030517578,37.04999923706055,38.189998626708984,37.0099983215332,37.04999923706055
2009-04-29,266200,36.95000076293945,37.45000076293945,37.95000076293945,36.470001220703125,37.45000076293945
2009-04-28,278800,35.369998931884766,36.83000183105469,37.290000915527344,34.95000076293945,36.83000183105469
2009-04-27,333700,35.060001373291016,35.810001373291016,36.08000183105469,34.90999984741211,35.810001373291016
2009-04-24,307900,35.220001220703125,35.75,36.310001373291016,34.310001373291016,35.75
2009-04-23,276400,33.52000045776367,35.0,35.150001525878906,33.0099983215332,35.0
2009-04-22,139200,33.0,33.38999938964844,34.369998931884766,33.0,33.38999938964844
2009-04-21,128800,33.0099983215332,33.599998474121094,33.66999816894531,32.88999938964844,33.599998474121094
2009-04-20,492600,33.0099983215332,33.040000915527344,33.77000045776367,32.619998931884766,33.040000915527344
2009-04-17,157000,33.45000076293945,33.810001373291016,34.040000915527344,33.06999969482422,33.810001373291016
2009-04-16,177100,32.93000030517578,33.34000015258789,33.5,32.75,33.34000015258789
2009-04-15,100100,32.040000915527344,32.72999954223633,32.790000915527344,31.6299991607666,32.72999954223633
2009-04-14,92100,32.279998779296875,32.15999984741211,33.0099983215332,31.950000762939453,32.15999984741211
2009-04-13,348000,32.70000076293945,32.66999816894531,33.33000183105469,32.349998474121094,32.66999816894531
2009-04-09,277700,32.029998779296875,32.97999954223633,33.02000045776367,31.479999542236328,32.97999954223633
2009-04-08,412300,31.600000381469727,31.299999237060547,31.600000381469727,31.059999465942383,31.299999237060547
2009-04-07,128800,32.040000915527344,31.579999923706055,32.43000030517578,31.510000228881836,31.579999923706055
2009-04-06,121500,32.099998474121094,32.54999923706055,32.650001525878906,31.790000915527344,32.54999923706055
2009-04-03,149000,32.41999816894531,32.75,32.88999938964844,32.22999954223633,32.75
2009-04-02,386700,31.68000030517578,32.400001525878906,33.2400016784668,31.68000030517578,32.400001525878906
2009-04-01,253000,29.950000762939453,31.100000381469727,31.520000457763672,29.56999969482422,31.100000381469727
2009-03-31,358900,29.950000762939453,30.25,30.600000381469727,29.559999465942383,30.25
2009-03-30,175100,29.43000030517578,29.690000534057617,30.31999969482422,28.690000534057617,29.690000534057617
2009-03-27,200600,30.479999542236328,30.079999923706055,31.219999313354492,29.989999771118164,30.079999923706055
2009-03-26,219800,30.540000915527344,30.940000534057617,31.020000457763672,30.280000686645508,30.940000534057617
2009-03-25,131300,29.399999618530273,30.049999237060547,30.739999771118164,29.059999465942383,30.049999237060547
2009-03-24,179500,29.530000686645508,29.139999389648438,30.1299991607666,29.0,29.139999389648438
2009-03-23,383000,28.540000915527344,29.850000381469727,29.850000381469727,28.170000076293945,29.850000381469727
2009-03-20,301700,28.989999771118164,27.90999984741211,28.989999771118164,27.3700008392334,27.90999984741211
2009-03-19,203500,28.34000015258789,28.219999313354492,28.860000610351562,27.979999542236328,28.219999313354492
2009-03-18,330700,25.489999771118164,28.260000228881836,28.459999084472656,25.489999771118164,28.260000228881836
2009-03-17,291700,25.860000610351562,26.440000534057617,26.440000534057617,25.329999923706055,26.440000534057617
2009-03-16,118000,26.479999542236328,25.950000762939453,26.93000030517578,25.8799991607666,25.950000762939453
2009-03-13,234400,26.549999237060547,26.31999969482422,26.8799991607666,26.030000686645508,26.31999969482422
2009-03-12,295400,25.790000915527344,26.5,26.540000915527344,25.3700008392334,26.5
2009-03-11,136200,25.739999771118164,25.940000534057617,26.450000762939453,25.559999465942383,25.940000534057617
2009-03-10,303100,24.8700008392334,25.65999984741211,25.959999084472656,24.3799991607666,25.65999984741211
2009-03-09,258300,25.149999618530273,24.229999542236328,25.25,24.110000610351562,24.229999542236328
2009-03-06,344800,25.190000534057617,25.31999969482422,25.59000015258789,24.540000915527344,25.31999969482422
2009-03-05,507900,25.459999084472656,24.989999771118164,25.760000228881836,24.920000076293945,24.989999771118164
2009-03-04,304100,25.299999237060547,25.889999389648438,26.299999237060547,25.100000381469727,25.889999389648438
2009-03-03,465100,25.399999618530273,24.950000762939453,26.690000534057617,24.709999084472656,24.950000762939453
2009-03-02,469200,25.18000030517578,25.0,25.579999923706055,24.829999923706055,25.0
2009-02-27,264600,25.290000915527344,25.5,26.3700008392334,25.25,25.5
2009-02-26,219300,26.299999237060547,25.530000686645508,26.809999465942383,25.420000076293945,25.530000686645508
2009-02-25,274700,26.239999771118164,26.15999984741211,26.770000457763672,25.469999313354492,26.15999984741211
2009-02-24,427400,25.700000762939453,26.3799991607666,26.760000228881836,25.010000228881836,26.3799991607666
2009-02-23,408700,26.079999923706055,25.440000534057617,26.229999542236328,25.360000610351562,25.440000534057617
2009-02-20,1267700,26.950000762939453,25.950000762939453,27.450000762939453,25.020000457763672,25.950000762939453
2009-02-19,480600,27.950000762939453,27.979999542236328,28.639999389648438,26.1200008392334,27.979999542236328
2009-02-18,323100,28.780000686645508,28.75,29.15999984741211,27.600000381469727,28.75
2009-02-17,199300,28.760000228881836,28.649999618530273,29.329999923706055,27.709999084472656,28.649999618530273
2009-02-13,88800,29.649999618530273,29.549999237060547,30.479999542236328,28.989999771118164,29.549999237060547
2009-02-12,126700,29.43000030517578,29.540000915527344,29.969999313354492,28.979999542236328,29.540000915527344
2009-02-11,121800,29.530000686645508,29.799999237060547,30.040000915527344,29.229999542236328,29.799999237060547
2009-02-10,320600,30.260000228881836,29.479999542236328,30.770000457763672,29.459999084472656,29.479999542236328
2009-02-09,88400,30.760000228881836,30.520000457763672,31.459999084472656,30.1299991607666,30.520000457763672
2009-02-06,150300,29.459999084472656,30.899999618530273,31.40999984741211,29.25,30.899999618530273
2009-02-05,135600,29.420000076293945,29.559999465942383,30.229999542236328,28.959999084472656,29.559999465942383
2009-02-04,236700,29.860000610351562,29.709999084472656,30.040000915527344,29.209999084472656,29.709999084472656
2009-02-03,192700,30.31999969482422,29.760000228881836,30.459999084472656,29.260000228881836,29.760000228881836
2009-02-02,132300,29.389999389648438,30.18000030517578,30.389999389648438,29.389999389648438,30.18000030517578
2009-01-30,139400,30.65999984741211,29.6200008392334,30.8700008392334,29.469999313354492,29.6200008392334
2009-01-29,110400,31.799999237060547,30.280000686645508,31.799999237060547,30.280000686645508,30.280000686645508
2009-01-28,156100,30.68000030517578,32.06999969482422,32.15999984741211,30.68000030517578,32.06999969482422
2009-01-27,90700,29.979999542236328,30.309999465942383,30.450000762939453,29.579999923706055,30.309999465942383
2009-01-26,127400,30.110000610351562,29.790000915527344,30.739999771118164,29.260000228881836,29.790000915527344
2009-01-23,111400,29.81999969482422,29.979999542236328,30.469999313354492,29.559999465942383,29.979999542236328
2009-01-22,102600,30.81999969482422,30.469999313354492,31.299999237060547,30.209999084472656,30.469999313354492
2009-01-21,141700,29.950000762939453,31.280000686645508,31.549999237060547,29.850000381469727,31.280000686645508
2009-01-20,191400,30.520000457763672,29.940000534057617,31.389999389648438,29.860000610351562,29.940000534057617
2009-01-16,173700,31.799999237060547,31.010000228881836,32.33000183105469,29.920000076293945,31.010000228881836
2009-01-15,122500,30.350000381469727,31.420000076293945,31.56999969482422,29.690000534057617,31.420000076293945
2009-01-14,145400,31.809999465942383,30.3799991607666,32.75,30.280000686645508,30.3799991607666
2009-01-13,165200,32.529998779296875,32.310001373291016,33.310001373291016,31.989999771118164,32.310001373291016
2009-01-12,219700,33.2400016784668,32.619998931884766,33.470001220703125,31.809999465942383,32.619998931884766
2009-01-09,114300,36.040000915527344,33.38999938964844,36.040000915527344,33.33000183105469,33.38999938964844
2009-01-08,270600,34.400001525878906,35.93000030517578,36.41999816894531,34.38999938964844,35.93000030517578
2009-01-07,211400,33.9900016784668,34.619998931884766,35.27000045776367,33.529998779296875,34.619998931884766
2009-01-06,180800,33.599998474121094,34.47999954223633,35.02000045776367,33.400001525878906,34.47999954223633
2009-01-05,153000,33.619998931884766,33.22999954223633,33.72999954223633,32.70000076293945,33.22999954223633
2009-01-02,172000,33.0,33.5099983215332,33.65999984741211,32.36000061035156,33.5099983215332
2008-12-31,113900,32.290000915527344,32.939998626708984,33.45000076293945,32.27000045776367,32.939998626708984
2008-12-30,181000,30.959999084472656,32.36000061035156,32.40999984741211,30.959999084472656,32.36000061035156
2008-12-29,91200,30.700000762939453,30.65999984741211,30.860000610351562,30.399999618530273,30.65999984741211
2008-12-26,37100,30.8700008392334,30.700000762939453,31.309999465942383,30.260000228881836,30.700000762939453
2008-12-24,55800,31.579999923706055,30.690000534057617,31.579999923706055,30.59000015258789,30.690000534057617
2008-12-23,132000,31.329999923706055,31.479999542236328,31.739999771118164,30.600000381469727,31.479999542236328
2008-12-22,114300,32.9900016784668,31.170000076293945,33.13999938964844,30.219999313354492,31.170000076293945
2008-12-19,194200,33.13999938964844,33.0,34.619998931884766,32.209999084472656,33.0
2008-12-18,205800,31.3799991607666,32.529998779296875,33.290000915527344,31.350000381469727,32.529998779296875
2008-12-17,282000,30.5,31.90999984741211,32.29999923706055,29.969999313354492,31.90999984741211
2008-12-16,211900,30.280000686645508,30.75,30.940000534057617,29.760000228881836,30.75
2008-12-15,162000,31.110000610351562,29.790000915527344,31.5,29.489999771118164,29.790000915527344
2008-12-12,89700,29.719999313354492,30.809999465942383,30.8700008392334,29.139999389648438,30.809999465942383
2008-12-11,131300,31.170000076293945,30.219999313354492,32.45000076293945,29.899999618530273,30.219999313354492
2008-12-10,140400,31.260000228881836,31.649999618530273,32.16999816894531,30.040000915527344,31.649999618530273
2008-12-09,236700,30.639999389648438,30.81999969482422,31.8799991607666,30.459999084472656,30.81999969482422
2008-12-08,290000,30.079999923706055,30.8799991607666,31.1299991607666,30.040000915527344,30.8799991607666
2008-12-05,282000,28.1299991607666,29.25,29.540000915527344,27.670000076293945,29.25
2008-12-04,317400,28.579999923706055,28.649999618530273,29.799999237060547,27.969999313354492,28.649999618530273
2008-12-03,360800,27.610000610351562,28.989999771118164,29.65999984741211,27.610000610351562,28.989999771118164
2008-12-02,384800,29.360000610351562,28.31999969482422,30.1299991607666,27.280000686645508,28.31999969482422
2008-12-01,281000,31.40999984741211,28.84000015258789,32.529998779296875,28.6299991607666,28.84000015258789
2008-11-28,68600,32.54999923706055,32.619998931884766,33.52000045776367,31.280000686645508,32.619998931884766
2008-11-26,245700,31.15999984741211,32.84000015258789,33.33000183105469,30.75,32.84000015258789
2008-11-25,305300,31.639999389648438,31.950000762939453,32.560001373291016,30.219999313354492,31.950000762939453
2008-11-24,338200,29.06999969482422,31.510000228881836,32.29999923706055,29.06999969482422,31.510000228881836
2008-11-21,376300,27.579999923706055,28.739999771118164,28.739999771118164,25.799999237060547,28.739999771118164
2008-11-20,438300,26.899999618530273,27.0,28.6200008392334,26.389999389648438,27.0
2008-11-19,1404700,30.389999389648438,27.010000228881836,30.389999389648438,25.43000030517578,27.010000228881836
2008-11-18,1095800,30.350000381469727,30.770000457763672,31.65999984741211,29.520000457763672,30.770000457763672
2008-11-17,633700,29.709999084472656,30.31999969482422,31.030000686645508,29.010000228881836,30.31999969482422
2008-11-14,305100,30.670000076293945,30.030000686645508,31.200000762939453,29.989999771118164,30.030000686645508
2008-11-13,373300,29.31999969482422,31.149999618530273,31.489999771118164,28.530000686645508,31.149999618530273
2008-11-12,553700,29.90999984741211,29.260000228881836,31.0,29.040000915527344,29.260000228881836
2008-11-11,368300,31.989999771118164,30.43000030517578,33.5,29.920000076293945,30.43000030517578
2008-11-10,303700,36.630001068115234,32.08000183105469,36.720001220703125,31.459999084472656,32.08000183105469
2008-11-07,128700,36.4900016784668,35.70000076293945,37.70000076293945,35.0,35.70000076293945
2008-11-06,575600,35.939998626708984,36.11000061035156,38.959999084472656,35.400001525878906,36.11000061035156
2008-11-05,301400,35.97999954223633,36.16999816894531,37.43000030517578,35.95000076293945,36.16999816894531
2008-11-04,96100,37.380001068115234,36.349998474121094,37.43000030517578,35.529998779296875,36.349998474121094
2008-11-03,269100,35.9900016784668,36.43000030517578,37.459999084472656,35.9900016784668,36.43000030517578
2008-10-31,492800,31.950000762939453,36.02000045776367,36.43000030517578,31.43000030517578,36.02000045776367
2008-10-30,411200,30.860000610351562,32.779998779296875,37.04999923706055,30.860000610351562,32.779998779296875
2008-10-29,590600,29.799999237060547,29.610000610351562,29.799999237060547,27.709999084472656,29.610000610351562
2008-10-28,589200,29.350000381469727,29.239999771118164,30.889999389648438,28.40999984741211,29.239999771118164
2008-10-27,421700,30.59000015258789,28.93000030517578,32.16999816894531,28.90999984741211,28.93000030517578
2008-10-24,397400,30.93000030517578,30.889999389648438,32.68000030517578,30.440000534057617,30.889999389648438
2008-10-23,399200,36.11000061035156,32.43000030517578,37.04999923706055,31.780000686645508,32.43000030517578
2008-10-22,130200,36.52000045776367,36.029998779296875,37.77000045776367,35.529998779296875,36.029998779296875
2008-10-21,172100,38.029998779296875,37.459999084472656,39.619998931884766,37.2599983215332,37.459999084472656
2008-10-20,84300,37.970001220703125,38.790000915527344,38.79999923706055,36.25,38.790000915527344
2008-10-17,250500,35.65999984741211,37.0,38.310001373291016,35.630001068115234,37.0
2008-10-16,418800,38.540000915527344,37.02000045776367,40.0,35.150001525878906,37.02000045776367
2008-10-15,267800,39.5,38.29999923706055,40.59000015258789,38.0099983215332,38.29999923706055
2008-10-14,279000,45.0,40.689998626708984,45.88999938964844,40.40999984741211,40.689998626708984
2008-10-13,334700,45.70000076293945,44.41999816894531,45.70000076293945,43.13999938964844,44.41999816894531
2008-10-10,606000,39.130001068115234,41.290000915527344,42.880001068115234,39.0099983215332,41.290000915527344
2008-10-09,345200,45.16999816894531,40.029998779296875,45.16999816894531,39.75,40.029998779296875
2008-10-08,214400,40.72999954223633,44.43000030517578,46.66999816894531,40.279998779296875,44.43000030517578
2008-10-07,422800,42.209999084472656,42.11000061035156,44.58000183105469,42.06999969482422,42.11000061035156
2008-10-06,357300,40.369998931884766,41.56999969482422,42.38999938964844,39.790000915527344,41.56999969482422
2008-10-03,442300,43.54999923706055,41.34000015258789,44.52000045776367,41.29999923706055,41.34000015258789
2008-10-02,281300,44.84000015258789,42.869998931884766,45.04999923706055,42.029998779296875,42.869998931884766
2008-10-01,215300,45.0,45.20000076293945,46.0,43.61000061035156,45.20000076293945
2008-09-30,388800,45.630001068115234,45.38999938964844,46.2599983215332,44.31999969482422,45.38999938964844
2008-09-29,256300,47.27000045776367,44.27000045776367,48.099998474121094,43.939998626708984,44.27000045776367
2008-09-26,319000,53.040000915527344,47.970001220703125,53.040000915527344,47.470001220703125,47.970001220703125
2008-09-25,192900,52.38999938964844,49.90999984741211,52.38999938964844,49.5,49.90999984741211
2008-09-24,243900,49.79999923706055,50.220001220703125,52.38999938964844,49.08000183105469,50.220001220703125
2008-09-23,406900,49.43000030517578,49.630001068115234,50.459999084472656,48.540000915527344,49.630001068115234
2008-09-22,315200,55.04999923706055,49.25,55.119998931884766,49.08000183105469,49.25
2008-09-19,796600,60.099998474121094,55.61000061035156,61.150001525878906,54.869998931884766,55.61000061035156
2008-09-18,654200,51.869998931884766,56.70000076293945,57.20000076293945,49.5,56.70000076293945
2008-09-17,558900,51.439998626708984,50.0,51.439998626708984,48.959999084472656,50.0
2008-09-16,484300,50.47999954223633,50.54999923706055,50.54999923706055,48.54999923706055,50.54999923706055
2008-09-15,168100,52.599998474121094,49.83000183105469,52.599998474121094,49.790000915527344,49.83000183105469
2008-09-12,189200,50.52000045776367,52.040000915527344,52.459999084472656,50.52000045776367,52.040000915527344
2008-09-11,404400,52.040000915527344,51.029998779296875,52.380001068115234,50.58000183105469,51.029998779296875
2008-09-10,504600,53.54999923706055,52.900001525878906,53.54999923706055,52.11000061035156,52.900001525878906
2008-09-09,319300,53.099998474121094,52.459999084472656,54.5099983215332,52.41999816894531,52.459999084472656
2008-09-08,285600,54.150001525878906,52.93000030517578,55.16999816894531,52.869998931884766,52.93000030517578
2008-09-05,228300,54.869998931884766,53.75,54.9900016784668,53.130001068115234,53.75
2008-09-04,289200,54.9900016784668,55.06999969482422,55.63999938964844,54.75,55.06999969482422
2008-09-03,228100,53.90999984741211,55.29999923706055,55.40999984741211,53.709999084472656,55.29999923706055
2008-09-02,230300,53.61000061035156,53.959999084472656,54.84000015258789,52.939998626708984,53.959999084472656
2008-08-29,97700,52.099998474121094,52.810001373291016,52.91999816894531,51.459999084472656,52.810001373291016
2008-08-28,79500,51.56999969482422,52.130001068115234,52.880001068115234,51.5099983215332,52.130001068115234
2008-08-27,106400,51.040000915527344,51.5099983215332,51.79999923706055,51.040000915527344,51.5099983215332
2008-08-26,86400,51.68000030517578,51.130001068115234,51.68000030517578,50.63999938964844,51.130001068115234
2008-08-25,120100,51.779998779296875,51.68000030517578,53.0,51.68000030517578,51.68000030517578
2008-08-22,303100,51.33000183105469,53.130001068115234,53.34000015258789,51.040000915527344,53.130001068115234
2008-08-21,57100,50.75,50.959999084472656,51.5099983215332,50.20000076293945,50.959999084472656
2008-08-20,96100,51.63999938964844,51.18000030517578,51.650001525878906,50.650001525878906,51.18000030517578
2008-08-19,98400,52.560001373291016,51.540000915527344,52.790000915527344,51.209999084472656,51.540000915527344
2008-08-18,52500,53.95000076293945,53.20000076293945,54.33000183105469,52.68000030517578,53.20000076293945
2008-08-15,101600,54.650001525878906,53.86000061035156,54.93000030517578,53.13999938964844,53.86000061035156
2008-08-14,86200,53.619998931884766,54.029998779296875,54.13999938964844,53.150001525878906,54.029998779296875
2008-08-13,85000,54.02000045776367,54.130001068115234,54.540000915527344,53.369998931884766,54.130001068115234
2008-08-12,187200,55.0,54.130001068115234,55.18000030517578,53.810001373291016,54.130001068115234
2008-08-11,381800,54.130001068115234,55.869998931884766,57.41999816894531,53.70000076293945,55.869998931884766
2008-08-08,194300,51.16999816894531,54.029998779296875,54.91999816894531,51.16999816894531,54.029998779296875
2008-08-07,117300,51.150001525878906,52.0,52.369998931884766,50.880001068115234,52.0
2008-08-06,111200,51.70000076293945,51.68000030517578,52.439998626708984,51.029998779296875,51.68000030517578
2008-08-05,220100,51.970001220703125,51.72999954223633,52.08000183105469,50.119998931884766,51.72999954223633
2008-08-04,109200,51.59000015258789,50.9900016784668,51.779998779296875,50.29999923706055,50.9900016784668
2008-08-01,204900,50.189998626708984,51.5099983215332,52.09000015258789,49.58000183105469,51.5099983215332
2008-07-31,135900,48.75,49.88999938964844,50.43000030517578,48.75,49.88999938964844
2008-07-30,190200,50.2400016784668,49.58000183105469,50.88999938964844,48.09000015258789,49.58000183105469
2008-07-29,296800,47.849998474121094,49.79999923706055,50.439998626708984,47.63999938964844,49.79999923706055
2008-07-28,136000,48.560001373291016,47.560001373291016,48.86000061035156,47.16999816894531,47.560001373291016
2008-07-25,101000,49.0,48.810001373291016,49.16999816894531,48.40999984741211,48.810001373291016
2008-07-24,126900,50.150001525878906,48.540000915527344,50.150001525878906,48.209999084472656,48.540000915527344
2008-07-23,244600,50.0,50.22999954223633,50.81999969482422,49.45000076293945,50.22999954223633
2008-07-22,210000,48.150001525878906,49.970001220703125,50.15999984741211,48.150001525878906,49.970001220703125
2008-07-21,162200,49.83000183105469,49.52000045776367,50.0,49.060001373291016,49.52000045776367
2008-07-18,154700,49.43000030517578,49.45000076293945,50.0,48.5,49.45000076293945
2008-07-17,401300,47.599998474121094,49.369998931884766,49.40999984741211,47.599998474121094,49.369998931884766
2008-07-16,883300,48.0,47.310001373291016,49.31999969482422,47.290000915527344,47.310001373291016
2008-07-15,424800,44.540000915527344,45.91999816894531,46.869998931884766,43.93000030517578,45.91999816894531
2008-07-14,133300,46.380001068115234,45.45000076293945,46.90999984741211,45.02000045776367,45.45000076293945
2008-07-11,107300,45.04999923706055,45.83000183105469,45.91999816894531,44.68000030517578,45.83000183105469
2008-07-10,203300,44.0,45.529998779296875,46.13999938964844,44.0,45.529998779296875
2008-07-09,150700,44.630001068115234,44.13999938964844,45.279998779296875,44.0,44.13999938964844
2008-07-08,165900,44.060001373291016,44.709999084472656,44.7599983215332,43.849998474121094,44.709999084472656
2008-07-07,211000,44.470001220703125,43.900001525878906,45.400001525878906,43.810001373291016,43.900001525878906
2008-07-03,97800,43.7599983215332,44.099998474121094,44.41999816894531,43.61000061035156,44.099998474121094
2008-07-02,155300,44.459999084472656,43.56999969482422,45.400001525878906,43.47999954223633,43.56999969482422
2008-07-01,297600,43.900001525878906,44.599998474121094,44.97999954223633,43.77000045776367,44.599998474121094
2008-06-30,204900,44.52000045776367,44.45000076293945,44.59000015258789,43.7400016784668,44.45000076293945
2008-06-27,375700,44.88999938964844,44.38999938964844,45.20000076293945,44.04999923706055,44.38999938964844
2008-06-26,209700,45.45000076293945,44.75,45.849998474121094,44.279998779296875,44.75
2008-06-25,252500,46.22999954223633,46.13999938964844,46.75,45.59000015258789,46.13999938964844
2008-06-24,216900,48.16999816894531,46.220001220703125,48.16999816894531,46.18000030517578,46.220001220703125
2008-06-23,122100,50.65999984741211,48.560001373291016,50.65999984741211,48.54999923706055,48.560001373291016
2008-06-20,311000,51.369998931884766,50.25,51.900001525878906,50.209999084472656,50.25
2008-06-19,103600,51.2599983215332,51.18000030517578,51.2599983215332,50.560001373291016,51.18000030517578
2008-06-18,158300,50.290000915527344,51.290000915527344,51.38999938964844,50.0,51.290000915527344
2008-06-17,127800,49.97999954223633,50.38999938964844,51.25,48.900001525878906,50.38999938964844
2008-06-16,87500,49.15999984741211,49.95000076293945,50.02000045776367,48.38999938964844,49.95000076293945
2008-06-13,139700,49.5,49.25,50.25,48.25,49.25
2008-06-12,172900,47.9900016784668,48.90999984741211,49.61000061035156,47.9900016784668,48.90999984741211
2008-06-11,143500,49.13999938964844,47.709999084472656,49.65999984741211,47.470001220703125,47.709999084472656
2008-06-10,97800,49.400001525878906,49.369998931884766,49.86000061035156,49.029998779296875,49.369998931884766
2008-06-09,208600,50.060001373291016,49.90999984741211,50.560001373291016,48.91999816894531,49.90999984741211
2008-06-06,237700,50.20000076293945,50.040000915527344,50.810001373291016,48.81999969482422,50.040000915527344
2008-06-05,249800,48.650001525878906,50.72999954223633,50.849998474121094,48.61000061035156,50.72999954223633
2008-06-04,174400,48.189998626708984,48.65999984741211,49.31999969482422,47.06999969482422,48.65999984741211
2008-06-03,197300,46.7599983215332,47.65999984741211,47.90999984741211,46.459999084472656,47.65999984741211
2008-06-02,140100,47.08000183105469,46.38999938964844,47.18000030517578,45.880001068115234,46.38999938964844
2008-05-30,140000,48.11000061035156,46.900001525878906,48.11000061035156,46.75,46.900001525878906
2008-05-29,220200,47.369998931884766,47.970001220703125,48.16999816894531,46.93000030517578,47.970001220703125
2008-05-28,189200,47.61000061035156,47.36000061035156,47.65999984741211,46.68000030517578,47.36000061035156
2008-05-27,165000,45.630001068115234,46.91999816894531,47.130001068115234,45.630001068115234,46.91999816894531
2008-05-23,106400,46.09000015258789,45.4900016784668,46.88999938964844,45.099998474121094,45.4900016784668
2008-05-22,106300,46.540000915527344,46.400001525878906,47.31999969482422,46.2400016784668,46.400001525878906
2008-05-21,101400,47.11000061035156,46.279998779296875,47.720001220703125,45.75,46.279998779296875
2008-05-20,74700,47.65999984741211,46.900001525878906,48.40999984741211,46.61000061035156,46.900001525878906
2008-05-19,113000,48.119998931884766,47.68000030517578,48.619998931884766,47.56999969482422,47.68000030517578
2008-05-16,86200,48.7599983215332,48.22999954223633,49.08000183105469,47.52000045776367,48.22999954223633
2008-05-15,134800,48.02000045776367,48.45000076293945,49.16999816894531,47.720001220703125,48.45000076293945
2008-05-14,117700,48.060001373291016,48.11000061035156,49.20000076293945,48.029998779296875,48.11000061035156
2008-05-13,276300,49.54999923706055,47.97999954223633,50.150001525878906,47.54999923706055,47.97999954223633
2008-05-12,183800,49.54999923706055,49.41999816894531,49.7400016784668,48.63999938964844,49.41999816894531
2008-05-09,187800,48.79999923706055,49.369998931884766,50.939998626708984,48.4900016784668,49.369998931884766
2008-05-08,171100,50.470001220703125,49.2599983215332,51.599998474121094,48.720001220703125,49.2599983215332
2008-05-07,442500,50.66999816894531,51.36000061035156,52.560001373291016,50.0,51.36000061035156
2008-05-06,245200,48.529998779296875,50.5099983215332,50.59000015258789,48.380001068115234,50.5099983215332
2008-05-05,162100,48.439998626708984,48.91999816894531,48.95000076293945,47.86000061035156,48.91999816894531
2008-05-02,253600,49.0,48.70000076293945,49.59000015258789,47.849998474121094,48.70000076293945
2008-05-01,300900,47.86000061035156,48.38999938964844,48.79999923706055,47.29999923706055,48.38999938964844
2008-04-30,88200,48.13999938964844,47.95000076293945,49.25,47.61000061035156,47.95000076293945
2008-04-29,162400,49.369998931884766,48.09000015258789,49.93000030517578,47.68000030517578,48.09000015258789
2008-04-28,290000,49.5099983215332,49.27000045776367,49.900001525878906,48.68000030517578,49.27000045776367
2008-04-25,327600,48.689998626708984,49.099998474121094,49.54999923706055,48.279998779296875,49.099998474121094
2008-04-24,706100,50.130001068115234,48.52000045776367,50.939998626708984,48.0,48.52000045776367
2008-04-23,342400,45.619998931884766,46.5,46.720001220703125,43.619998931884766,46.5
2008-04-22,227400,46.130001068115234,45.130001068115234,46.58000183105469,43.95000076293945,45.130001068115234
2008-04-21,54800,46.34000015258789,46.439998626708984,47.06999969482422,45.970001220703125,46.439998626708984
2008-04-18,282000,46.0,46.810001373291016,47.369998931884766,45.70000076293945,46.810001373291016
2008-04-17,110800,45.779998779296875,45.38999938964844,46.0,45.220001220703125,45.38999938964844
2008-04-16,270100,45.5,45.86000061035156,46.310001373291016,45.5,45.86000061035156
2008-04-15,107900,45.150001525878906,46.04999923706055,46.2599983215332,44.77000045776367,46.04999923706055
2008-04-14,122400,45.72999954223633,44.93000030517578,46.40999984741211,44.880001068115234,44.93000030517578
2008-04-11,127400,47.47999954223633,45.91999816894531,47.47999954223633,45.5,45.91999816894531
2008-04-10,136400,46.220001220703125,46.45000076293945,47.15999984741211,46.06999969482422,46.45000076293945
2008-04-09,170500,48.7599983215332,46.20000076293945,48.7599983215332,45.9900016784668,46.20000076293945
2008-04-08,130300,46.900001525878906,48.79999923706055,48.93000030517578,46.7599983215332,48.79999923706055
2008-04-07,96200,47.34000015258789,47.349998474121094,48.220001220703125,46.88999938964844,47.349998474121094
2008-04-04,154400,47.849998474121094,46.91999816894531,47.90999984741211,46.459999084472656,46.91999816894531
2008-04-03,539300,46.75,47.709999084472656,48.2400016784668,46.75,47.709999084472656
2008-04-02,404700,44.900001525878906,47.06999969482422,47.189998626708984,44.58000183105469,47.06999969482422
2008-04-01,196300,43.0,44.72999954223633,44.88999938964844,42.77000045776367,44.72999954223633
2008-03-31,130800,42.959999084472656,43.0,43.90999984741211,42.29999923706055,43.0
2008-03-28,108900,43.0,42.810001373291016,43.349998474121094,42.529998779296875,42.810001373291016
2008-03-27,183600,43.59000015258789,43.04999923706055,44.349998474121094,43.0,43.04999923706055
2008-03-26,141000,43.25,43.630001068115234,43.900001525878906,43.02000045776367,43.630001068115234
2008-03-25,295000,42.09000015258789,43.54999923706055,43.63999938964844,41.95000076293945,43.54999923706055
2008-03-24,260900,40.650001525878906,42.29999923706055,42.29999923706055,40.52000045776367,42.29999923706055
2008-03-20,415600,39.790000915527344,40.40999984741211,40.63999938964844,39.0099983215332,40.40999984741211
2008-03-19,89500,40.220001220703125,39.27000045776367,40.790000915527344,39.27000045776367,39.27000045776367
2008-03-18,305100,39.2400016784668,40.0,40.130001068115234,38.779998779296875,40.0
2008-03-17,219800,38.41999816894531,38.06999969482422,38.630001068115234,37.63999938964844,38.06999969482422
2008-03-14,234700,40.310001373291016,38.880001068115234,40.43000030517578,38.70000076293945,38.880001068115234
2008-03-13,374700,39.79999923706055,40.040000915527344,40.5099983215332,39.43000030517578,40.040000915527344
2008-03-12,186200,41.09000015258789,40.349998474121094,41.5099983215332,40.279998779296875,40.349998474121094
2008-03-11,291100,40.959999084472656,41.0,41.7599983215332,40.0099983215332,41.0
2008-03-10,243000,40.7599983215332,39.7599983215332,40.91999816894531,39.7599983215332,39.7599983215332
2008-03-07,314900,41.06999969482422,40.529998779296875,41.90999984741211,39.84000015258789,40.529998779296875
2008-03-06,361100,41.369998931884766,41.560001373291016,42.470001220703125,41.099998474121094,41.560001373291016
2008-03-05,166400,41.95000076293945,41.68000030517578,42.13999938964844,40.75,41.68000030517578
2008-03-04,341500,41.130001068115234,41.77000045776367,41.84000015258789,40.970001220703125,41.77000045776367
2008-03-03,350400,41.630001068115234,41.650001525878906,42.0,40.83000183105469,41.650001525878906
2008-02-29,319700,42.369998931884766,41.52000045776367,42.599998474121094,41.439998626708984,41.52000045776367
2008-02-28,233000,43.810001373291016,42.970001220703125,43.810001373291016,42.75,42.970001220703125
2008-02-27,231000,42.31999969482422,43.9900016784668,44.130001068115234,42.11000061035156,43.9900016784668
2008-02-26,351800,40.619998931884766,42.81999969482422,42.939998626708984,40.619998931884766,42.81999969482422
2008-02-25,603300,41.20000076293945,40.97999954223633,42.189998626708984,40.58000183105469,40.97999954223633
2008-02-22,550100,40.630001068115234,39.27000045776367,41.0,38.90999984741211,39.27000045776367
2008-02-21,1200500,39.0,40.4900016784668,43.45000076293945,39.0,40.4900016784668
2008-02-20,512900,39.45000076293945,38.52000045776367,39.45000076293945,38.0,38.52000045776367
2008-02-19,342900,39.650001525878906,39.29999923706055,39.97999954223633,38.9900016784668,39.29999923706055
2008-02-15,703000,37.25,38.970001220703125,39.630001068115234,37.18000030517578,38.970001220703125
2008-02-14,188400,38.150001525878906,37.040000915527344,38.380001068115234,36.900001525878906,37.040000915527344
2008-02-13,304600,38.150001525878906,38.099998474121094,38.43000030517578,37.790000915527344,38.099998474121094
2008-02-12,273700,37.130001068115234,37.70000076293945,38.25,36.9900016784668,37.70000076293945
2008-02-11,357000,36.560001373291016,36.869998931884766,37.349998474121094,36.0,36.869998931884766
2008-02-08,319900,36.0099983215332,36.599998474121094,37.06999969482422,36.0099983215332,36.599998474121094
2008-02-07,767100,37.029998779296875,36.54999923706055,37.20000076293945,35.939998626708984,36.54999923706055
2008-02-06,482300,39.880001068115234,37.25,39.880001068115234,36.59000015258789,37.25
2008-02-05,404100,41.25,39.939998626708984,41.72999954223633,39.70000076293945,39.939998626708984
2008-02-04,185700,42.90999984741211,41.72999954223633,43.5,41.61000061035156,41.72999954223633
2008-02-01,258000,42.59000015258789,42.90999984741211,43.349998474121094,42.349998474121094,42.90999984741211
2008-01-31,269500,39.599998474121094,42.34000015258789,42.90999984741211,39.599998474121094,42.34000015258789
2008-01-30,195300,40.040000915527344,40.5099983215332,41.599998474121094,40.040000915527344,40.5099983215332
2008-01-29,133700,39.2599983215332,40.040000915527344,40.11000061035156,38.18000030517578,40.040000915527344
2008-01-28,183300,37.79999923706055,38.939998626708984,39.08000183105469,37.20000076293945,38.939998626708984
2008-01-25,186600,39.560001373291016,37.810001373291016,39.560001373291016,37.63999938964844,37.810001373291016
2008-01-24,196300,40.5,39.06999969482422,41.130001068115234,39.040000915527344,39.06999969482422
2008-01-23,212500,37.189998626708984,40.189998626708984,40.41999816894531,37.189998626708984,40.189998626708984
2008-01-22,265400,36.43000030517578,38.15999984741211,38.439998626708984,36.220001220703125,38.15999984741211
2008-01-18,336100,37.9900016784668,37.40999984741211,39.209999084472656,36.54999923706055,37.40999984741211
2008-01-17,383800,38.7400016784668,38.0,38.7400016784668,37.29999923706055,38.0
2008-01-16,154700,37.41999816894531,38.220001220703125,38.88999938964844,37.41999816894531,38.220001220703125
2008-01-15,187400,38.25,37.41999816894531,38.290000915527344,36.810001373291016,37.41999816894531
2008-01-14,186100,39.29999923706055,38.459999084472656,40.56999969482422,38.459999084472656,38.459999084472656
2008-01-11,253700,40.720001220703125,38.970001220703125,41.099998474121094,38.95000076293945,38.970001220703125
2008-01-10,255100,40.459999084472656,41.060001373291016,41.77000045776367,40.15999984741211,41.060001373291016
2008-01-09,422700,40.540000915527344,40.9900016784668,41.13999938964844,40.150001525878906,40.9900016784668
2008-01-08,492000,39.70000076293945,40.54999923706055,41.2400016784668,39.65999984741211,40.54999923706055
2008-01-07,407900,41.2599983215332,39.59000015258789,41.279998779296875,39.290000915527344,39.59000015258789
2008-01-04,260000,43.43000030517578,41.2400016784668,43.43000030517578,41.060001373291016,41.2400016784668
2008-01-03,201500,45.369998931884766,43.560001373291016,46.099998474121094,43.540000915527344,43.560001373291016
2008-01-02,152400,47.08000183105469,45.310001373291016,47.83000183105469,45.130001068115234,45.310001373291016
2007-12-31,309100,46.18000030517578,47.25,48.209999084472656,46.06999969482422,47.25
2007-12-28,72000,46.959999084472656,46.5,47.63999938964844,46.0099983215332,46.5
2007-12-27,73600,48.029998779296875,46.310001373291016,48.41999816894531,46.290000915527344,46.310001373291016
2007-12-26,90400,47.84000015258789,48.290000915527344,48.709999084472656,46.810001373291016,48.290000915527344
2007-12-24,43000,48.06999969482422,48.2400016784668,49.060001373291016,48.02000045776367,48.2400016784668
2007-12-21,293400,48.0,47.77000045776367,48.5,47.650001525878906,47.77000045776367
2007-12-20,158700,45.97999954223633,47.22999954223633,47.290000915527344,45.47999954223633,47.22999954223633
2007-12-19,140200,45.7599983215332,45.41999816894531,46.56999969482422,45.36000061035156,45.41999816894531
2007-12-18,221800,44.970001220703125,45.75,46.20000076293945,44.709999084472656,45.75
2007-12-17,194000,44.63999938964844,44.47999954223633,45.04999923706055,44.2599983215332,44.47999954223633
2007-12-14,109900,45.619998931884766,45.0099983215332,46.279998779296875,44.4900016784668,45.0099983215332
2007-12-13,137400,45.9900016784668,46.18000030517578,46.72999954223633,45.650001525878906,46.18000030517578
2007-12-12,157500,47.400001525878906,46.38999938964844,48.369998931884766,45.81999969482422,46.38999938964844
2007-12-11,134800,48.90999984741211,46.22999954223633,48.90999984741211,46.220001220703125,46.22999954223633
2007-12-10,57700,48.709999084472656,48.72999954223633,48.880001068115234,48.33000183105469,48.72999954223633
2007-12-07,104800,49.0,48.689998626708984,49.0,48.13999938964844,48.689998626708984
2007-12-06,161700,48.4900016784668,48.79999923706055,49.029998779296875,48.13999938964844,48.79999923706055
2007-12-05,145800,47.900001525878906,48.38999938964844,49.0,47.33000183105469,48.38999938964844
2007-12-04,162100,46.040000915527344,47.0,48.95000076293945,45.9900016784668,47.0
2007-12-03,153500,48.09000015258789,46.04999923706055,48.209999084472656,46.040000915527344,46.04999923706055
2007-11-30,118900,48.810001373291016,48.189998626708984,49.38999938964844,48.0099983215332,48.189998626708984
2007-11-29,153500,49.0,48.599998474121094,49.150001525878906,48.060001373291016,48.599998474121094
2007-11-28,131700,46.79999923706055,49.209999084472656,49.2599983215332,46.79999923706055,49.209999084472656
2007-11-27,205600,47.349998474121094,47.029998779296875,48.0099983215332,46.61000061035156,47.029998779296875
2007-11-26,133800,48.65999984741211,47.11000061035156,49.18000030517578,47.0099983215332,47.11000061035156
2007-11-23,89400,48.79999923706055,48.790000915527344,49.13999938964844,48.5099983215332,48.790000915527344
2007-11-21,268200,49.90999984741211,48.20000076293945,50.099998474121094,48.119998931884766,48.20000076293945
2007-11-20,214200,51.45000076293945,50.349998474121094,51.58000183105469,49.81999969482422,50.349998474121094
2007-11-19,162200,53.689998626708984,51.25,53.959999084472656,51.15999984741211,51.25
2007-11-16,177600,55.189998626708984,54.310001373291016,55.189998626708984,52.9900016784668,54.310001373291016
2007-11-15,126100,54.95000076293945,55.04999923706055,55.63999938964844,54.150001525878906,55.04999923706055
2007-11-14,132300,55.709999084472656,55.31999969482422,56.0,54.90999984741211,55.31999969482422
2007-11-13,232900,55.310001373291016,55.38999938964844,55.63999938964844,54.310001373291016,55.38999938964844
2007-11-12,183300,53.88999938964844,54.900001525878906,55.779998779296875,53.70000076293945,54.900001525878906
2007-11-09,152300,53.75,53.84000015258789,54.630001068115234,53.06999969482422,53.84000015258789
2007-11-08,178100,55.47999954223633,54.209999084472656,55.47999954223633,53.119998931884766,54.209999084472656
2007-11-07,141600,55.08000183105469,54.93000030517578,56.220001220703125,53.810001373291016,54.93000030517578
2007-11-06,97900,54.29999923706055,55.959999084472656,56.189998626708984,53.560001373291016,55.959999084472656
2007-11-05,162300,53.7400016784668,54.220001220703125,55.189998626708984,53.65999984741211,54.220001220703125
2007-11-02,130200,55.36000061035156,55.2400016784668,55.36000061035156,53.400001525878906,55.2400016784668
2007-11-01,149700,56.790000915527344,54.79999923706055,56.790000915527344,54.29999923706055,54.79999923706055
2007-10-31,262900,55.58000183105469,57.5,57.939998626708984,55.2599983215332,57.5
2007-10-30,274300,56.75,55.25,57.779998779296875,55.040000915527344,55.25
2007-10-29,393400,58.099998474121094,57.0,59.0,56.70000076293945,57.0
2007-10-26,301300,58.36000061035156,57.75,59.279998779296875,56.7400016784668,57.75
2007-10-25,568700,59.279998779296875,57.349998474121094,61.189998626708984,57.0,57.349998474121094
2007-10-24,239400,58.91999816894531,61.279998779296875,61.279998779296875,57.810001373291016,61.279998779296875
2007-10-23,74300,59.06999969482422,59.560001373291016,59.7599983215332,57.61000061035156,59.560001373291016
2007-10-22,119700,57.400001525878906,58.4900016784668,58.77000045776367,56.33000183105469,58.4900016784668
2007-10-19,150700,61.540000915527344,57.43000030517578,61.540000915527344,57.31999969482422,57.43000030517578
2007-10-18,59300,60.529998779296875,61.650001525878906,61.650001525878906,60.16999816894531,61.650001525878906
2007-10-17,72900,61.08000183105469,60.77000045776367,61.599998474121094,59.56999969482422,60.77000045776367
2007-10-16,62400,60.13999938964844,60.380001068115234,61.06999969482422,59.83000183105469,60.380001068115234
2007-10-15,73300,60.41999816894531,60.16999816894531,60.619998931884766,59.529998779296875,60.16999816894531
2007-10-12,106500,60.47999954223633,60.5,61.59000015258789,59.9900016784668,60.5
2007-10-11,177400,61.400001525878906,60.52000045776367,62.880001068115234,59.68000030517578,60.52000045776367
2007-10-10,116200,61.2400016784668,61.209999084472656,61.2599983215332,60.47999954223633,61.209999084472656
2007-10-09,53900,61.470001220703125,61.599998474121094,61.63999938964844,60.2599983215332,61.599998474121094
2007-10-08,78800,60.709999084472656,60.959999084472656,61.939998626708984,60.540000915527344,60.959999084472656
2007-10-05,133800,59.75,60.970001220703125,61.689998626708984,59.470001220703125,60.970001220703125
2007-10-04,58300,58.790000915527344,59.150001525878906,59.75,57.56999969482422,59.150001525878906
2007-10-03,162400,58.720001220703125,58.439998626708984,60.529998779296875,58.279998779296875,58.439998626708984
2007-10-02,420300,56.72999954223633,59.0,59.83000183105469,56.16999816894531,59.0
2007-10-01,150000,53.470001220703125,56.529998779296875,56.84000015258789,53.470001220703125,56.529998779296875
2007-09-28,99700,54.22999954223633,53.45000076293945,54.61000061035156,53.0,53.45000076293945
2007-09-27,26800,53.97999954223633,54.349998474121094,54.599998474121094,53.560001373291016,54.349998474121094
2007-09-26,38200,53.9900016784668,53.650001525878906,54.650001525878906,53.29999923706055,53.650001525878906
2007-09-25,105600,53.0099983215332,53.61000061035156,54.09000015258789,52.40999984741211,53.61000061035156
2007-09-24,106800,52.81999969482422,53.45000076293945,54.619998931884766,52.81999969482422,53.45000076293945
2007-09-21,223700,53.04999923706055,52.939998626708984,53.81999969482422,52.83000183105469,52.939998626708984
2007-09-20,87700,54.5,53.0,54.5,52.84000015258789,53.0
2007-09-19,102300,54.97999954223633,54.650001525878906,55.2400016784668,53.88999938964844,54.650001525878906
2007-09-18,228800,51.720001220703125,54.470001220703125,55.290000915527344,50.900001525878906,54.470001220703125
2007-09-17,155200,52.709999084472656,51.41999816894531,52.709999084472656,51.38999938964844,51.41999816894531
2007-09-14,151600,51.66999816894531,52.75,53.130001068115234,50.83000183105469,52.75
2007-09-13,125200,52.81999969482422,51.9900016784668,52.81999969482422,51.84000015258789,51.9900016784668
2007-09-12,408800,50.77000045776367,52.470001220703125,53.04999923706055,50.2599983215332,52.470001220703125
2007-09-11,235600,51.93000030517578,51.560001373291016,52.40999984741211,51.25,51.560001373291016
2007-09-10,69200,51.93000030517578,51.56999969482422,52.400001525878906,50.4900016784668,51.56999969482422
2007-09-07,123000,52.25,51.709999084472656,52.25,51.45000076293945,51.709999084472656
2007-09-06,118200,54.369998931884766,52.9900016784668,54.369998931884766,52.779998779296875,52.9900016784668
2007-09-05,150900,54.63999938964844,54.29999923706055,54.869998931884766,53.540000915527344,54.29999923706055
2007-09-04,79400,54.709999084472656,55.209999084472656,55.70000076293945,54.70000076293945,55.209999084472656
2007-08-31,79700,55.40999984741211,55.029998779296875,55.529998779296875,54.540000915527344,55.029998779296875
2007-08-30,79700,53.84000015258789,54.63999938964844,55.20000076293945,53.70000076293945,54.63999938964844
2007-08-29,113200,53.66999816894531,54.529998779296875,54.540000915527344,52.84000015258789,54.529998779296875
2007-08-28,106200,54.16999816894531,53.43000030517578,54.5099983215332,53.380001068115234,53.43000030517578
2007-08-27,183900,55.88999938964844,54.63999938964844,55.88999938964844,54.439998626708984,54.63999938964844
2007-08-24,192500,55.86000061035156,56.18000030517578,56.29999923706055,55.380001068115234,56.18000030517578
2007-08-23,220600,57.93000030517578,55.939998626708984,57.93000030517578,55.79999923706055,55.939998626708984
2007-08-22,121100,56.540000915527344,57.59000015258789,57.70000076293945,55.91999816894531,57.59000015258789
2007-08-21,69400,55.279998779296875,56.029998779296875,56.38999938964844,55.119998931884766,56.029998779296875
2007-08-20,95200,56.7400016784668,55.86000061035156,56.970001220703125,55.02000045776367,55.86000061035156
2007-08-17,260800,57.040000915527344,56.5,57.040000915527344,55.529998779296875,56.5
2007-08-16,346400,55.939998626708984,54.849998474121094,57.38999938964844,53.439998626708984,54.849998474121094
2007-08-15,197300,55.189998626708984,56.0,57.119998931884766,55.189998626708984,56.0
2007-08-14,201400,55.689998626708984,55.380001068115234,56.61000061035156,55.2599983215332,55.380001068115234
2007-08-13,227500,56.58000183105469,55.59000015258789,56.91999816894531,55.15999984741211,55.59000015258789
2007-08-10,523800,57.310001373291016,55.70000076293945,58.400001525878906,55.18000030517578,55.70000076293945
2007-08-09,620700,56.130001068115234,57.220001220703125,62.77000045776367,56.130001068115234,57.220001220703125
2007-08-08,866300,55.68000030517578,57.0,63.099998474121094,54.560001373291016,57.0
2007-08-07,214200,53.40999984741211,55.220001220703125,55.849998474121094,53.369998931884766,55.220001220703125
2007-08-06,229900,52.040000915527344,53.81999969482422,53.95000076293945,51.81999969482422,53.81999969482422
2007-08-03,287200,53.060001373291016,51.72999954223633,53.5,51.18000030517578,51.72999954223633
2007-08-02,196300,50.790000915527344,53.099998474121094,53.130001068115234,50.790000915527344,53.099998474121094
2007-08-01,268900,50.849998474121094,50.70000076293945,51.400001525878906,49.900001525878906,50.70000076293945
2007-07-31,101700,51.79999923706055,51.0,52.45000076293945,50.779998779296875,51.0
2007-07-30,164300,51.630001068115234,51.31999969482422,52.45000076293945,50.63999938964844,51.31999969482422
2007-07-27,206300,53.02000045776367,51.720001220703125,53.2400016784668,51.369998931884766,51.720001220703125
2007-07-26,228900,53.540000915527344,53.310001373291016,54.0,52.04999923706055,53.310001373291016
2007-07-25,140200,55.470001220703125,54.779998779296875,56.31999969482422,54.099998474121094,54.779998779296875
2007-07-24,128900,56.529998779296875,54.900001525878906,56.959999084472656,54.68000030517578,54.900001525878906
2007-07-23,55300,57.41999816894531,56.790000915527344,57.650001525878906,56.75,56.790000915527344
2007-07-20,153700,58.36000061035156,57.310001373291016,58.36000061035156,57.09000015258789,57.310001373291016
2007-07-19,186400,58.040000915527344,58.4900016784668,58.52000045776367,57.619998931884766,58.4900016784668
2007-07-18,162300,57.31999969482422,57.939998626708984,58.060001373291016,56.77000045776367,57.939998626708984
2007-07-17,68300,57.27000045776367,57.619998931884766,57.790000915527344,56.91999816894531,57.619998931884766
2007-07-16,69500,56.93000030517578,57.220001220703125,57.45000076293945,56.5099983215332,57.220001220703125
2007-07-13,76100,56.77000045776367,57.22999954223633,57.22999954223633,56.369998931884766,57.22999954223633
2007-07-12,95800,55.060001373291016,56.77000045776367,56.91999816894531,54.849998474121094,56.77000045776367
2007-07-11,62400,53.77000045776367,54.650001525878906,55.290000915527344,53.77000045776367,54.650001525878906
2007-07-10,140800,55.619998931884766,53.900001525878906,55.619998931884766,52.939998626708984,53.900001525878906
2007-07-09,68700,56.31999969482422,55.86000061035156,56.31999969482422,55.689998626708984,55.86000061035156
2007-07-06,40400,56.29999923706055,56.25,56.439998626708984,55.779998779296875,56.25
2007-07-05,111900,56.22999954223633,56.43000030517578,56.79999923706055,55.459999084472656,56.43000030517578
2007-07-03,113400,55.380001068115234,56.220001220703125,56.220001220703125,54.88999938964844,56.220001220703125
2007-07-02,170000,53.29999923706055,55.11000061035156,55.2400016784668,52.86000061035156,55.11000061035156
2007-06-29,108400,54.40999984741211,52.880001068115234,54.72999954223633,52.83000183105469,52.880001068115234
2007-06-28,60100,54.93000030517578,54.11000061035156,54.93000030517578,53.619998931884766,54.11000061035156
2007-06-27,77200,52.93000030517578,54.869998931884766,54.90999984741211,52.900001525878906,54.869998931884766
2007-06-26,82500,53.13999938964844,53.40999984741211,53.75,52.58000183105469,53.40999984741211
2007-06-25,189200,52.5099983215332,52.97999954223633,54.4900016784668,52.41999816894531,52.97999954223633
2007-06-22,325900,54.369998931884766,52.65999984741211,54.7400016784668,52.63999938964844,52.65999984741211
2007-06-21,500200,53.880001068115234,54.369998931884766,54.369998931884766,52.77000045776367,54.369998931884766
2007-06-20,109500,52.43000030517578,51.720001220703125,52.56999969482422,51.150001525878906,51.720001220703125
2007-06-19,120100,51.970001220703125,52.36000061035156,52.779998779296875,51.810001373291016,52.36000061035156
2007-06-18,29300,52.58000183105469,52.08000183105469,52.709999084472656,52.04999923706055,52.08000183105469
2007-06-15,208000,52.869998931884766,52.54999923706055,52.95000076293945,52.31999969482422,52.54999923706055
2007-06-14,69300,52.459999084472656,52.150001525878906,53.20000076293945,51.709999084472656,52.150001525878906
2007-06-13,43500,51.900001525878906,52.459999084472656,52.68000030517578,51.439998626708984,52.459999084472656
2007-06-12,77900,52.18000030517578,51.810001373291016,52.81999969482422,51.56999969482422,51.810001373291016
2007-06-11,52700,52.470001220703125,52.34000015258789,53.0,52.2400016784668,52.34000015258789
2007-06-08,119500,52.400001525878906,52.59000015258789,52.849998474121094,52.04999923706055,52.59000015258789
2007-06-07,83800,53.06999969482422,52.470001220703125,53.439998626708984,52.06999969482422,52.470001220703125
2007-06-06,173500,53.54999923706055,53.38999938964844,53.689998626708984,52.5,53.38999938964844
2007-06-05,116500,54.45000076293945,54.119998931884766,54.63999938964844,53.40999984741211,54.119998931884766
2007-06-04,183300,55.400001525878906,54.7400016784668,55.45000076293945,54.0,54.7400016784668
2007-06-01,100500,54.400001525878906,55.709999084472656,56.029998779296875,54.290000915527344,55.709999084472656
2007-05-31,150200,54.5099983215332,54.2599983215332,54.86000061035156,53.91999816894531,54.2599983215332
2007-05-30,192900,52.68000030517578,54.27000045776367,54.75,52.5,54.27000045776367
2007-05-29,230700,53.209999084472656,53.029998779296875,53.22999954223633,52.70000076293945,53.029998779296875
2007-05-25,168400,52.72999954223633,52.880001068115234,53.31999969482422,51.970001220703125,52.880001068115234
2007-05-24,580800,50.9900016784668,52.709999084472656,53.130001068115234,50.849998474121094,52.709999084472656
2007-05-23,79700,50.97999954223633,51.040000915527344,51.2400016784668,50.400001525878906,51.040000915527344
2007-05-22,135900,49.91999816894531,50.83000183105469,51.0,49.33000183105469,50.83000183105469
2007-05-21,78700,48.560001373291016,49.75,49.95000076293945,48.560001373291016,49.75
2007-05-18,63700,47.599998474121094,48.7599983215332,48.7599983215332,47.04999923706055,48.7599983215332
2007-05-17,53500,47.56999969482422,47.380001068115234,47.95000076293945,47.11000061035156,47.380001068115234
2007-05-16,94400,47.0099983215332,47.83000183105469,47.880001068115234,46.279998779296875,47.83000183105469
2007-05-15,60700,47.970001220703125,46.77000045776367,48.2400016784668,46.709999084472656,46.77000045776367
2007-05-14,92900,48.61000061035156,48.11000061035156,48.61000061035156,47.380001068115234,48.11000061035156
2007-05-11,54900,47.66999816894531,48.7400016784668,48.9900016784668,47.540000915527344,48.7400016784668
2007-05-10,97800,48.880001068115234,47.70000076293945,48.880001068115234,47.65999984741211,47.70000076293945
2007-05-09,57400,48.7599983215332,49.2599983215332,49.439998626708984,48.380001068115234,49.2599983215332
2007-05-08,44300,48.95000076293945,49.15999984741211,49.189998626708984,48.25,49.15999984741211
2007-05-07,88000,49.54999923706055,48.939998626708984,49.59000015258789,48.720001220703125,48.939998626708984
2007-05-04,116500,49.470001220703125,49.65999984741211,49.880001068115234,49.29999923706055,49.65999984741211
2007-05-03,61500,49.59000015258789,49.2599983215332,49.59000015258789,48.81999969482422,49.2599983215332
2007-05-02,254900,49.31999969482422,49.70000076293945,50.22999954223633,48.83000183105469,49.70000076293945
2007-05-01,227900,48.79999923706055,49.459999084472656,49.540000915527344,48.150001525878906,49.459999084472656
2007-04-30,157800,49.290000915527344,48.810001373291016,49.290000915527344,48.400001525878906,48.810001373291016
2007-04-27,147000,48.9900016784668,49.119998931884766,49.34000015258789,48.459999084472656,49.119998931884766
2007-04-26,273500,44.790000915527344,49.369998931884766,49.97999954223633,44.790000915527344,49.369998931884766
2007-04-25,114200,45.709999084472656,45.349998474121094,46.02000045776367,44.27000045776367,45.349998474121094
2007-04-24,69900,46.5099983215332,45.68000030517578,46.689998626708984,45.5,45.68000030517578
2007-04-23,58900,46.11000061035156,46.5099983215332,46.869998931884766,45.90999984741211,46.5099983215332
2007-04-20,124700,47.22999954223633,46.279998779296875,47.70000076293945,45.93000030517578,46.279998779296875
2007-04-19,70300,47.29999923706055,46.58000183105469,47.29999923706055,46.36000061035156,46.58000183105469
2007-04-18,51100,48.33000183105469,47.529998779296875,48.369998931884766,47.4900016784668,47.529998779296875
2007-04-17,74900,48.599998474121094,48.41999816894531,48.939998626708984,48.27000045776367,48.41999816894531
2007-04-16,77100,47.70000076293945,48.65999984741211,49.220001220703125,47.70000076293945,48.65999984741211
2007-04-13,138500,47.5099983215332,47.529998779296875,47.88999938964844,47.08000183105469,47.529998779296875
2007-04-12,56200,46.7400016784668,47.58000183105469,47.59000015258789,46.400001525878906,47.58000183105469
2007-04-11,55000,47.70000076293945,46.95000076293945,47.70000076293945,46.45000076293945,46.95000076293945
2007-04-10,60800,46.90999984741211,47.56999969482422,48.290000915527344,46.90999984741211,47.56999969482422
2007-04-09,54600,47.38999938964844,47.060001373291016,47.52000045776367,46.66999816894531,47.060001373291016
2007-04-05,85200,46.459999084472656,47.2400016784668,47.88999938964844,46.41999816894531,47.2400016784668
2007-04-04,74500,46.95000076293945,46.290000915527344,46.95000076293945,45.81999969482422,46.290000915527344
2007-04-03,166800,45.06999969482422,46.84000015258789,47.09000015258789,45.06999969482422,46.84000015258789
2007-04-02,89400,44.83000183105469,44.95000076293945,45.04999923706055,43.970001220703125,44.95000076293945
2007-03-30,82900,44.56999969482422,44.68000030517578,44.75,43.939998626708984,44.68000030517578
2007-03-29,189700,44.560001373291016,44.52000045776367,44.650001525878906,44.0,44.52000045776367
2007-03-28,171100,44.5,44.15999984741211,44.65999984741211,44.040000915527344,44.15999984741211
2007-03-27,161500,45.369998931884766,44.61000061035156,45.59000015258789,44.400001525878906,44.61000061035156
2007-03-26,78800,45.47999954223633,45.4900016784668,45.83000183105469,45.09000015258789,45.4900016784668
2007-03-23,68900,45.15999984741211,45.560001373291016,45.75,45.02000045776367,45.560001373291016
2007-03-22,70300,45.27000045776367,45.189998626708984,45.27000045776367,44.650001525878906,45.189998626708984
2007-03-21,87400,44.09000015258789,45.0,45.290000915527344,43.900001525878906,45.0
2007-03-20,254700,44.02000045776367,44.130001068115234,44.369998931884766,43.709999084472656,44.130001068115234
2007-03-19,229100,44.61000061035156,43.95000076293945,44.61000061035156,43.630001068115234,43.95000076293945
2007-03-16,158200,44.4900016784668,44.52000045776367,44.88999938964844,43.970001220703125,44.52000045776367
2007-03-15,154100,44.16999816894531,44.5,45.2599983215332,44.119998931884766,44.5
2007-03-14,191000,43.84000015258789,43.9900016784668,44.54999923706055,43.5099983215332,43.9900016784668
2007-03-13,159600,44.25,44.029998779296875,44.31999969482422,43.5099983215332,44.029998779296875
2007-03-12,129500,44.45000076293945,44.459999084472656,44.779998779296875,44.18000030517578,44.459999084472656
2007-03-09,121800,44.66999816894531,44.619998931884766,44.70000076293945,43.849998474121094,44.619998931884766
2007-03-08,116600,44.81999969482422,44.2400016784668,45.36000061035156,43.709999084472656,44.2400016784668
2007-03-07,119800,44.72999954223633,44.45000076293945,44.93000030517578,44.16999816894531,44.45000076293945
2007-03-06,125800,43.91999816894531,44.939998626708984,45.15999984741211,43.88999938964844,44.939998626708984
2007-03-05,223600,43.91999816894531,43.439998626708984,44.29999923706055,42.9900016784668,43.439998626708984
2007-03-02,172700,45.7400016784668,44.369998931884766,46.33000183105469,44.06999969482422,44.369998931884766
2007-03-01,180400,46.63999938964844,46.150001525878906,46.90999984741211,45.36000061035156,46.150001525878906
2007-02-28,333700,49.20000076293945,46.869998931884766,49.61000061035156,46.619998931884766,46.869998931884766
2007-02-27,371400,50.0,49.279998779296875,50.33000183105469,48.869998931884766,49.279998779296875
2007-02-26,297100,50.900001525878906,50.56999969482422,51.540000915527344,50.20000076293945,50.56999969482422
2007-02-23,716400,49.5,50.84000015258789,52.0,49.5,50.84000015258789
2007-02-22,743100,46.5,50.619998931884766,51.18000030517578,45.099998474121094,50.619998931884766
2007-02-21,158000,47.4900016784668,46.59000015258789,47.880001068115234,46.540000915527344,46.59000015258789
2007-02-20,80200,46.709999084472656,47.810001373291016,47.81999969482422,46.40999984741211,47.810001373291016
2007-02-16,145300,46.56999969482422,46.95000076293945,47.11000061035156,46.099998474121094,46.95000076293945
2007-02-15,118800,47.09000015258789,46.56999969482422,47.09000015258789,46.52000045776367,46.56999969482422
2007-02-14,125200,47.5,46.869998931884766,47.5,46.86000061035156,46.869998931884766
2007-02-13,61700,47.75,47.4900016784668,47.75,47.209999084472656,47.4900016784668
2007-02-12,58500,47.790000915527344,47.7400016784668,48.11000061035156,47.47999954223633,47.7400016784668
2007-02-09,91300,48.400001525878906,47.81999969482422,48.400001525878906,47.279998779296875,47.81999969482422
2007-02-08,66600,48.209999084472656,48.52000045776367,48.52000045776367,47.9900016784668,48.52000045776367
2007-02-07,62700,48.5,48.41999816894531,48.5,47.970001220703125,48.41999816894531
2007-02-06,103800,47.779998779296875,48.47999954223633,48.5,47.560001373291016,48.47999954223633
2007-02-05,156300,48.130001068115234,47.540000915527344,48.439998626708984,47.33000183105469,47.540000915527344
2007-02-02,46000,48.11000061035156,48.11000061035156,48.5,47.93000030517578,48.11000061035156
2007-02-01,133000,47.70000076293945,47.91999816894531,48.349998474121094,47.43000030517578,47.91999816894531
2007-01-31,71500,47.86000061035156,47.470001220703125,48.060001373291016,47.45000076293945,47.470001220703125
2007-01-30,132600,48.150001525878906,47.84000015258789,48.22999954223633,47.66999816894531,47.84000015258789
2007-01-29,74700,48.5,48.25,48.52000045776367,48.0099983215332,48.25
2007-01-26,112600,48.779998779296875,48.2599983215332,48.779998779296875,47.7400016784668,48.2599983215332
2007-01-25,107700,49.77000045776367,48.369998931884766,49.77000045776367,48.04999923706055,48.369998931884766
2007-01-24,106900,49.34000015258789,49.56999969482422,49.7400016784668,49.11000061035156,49.56999969482422
2007-01-23,57200,49.45000076293945,49.36000061035156,50.06999969482422,48.900001525878906,49.36000061035156
2007-01-22,70900,50.20000076293945,49.43000030517578,50.900001525878906,49.400001525878906,49.43000030517578
2007-01-19,302200,49.93000030517578,50.25,50.31999969482422,49.59000015258789,50.25
2007-01-18,87500,50.619998931884766,50.0,50.9900016784668,50.0,50.0
2007-01-17,144800,51.04999923706055,50.66999816894531,51.689998626708984,50.619998931884766,50.66999816894531
2007-01-16,137100,51.95000076293945,51.2599983215332,52.279998779296875,50.959999084472656,51.2599983215332
2007-01-12,72400,50.7400016784668,51.7599983215332,51.880001068115234,50.7400016784668,51.7599983215332
2007-01-11,57900,50.2599983215332,50.86000061035156,51.20000076293945,50.2599983215332,50.86000061035156
2007-01-10,131800,49.7400016784668,50.40999984741211,50.70000076293945,49.630001068115234,50.40999984741211
2007-01-09,204000,50.790000915527344,49.9900016784668,50.790000915527344,49.84000015258789,49.9900016784668
2007-01-08,177100,50.58000183105469,50.58000183105469,50.70000076293945,50.310001373291016,50.58000183105469
2007-01-05,180300,51.599998474121094,50.66999816894531,51.959999084472656,50.599998474121094,50.66999816894531
2007-01-04,152900,51.86000061035156,51.939998626708984,52.369998931884766,50.83000183105469,51.939998626708984
2007-01-03,277900,53.97999954223633,52.150001525878906,54.25,51.4900016784668,52.150001525878906
2006-12-29,124100,54.779998779296875,53.560001373291016,55.650001525878906,53.5,53.560001373291016
2006-12-28,63100,55.27000045776367,54.90999984741211,55.619998931884766,54.56999969482422,54.90999984741211
2006-12-27,49700,53.720001220703125,55.20000076293945,55.369998931884766,53.720001220703125,55.20000076293945
2006-12-26,51500,53.560001373291016,53.880001068115234,53.90999984741211,53.369998931884766,53.880001068115234
2006-12-22,95400,54.0,53.81999969482422,54.5,53.63999938964844,53.81999969482422
2006-12-21,131000,54.560001373291016,54.630001068115234,55.290000915527344,53.72999954223633,54.630001068115234
2006-12-20,100400,53.9900016784668,54.61000061035156,54.91999816894531,53.15999984741211,54.61000061035156
2006-12-19,59900,53.58000183105469,53.79999923706055,54.130001068115234,52.86000061035156,53.79999923706055
2006-12-18,119700,54.43000030517578,53.93000030517578,54.90999984741211,53.52000045776367,53.93000030517578
2006-12-15,363600,54.65999984741211,54.20000076293945,54.880001068115234,54.02000045776367,54.20000076293945
2006-12-14,169300,52.72999954223633,54.61000061035156,54.900001525878906,52.5,54.61000061035156
2006-12-13,142600,52.400001525878906,52.61000061035156,52.63999938964844,51.2599983215332,52.61000061035156
2006-12-12,83700,51.56999969482422,51.91999816894531,52.66999816894531,51.02000045776367,51.91999816894531
2006-12-11,66400,51.029998779296875,51.40999984741211,51.689998626708984,50.84000015258789,51.40999984741211
2006-12-08,61100,50.66999816894531,51.16999816894531,51.459999084472656,49.900001525878906,51.16999816894531
2006-12-07,135800,49.880001068115234,50.70000076293945,51.720001220703125,49.66999816894531,50.70000076293945
2006-12-06,72400,50.130001068115234,50.099998474121094,50.369998931884766,49.540000915527344,50.099998474121094
2006-12-05,72100,50.349998474121094,50.27000045776367,50.599998474121094,50.06999969482422,50.27000045776367
2006-12-04,96900,49.029998779296875,50.099998474121094,50.709999084472656,48.650001525878906,50.099998474121094
2006-12-01,72900,49.29999923706055,48.779998779296875,49.45000076293945,48.02000045776367,48.779998779296875
2006-11-30,45800,48.790000915527344,49.310001373291016,49.560001373291016,48.72999954223633,49.310001373291016
2006-11-29,48600,49.08000183105469,48.68000030517578,49.45000076293945,48.45000076293945,48.68000030517578
2006-11-28,86100,48.459999084472656,48.630001068115234,49.11000061035156,48.40999984741211,48.630001068115234
2006-11-27,155700,49.59000015258789,48.779998779296875,49.59000015258789,48.189998626708984,48.779998779296875
2006-11-24,15800,49.58000183105469,49.86000061035156,50.16999816894531,49.560001373291016,49.86000061035156
2006-11-22,38400,50.38999938964844,49.970001220703125,50.38999938964844,49.709999084472656,49.970001220703125
2006-11-21,71400,50.56999969482422,50.189998626708984,50.810001373291016,49.88999938964844,50.189998626708984
2006-11-20,87500,50.31999969482422,50.470001220703125,50.790000915527344,50.029998779296875,50.470001220703125
2006-11-17,68800,50.02000045776367,50.650001525878906,50.79999923706055,50.02000045776367,50.650001525878906
2006-11-16,73700,50.9900016784668,50.619998931884766,51.31999969482422,50.5,50.619998931884766
2006-11-15,88900,49.529998779296875,51.04999923706055,51.13999938964844,49.04999923706055,51.04999923706055
2006-11-14,55400,47.7400016784668,49.59000015258789,49.59000015258789,47.689998626708984,49.59000015258789
2006-11-13,71100,47.38999938964844,47.7400016784668,47.84000015258789,47.380001068115234,47.7400016784668
2006-11-10,78600,46.7599983215332,47.54999923706055,48.2400016784668,46.7599983215332,47.54999923706055
2006-11-09,98100,47.45000076293945,46.86000061035156,47.5099983215332,46.61000061035156,46.86000061035156
2006-11-08,153600,48.189998626708984,47.5,48.400001525878906,47.47999954223633,47.5
2006-11-07,61400,48.41999816894531,48.16999816894531,49.20000076293945,48.119998931884766,48.16999816894531
2006-11-06,71900,47.650001525878906,48.58000183105469,48.93000030517578,47.130001068115234,48.58000183105469
2006-11-03,85600,47.16999816894531,47.220001220703125,48.099998474121094,46.84000015258789,47.220001220703125
2006-11-02,44100,46.65999984741211,46.95000076293945,47.11000061035156,46.65999984741211,46.95000076293945
2006-11-01,71100,47.599998474121094,46.75,48.119998931884766,46.70000076293945,46.75
2006-10-31,146500,48.34000015258789,47.349998474121094,48.790000915527344,46.7599983215332,47.349998474121094
2006-10-30,117700,46.720001220703125,48.150001525878906,48.31999969482422,46.119998931884766,48.150001525878906
2006-10-27,155100,45.72999954223633,46.9900016784668,47.130001068115234,45.720001220703125,46.9900016784668
2006-10-26,340400,45.150001525878906,45.95000076293945,48.810001373291016,44.38999938964844,45.95000076293945
2006-10-25,163900,44.43000030517578,45.349998474121094,45.54999923706055,43.61000061035156,45.349998474121094
2006-10-24,140000,46.099998474121094,44.36000061035156,46.31999969482422,44.16999816894531,44.36000061035156
2006-10-23,139100,44.95000076293945,46.380001068115234,47.7400016784668,44.93000030517578,46.380001068115234
2006-10-20,80100,46.150001525878906,45.29999923706055,46.150001525878906,44.9900016784668,45.29999923706055
2006-10-19,70900,45.9900016784668,45.88999938964844,46.650001525878906,45.52000045776367,45.88999938964844
2006-10-18,96800,46.13999938964844,45.939998626708984,46.619998931884766,45.7599983215332,45.939998626708984
2006-10-17,141800,44.310001373291016,45.970001220703125,46.130001068115234,44.310001373291016,45.970001220703125
2006-10-16,64100,43.209999084472656,44.75,44.75,43.0,44.75
2006-10-13,79200,43.790000915527344,43.439998626708984,44.13999938964844,43.310001373291016,43.439998626708984
2006-10-12,155400,42.470001220703125,43.630001068115234,43.630001068115234,42.439998626708984,43.630001068115234
2006-10-11,238500,43.290000915527344,42.11000061035156,43.619998931884766,41.900001525878906,42.11000061035156
2006-10-10,202100,43.41999816894531,43.54999923706055,43.59000015258789,42.88999938964844,43.54999923706055
2006-10-09,521900,43.45000076293945,43.2400016784668,43.86000061035156,42.77000045776367,43.2400016784668
2006-10-06,98200,44.33000183105469,43.369998931884766,44.34000015258789,43.369998931884766,43.369998931884766
2006-10-05,159800,43.16999816894531,44.560001373291016,45.220001220703125,43.16999816894531,44.560001373291016
2006-10-04,142400,41.5,43.040000915527344,43.290000915527344,41.34000015258789,43.040000915527344
2006-10-03,152600,41.08000183105469,41.5099983215332,41.650001525878906,40.66999816894531,41.5099983215332
2006-10-02,166200,41.18000030517578,41.040000915527344,41.34000015258789,40.04999923706055,41.040000915527344
2006-09-29,143200,40.040000915527344,41.31999969482422,42.02000045776367,40.0,41.31999969482422
2006-09-28,59000,40.27000045776367,40.15999984741211,40.7400016784668,40.0,40.15999984741211
2006-09-27,76900,39.439998626708984,40.0,40.11000061035156,39.36000061035156,40.0
2006-09-26,75700,39.65999984741211,39.7400016784668,39.869998931884766,38.90999984741211,39.7400016784668
2006-09-25,54800,38.709999084472656,39.779998779296875,40.0,38.150001525878906,39.779998779296875
2006-09-22,78700,39.52000045776367,38.70000076293945,39.56999969482422,37.45000076293945,38.70000076293945
2006-09-21,60600,39.400001525878906,39.709999084472656,40.45000076293945,39.27000045776367,39.709999084472656
2006-09-20,136600,41.11000061035156,39.189998626708984,41.27000045776367,38.790000915527344,39.189998626708984
2006-09-19,61200,41.29999923706055,40.790000915527344,41.29999923706055,39.54999923706055,40.790000915527344
2006-09-18,62400,41.439998626708984,41.13999938964844,41.70000076293945,40.77000045776367,41.13999938964844
2006-09-15,231700,41.34000015258789,41.75,42.2400016784668,41.13999938964844,41.75
2006-09-14,37800,40.97999954223633,40.9900016784668,41.119998931884766,40.7400016784668,40.9900016784668
2006-09-13,60800,40.95000076293945,41.189998626708984,41.25,39.869998931884766,41.189998626708984
2006-09-12,69700,39.9900016784668,41.06999969482422,41.36000061035156,39.58000183105469,41.06999969482422
2006-09-11,51400,39.45000076293945,40.06999969482422,40.43000030517578,39.33000183105469,40.06999969482422
2006-09-08,33900,39.650001525878906,39.4900016784668,40.0099983215332,39.400001525878906,39.4900016784668
2006-09-07,108400,38.86000061035156,39.459999084472656,40.040000915527344,38.84000015258789,39.459999084472656
2006-09-06,64700,40.209999084472656,39.119998931884766,40.689998626708984,39.119998931884766,39.119998931884766
2006-09-05,82300,40.83000183105469,40.4900016784668,41.0,39.56999969482422,40.4900016784668
2006-09-01,41900,40.84000015258789,40.66999816894531,41.029998779296875,40.47999954223633,40.66999816894531
2006-08-31,109600,39.650001525878906,40.279998779296875,41.0,39.290000915527344,40.279998779296875
2006-08-30,55200,39.81999969482422,39.68000030517578,41.0099983215332,39.38999938964844,39.68000030517578
2006-08-29,40800,39.72999954223633,40.27000045776367,40.439998626708984,38.9900016784668,40.27000045776367
2006-08-28,119200,39.5099983215332,39.540000915527344,40.20000076293945,39.09000015258789,39.540000915527344
2006-08-25,66900,38.54999923706055,39.58000183105469,40.209999084472656,38.0099983215332,39.58000183105469
2006-08-24,73600,39.2400016784668,38.52000045776367,39.41999816894531,38.0099983215332,38.52000045776367
2006-08-23,43800,40.470001220703125,39.060001373291016,40.68000030517578,39.04999923706055,39.060001373291016
2006-08-22,28800,39.93000030517578,40.33000183105469,40.709999084472656,39.25,40.33000183105469
2006-08-21,43300,40.290000915527344,39.900001525878906,40.54999923706055,39.65999984741211,39.900001525878906
2006-08-18,104000,42.119998931884766,40.5099983215332,42.119998931884766,40.36000061035156,40.5099983215332
2006-08-17,71700,41.79999923706055,41.90999984741211,42.38999938964844,41.560001373291016,41.90999984741211
2006-08-16,137300,40.59000015258789,41.52000045776367,41.86000061035156,40.58000183105469,41.52000045776367
2006-08-15,100800,39.5,40.06999969482422,40.619998931884766,39.5,40.06999969482422
2006-08-14,210300,39.13999938964844,39.06999969482422,39.40999984741211,38.86000061035156,39.06999969482422
2006-08-11,200700,39.060001373291016,38.84000015258789,39.060001373291016,37.529998779296875,38.84000015258789
2006-08-10,216000,38.849998474121094,39.060001373291016,39.2599983215332,38.209999084472656,39.060001373291016
2006-08-09,107300,40.9900016784668,39.02000045776367,40.9900016784668,39.0099983215332,39.02000045776367
2006-08-08,170800,40.58000183105469,40.58000183105469,41.15999984741211,40.029998779296875,40.58000183105469
2006-08-07,247800,40.599998474121094,40.58000183105469,41.43000030517578,40.54999923706055,40.58000183105469
2006-08-04,160500,41.61000061035156,41.0,41.90999984741211,40.650001525878906,41.0
2006-08-03,178000,40.849998474121094,41.20000076293945,41.529998779296875,40.849998474121094,41.20000076293945
2006-08-02,234300,43.09000015258789,41.470001220703125,43.13999938964844,40.810001373291016,41.470001220703125
2006-08-01,178600,43.22999954223633,43.029998779296875,43.459999084472656,42.0,43.029998779296875
2006-07-31,449800,43.77000045776367,43.369998931884766,44.08000183105469,42.93000030517578,43.369998931884766
2006-07-28,1422700,48.66999816894531,43.54999923706055,48.66999816894531,41.79999923706055,43.54999923706055
2006-07-27,768100,52.97999954223633,48.75,57.70000076293945,46.20000076293945,48.75
2006-07-26,72300,54.560001373291016,52.04999923706055,55.0,51.880001068115234,52.04999923706055
2006-07-25,78700,55.060001373291016,55.02000045776367,55.849998474121094,54.41999816894531,55.02000045776367
2006-07-24,103400,54.22999954223633,54.869998931884766,55.43000030517578,53.56999969482422,54.869998931884766
2006-07-21,65100,53.66999816894531,53.63999938964844,54.290000915527344,52.560001373291016,53.63999938964844
2006-07-20,63400,55.54999923706055,53.959999084472656,58.400001525878906,53.65999984741211,53.959999084472656
2006-07-19,85400,53.630001068115234,55.27000045776367,55.70000076293945,53.36000061035156,55.27000045776367
2006-07-18,112700,54.11000061035156,53.599998474121094,55.5,52.79999923706055,53.599998474121094
2006-07-17,65000,54.970001220703125,53.91999816894531,55.52000045776367,53.5,53.91999816894531
2006-07-14,66800,54.880001068115234,55.11000061035156,55.439998626708984,53.9900016784668,55.11000061035156
2006-07-13,56000,56.310001373291016,54.97999954223633,56.70000076293945,54.81999969482422,54.97999954223633
2006-07-12,76600,57.31999969482422,56.459999084472656,58.2599983215332,56.40999984741211,56.459999084472656
2006-07-11,106700,56.9900016784668,57.689998626708984,58.0,55.66999816894531,57.689998626708984
2006-07-10,56100,58.310001373291016,57.220001220703125,58.630001068115234,56.79999923706055,57.220001220703125
2006-07-07,67700,59.310001373291016,58.08000183105469,60.029998779296875,58.08000183105469,58.08000183105469
2006-07-06,56200,59.790000915527344,59.81999969482422,60.650001525878906,59.41999816894531,59.81999969482422
2006-07-05,135300,61.0,60.029998779296875,61.0,59.279998779296875,60.029998779296875
2006-07-03,72200,59.40999984741211,60.56999969482422,60.7599983215332,59.40999984741211,60.56999969482422
2006-06-30,241600,57.79999923706055,59.83000183105469,60.790000915527344,57.56999969482422,59.83000183105469
2006-06-29,173300,54.779998779296875,57.380001068115234,57.77000045776367,54.779998779296875,57.380001068115234
2006-06-28,129500,53.689998626708984,54.63999938964844,54.63999938964844,52.79999923706055,54.63999938964844
2006-06-27,73500,54.599998474121094,53.720001220703125,55.52000045776367,53.619998931884766,53.720001220703125
2006-06-26,62600,53.560001373291016,54.529998779296875,54.72999954223633,53.40999984741211,54.529998779296875
2006-06-23,138900,54.04999923706055,53.349998474121094,54.439998626708984,52.779998779296875,53.349998474121094
2006-06-22,138200,54.400001525878906,55.0,55.95000076293945,54.290000915527344,55.0
2006-06-21,158800,53.849998474121094,54.86000061035156,55.5,53.650001525878906,54.86000061035156
2006-06-20,78100,54.54999923706055,53.93000030517578,55.02000045776367,53.66999816894531,53.93000030517578
2006-06-19,106000,56.16999816894531,54.900001525878906,56.18000030517578,54.40999984741211,54.900001525878906
2006-06-16,280700,55.68000030517578,55.7400016784668,56.56999969482422,55.560001373291016,55.7400016784668
2006-06-15,168300,56.349998474121094,55.939998626708984,56.5,55.54999923706055,55.939998626708984
2006-06-14,69500,55.91999816894531,56.06999969482422,56.52000045776367,55.349998474121094,56.06999969482422
2006-06-13,174300,57.93000030517578,55.86000061035156,58.02000045776367,55.18000030517578,55.86000061035156
2006-06-12,78100,58.810001373291016,57.08000183105469,58.810001373291016,56.81999969482422,57.08000183105469
2006-06-09,239200,60.70000076293945,58.869998931884766,61.349998474121094,58.15999984741211,58.869998931884766
2006-06-08,186300,60.959999084472656,60.54999923706055,61.630001068115234,58.40999984741211,60.54999923706055
2006-06-07,108300,61.09000015258789,61.209999084472656,62.599998474121094,60.47999954223633,61.209999084472656
2006-06-06,175800,60.279998779296875,61.220001220703125,61.2400016784668,59.58000183105469,61.220001220703125
2006-06-05,260500,60.619998931884766,60.279998779296875,61.11000061035156,59.7599983215332,60.279998779296875
2006-06-02,406300,56.5,60.5,60.720001220703125,56.5,60.5
2006-06-01,144100,53.540000915527344,54.61000061035156,54.939998626708984,52.939998626708984,54.61000061035156
2006-05-31,203300,54.040000915527344,53.349998474121094,54.040000915527344,52.66999816894531,53.349998474121094
2006-05-30,109300,54.0,53.720001220703125,55.63999938964844,53.709999084472656,53.720001220703125
2006-05-26,97100,55.36000061035156,55.2400016784668,55.61000061035156,54.689998626708984,55.2400016784668
2006-05-25,313200,54.939998626708984,55.06999969482422,55.18000030517578,53.38999938964844,55.06999969482422
2006-05-24,107800,54.150001525878906,54.4900016784668,54.880001068115234,53.0099983215332,54.4900016784668
2006-05-23,136100,53.54999923706055,54.130001068115234,54.97999954223633,52.83000183105469,54.130001068115234
2006-05-22,204000,54.15999984741211,53.189998626708984,54.810001373291016,52.5099983215332,53.189998626708984
2006-05-19,110000,54.959999084472656,54.47999954223633,56.0,54.18000030517578,54.47999954223633
2006-05-18,125400,56.31999969482422,55.349998474121094,56.47999954223633,54.91999816894531,55.349998474121094
2006-05-17,90600,56.16999816894531,56.0,56.63999938964844,55.209999084472656,56.0
2006-05-16,55100,56.040000915527344,56.5,57.119998931884766,55.54999923706055,56.5
2006-05-15,117600,55.16999816894531,56.11000061035156,56.52000045776367,54.220001220703125,56.11000061035156
2006-05-12,48900,56.81999969482422,55.59000015258789,57.08000183105469,55.59000015258789,55.59000015258789
2006-05-11,84000,57.560001373291016,56.91999816894531,58.33000183105469,56.56999969482422,56.91999816894531
2006-05-10,86600,59.119998931884766,57.70000076293945,59.349998474121094,57.459999084472656,57.70000076293945
2006-05-09,150600,59.599998474121094,59.06999969482422,60.20000076293945,58.900001525878906,59.06999969482422
2006-05-08,103700,59.439998626708984,60.0,60.13999938964844,58.720001220703125,60.0
2006-05-05,112500,58.540000915527344,59.15999984741211,59.779998779296875,58.540000915527344,59.15999984741211
2006-05-04,123500,58.540000915527344,58.650001525878906,58.75,58.060001373291016,58.650001525878906
2006-05-03,259800,56.630001068115234,58.540000915527344,59.380001068115234,56.25,58.540000915527344
2006-05-02,281700,55.86000061035156,56.95000076293945,57.41999816894531,55.83000183105469,56.95000076293945
2006-05-01,170000,56.22999954223633,56.04999923706055,57.220001220703125,54.900001525878906,56.04999923706055
2006-04-28,219500,56.970001220703125,56.45000076293945,57.43000030517578,56.029998779296875,56.45000076293945
2006-04-27,361800,50.0,56.880001068115234,58.0,49.08000183105469,56.880001068115234
2006-04-26,50900,49.65999984741211,50.33000183105469,50.47999954223633,49.25,50.33000183105469
2006-04-25,38600,49.279998779296875,49.900001525878906,49.900001525878906,49.09000015258789,49.900001525878906
2006-04-24,101000,50.720001220703125,49.4900016784668,50.720001220703125,49.130001068115234,49.4900016784668
2006-04-21,52800,51.06999969482422,50.900001525878906,51.400001525878906,50.25,50.900001525878906
2006-04-20,99800,51.0,51.220001220703125,51.220001220703125,50.29999923706055,51.220001220703125
2006-04-19,93600,51.0,51.13999938964844,51.29999923706055,50.459999084472656,51.13999938964844
2006-04-18,98000,49.650001525878906,51.18000030517578,51.25,49.54999923706055,51.18000030517578
2006-04-17,67500,49.58000183105469,49.5,49.83000183105469,49.099998474121094,49.5
2006-04-13,71900,48.959999084472656,49.689998626708984,49.88999938964844,48.88999938964844,49.689998626708984
2006-04-12,84400,48.5099983215332,49.130001068115234,49.650001525878906,48.16999816894531,49.130001068115234
2006-04-11,89200,49.0099983215332,48.650001525878906,49.59000015258789,48.0099983215332,48.650001525878906
2006-04-10,93400,48.709999084472656,49.189998626708984,49.20000076293945,48.40999984741211,49.189998626708984
2006-04-07,133100,49.849998474121094,48.939998626708984,49.849998474121094,48.75,48.939998626708984
2006-04-06,170900,50.310001373291016,49.58000183105469,50.560001373291016,49.439998626708984,49.58000183105469
2006-04-05,142900,50.22999954223633,50.310001373291016,50.310001373291016,49.02000045776367,50.310001373291016
2006-04-04,107100,49.90999984741211,50.0,50.279998779296875,49.560001373291016,50.0
2006-04-03,142800,51.849998474121094,49.959999084472656,51.900001525878906,49.880001068115234,49.959999084472656
2006-03-31,234200,52.459999084472656,51.88999938964844,52.65999984741211,51.33000183105469,51.88999938964844
2006-03-30,214400,56.439998626708984,52.66999816894531,56.58000183105469,52.470001220703125,52.66999816894531
2006-03-29,355800,51.11000061035156,56.43000030517578,56.650001525878906,51.11000061035156,56.43000030517578
2006-03-28,82000,50.75,51.349998474121094,51.400001525878906,50.31999969482422,51.349998474121094
2006-03-27,58600,50.529998779296875,50.45000076293945,50.689998626708984,50.20000076293945,50.45000076293945
2006-03-24,70700,50.279998779296875,50.66999816894531,50.97999954223633,50.029998779296875,50.66999816894531
2006-03-23,87500,50.029998779296875,50.380001068115234,50.4900016784668,49.7599983215332,50.380001068115234
2006-03-22,152200,49.59000015258789,50.040000915527344,50.380001068115234,49.59000015258789,50.040000915527344
2006-03-21,82800,49.54999923706055,49.54999923706055,50.689998626708984,49.470001220703125,49.54999923706055
2006-03-20,154500,50.119998931884766,50.02000045776367,50.45000076293945,49.689998626708984,50.02000045776367
2006-03-17,206100,51.0,50.11000061035156,51.279998779296875,49.900001525878906,50.11000061035156
2006-03-16,69900,51.029998779296875,51.02000045776367,51.040000915527344,50.599998474121094,51.02000045776367
2006-03-15,69300,51.11000061035156,50.970001220703125,51.59000015258789,50.75,50.970001220703125
2006-03-14,103000,51.40999984741211,50.9900016784668,51.45000076293945,50.63999938964844,50.9900016784668
2006-03-13,141000,51.38999938964844,51.36000061035156,52.66999816894531,50.91999816894531,51.36000061035156
2006-03-10,28600,51.650001525878906,51.31999969482422,51.959999084472656,51.0,51.31999969482422
2006-03-09,79600,51.540000915527344,51.54999923706055,52.66999816894531,51.0,51.54999923706055
2006-03-08,60700,51.22999954223633,51.849998474121094,52.54999923706055,50.869998931884766,51.849998474121094
2006-03-07,56300,51.040000915527344,51.439998626708984,52.560001373291016,51.040000915527344,51.439998626708984
2006-03-06,103400,50.72999954223633,51.72999954223633,52.150001525878906,50.400001525878906,51.72999954223633
2006-03-03,71900,50.400001525878906,50.75,51.20000076293945,50.209999084472656,50.75
2006-03-02,74100,51.95000076293945,50.7599983215332,51.95000076293945,50.4900016784668,50.7599983215332
2006-03-01,135900,51.560001373291016,52.08000183105469,53.0,51.560001373291016,52.08000183105469
2006-02-28,102300,51.63999938964844,51.61000061035156,51.83000183105469,51.099998474121094,51.61000061035156
2006-02-27,76500,51.34000015258789,51.77000045776367,52.04999923706055,51.25,51.77000045776367
2006-02-24,122400,51.220001220703125,51.34000015258789,51.59000015258789,50.209999084472656,51.34000015258789
2006-02-23,196000,51.20000076293945,51.43000030517578,51.75,50.369998931884766,51.43000030517578
2006-02-22,477500,48.79999923706055,51.29999923706055,51.81999969482422,48.779998779296875,51.29999923706055
2006-02-21,175700,47.720001220703125,48.7599983215332,48.86000061035156,47.720001220703125,48.7599983215332
2006-02-17,213500,47.470001220703125,47.81999969482422,48.5,45.970001220703125,47.81999969482422
2006-02-16,441600,49.279998779296875,46.779998779296875,50.75,45.90999984741211,46.779998779296875
2006-02-15,100400,49.349998474121094,50.15999984741211,50.599998474121094,49.11000061035156,50.15999984741211
2006-02-14,221300,49.68000030517578,49.310001373291016,49.720001220703125,48.349998474121094,49.310001373291016
2006-02-13,94300,49.189998626708984,49.290000915527344,49.93000030517578,48.20000076293945,49.290000915527344
2006-02-10,82900,49.79999923706055,49.4900016784668,49.9900016784668,48.70000076293945,49.4900016784668
2006-02-09,96200,50.150001525878906,49.630001068115234,50.209999084472656,49.59000015258789,49.630001068115234
2006-02-08,94400,50.02000045776367,49.900001525878906,50.31999969482422,49.4900016784668,49.900001525878906
2006-02-07,68400,50.45000076293945,49.77000045776367,51.0099983215332,49.470001220703125,49.77000045776367
2006-02-06,78000,50.459999084472656,51.0099983215332,51.0099983215332,49.95000076293945,51.0099983215332
2006-02-03,85100,49.2400016784668,50.15999984741211,50.65999984741211,49.02000045776367,50.15999984741211
2006-02-02,109200,50.099998474121094,49.29999923706055,50.650001525878906,49.0,49.29999923706055
2006-02-01,122900,49.599998474121094,50.540000915527344,50.709999084472656,48.75,50.540000915527344
2006-01-31,118700,50.75,50.0,51.029998779296875,49.099998474121094,50.0
2006-01-30,91600,50.75,51.099998474121094,51.45000076293945,50.5099983215332,51.099998474121094
2006-01-27,88400,50.619998931884766,50.91999816894531,51.439998626708984,50.349998474121094,50.91999816894531
2006-01-26,150300,49.66999816894531,50.7599983215332,51.150001525878906,49.290000915527344,50.7599983215332
2006-01-25,104100,49.18000030517578,49.529998779296875,49.599998474121094,48.81999969482422,49.529998779296875
2006-01-24,107500,48.720001220703125,49.59000015258789,49.720001220703125,48.400001525878906,49.59000015258789
2006-01-23,203500,47.47999954223633,48.86000061035156,49.279998779296875,47.0,48.86000061035156
2006-01-20,121700,48.189998626708984,47.349998474121094,48.189998626708984,46.79999923706055,47.349998474121094
2006-01-19,204400,47.220001220703125,48.02000045776367,48.060001373291016,46.79999923706055,48.02000045776367
2006-01-18,91800,46.20000076293945,47.02000045776367,47.18000030517578,46.20000076293945,47.02000045776367
2006-01-17,49800,46.880001068115234,46.599998474121094,46.880001068115234,46.34000015258789,46.599998474121094
2006-01-13,153600,46.599998474121094,46.93000030517578,47.08000183105469,46.599998474121094,46.93000030517578
2006-01-12,196200,45.869998931884766,46.7400016784668,47.150001525878906,45.869998931884766,46.7400016784668
2006-01-11,166300,45.41999816894531,46.18000030517578,46.369998931884766,45.0099983215332,46.18000030517578
2006-01-10,112200,44.7599983215332,45.7599983215332,45.849998474121094,44.5099983215332,45.7599983215332
2006-01-09,104500,45.220001220703125,44.959999084472656,45.45000076293945,44.77000045776367,44.959999084472656
2006-01-06,296600,43.970001220703125,44.90999984741211,45.189998626708984,43.84000015258789,44.90999984741211
2006-01-05,192000,43.029998779296875,43.79999923706055,43.90999984741211,42.25,43.79999923706055
2006-01-04,136700,43.7400016784668,43.279998779296875,44.369998931884766,43.0099983215332,43.279998779296875
2006-01-03,181300,43.38999938964844,44.060001373291016,44.060001373291016,42.099998474121094,44.060001373291016
2005-12-30,77300,44.40999984741211,43.16999816894531,44.40999984741211,43.15999984741211,43.16999816894531
2005-12-29,29400,44.70000076293945,44.61000061035156,45.0,44.59000015258789,44.61000061035156
2005-12-28,42000,45.0,44.939998626708984,45.02000045776367,44.599998474121094,44.939998626708984
2005-12-27,131100,45.20000076293945,44.880001068115234,45.7400016784668,44.650001525878906,44.880001068115234
2005-12-23,43500,45.0099983215332,45.459999084472656,45.66999816894531,45.0,45.459999084472656
2005-12-22,71500,45.029998779296875,45.220001220703125,45.810001373291016,45.0,45.220001220703125
2005-12-21,109600,45.18000030517578,45.189998626708984,45.79999923706055,45.0,45.189998626708984
2005-12-20,203100,44.099998474121094,45.29999923706055,45.790000915527344,44.099998474121094,45.29999923706055
2005-12-19,153000,44.72999954223633,44.099998474121094,44.72999954223633,43.959999084472656,44.099998474121094
2005-12-16,234400,45.0,44.849998474121094,45.470001220703125,44.45000076293945,44.849998474121094
2005-12-15,74900,44.4900016784668,44.790000915527344,44.91999816894531,44.09000015258789,44.790000915527344
2005-12-14,61500,44.79999923706055,44.47999954223633,45.20000076293945,44.29999923706055,44.47999954223633
2005-12-13,72900,45.290000915527344,44.9900016784668,45.5,44.86000061035156,44.9900016784668
2005-12-12,78700,45.599998474121094,45.15999984741211,45.810001373291016,44.95000076293945,45.15999984741211
2005-12-09,85200,45.27000045776367,45.459999084472656,46.02000045776367,45.27000045776367,45.459999084472656
2005-12-08,87600,45.400001525878906,45.27000045776367,45.7599983215332,44.41999816894531,45.27000045776367
2005-12-07,198400,45.0,45.599998474121094,46.27000045776367,44.90999984741211,45.599998474121094
2005-12-06,155400,46.65999984741211,44.84000015258789,46.65999984741211,44.79999923706055,44.84000015258789
2005-12-05,57300,46.20000076293945,46.22999954223633,46.880001068115234,46.060001373291016,46.22999954223633
2005-12-02,40600,47.43000030517578,46.95000076293945,47.97999954223633,46.77000045776367,46.95000076293945
2005-12-01,117100,46.9900016784668,47.70000076293945,48.099998474121094,46.93000030517578,47.70000076293945
2005-11-30,116800,47.650001525878906,46.939998626708984,47.810001373291016,46.720001220703125,46.939998626708984
2005-11-29,45500,47.220001220703125,47.380001068115234,47.41999816894531,46.900001525878906,47.380001068115234
2005-11-28,92200,47.459999084472656,46.779998779296875,47.58000183105469,46.31999969482422,46.779998779296875
2005-11-25,12400,48.2400016784668,47.63999938964844,48.2400016784668,47.130001068115234,47.63999938964844
2005-11-23,101200,48.0,47.93000030517578,48.15999984741211,47.709999084472656,47.93000030517578
2005-11-22,181100,47.91999816894531,47.849998474121094,48.70000076293945,47.08000183105469,47.849998474121094
2005-11-21,115300,48.66999816894531,47.77000045776367,48.70000076293945,47.279998779296875,47.77000045776367
2005-11-18,84100,48.959999084472656,48.900001525878906,49.29999923706055,48.11000061035156,48.900001525878906
2005-11-17,36500,48.04999923706055,48.400001525878906,48.5099983215332,47.650001525878906,48.400001525878906
2005-11-16,91100,48.47999954223633,47.95000076293945,48.650001525878906,47.029998779296875,47.95000076293945
2005-11-15,84900,49.099998474121094,48.5,49.099998474121094,47.880001068115234,48.5
2005-11-14,103000,49.29999923706055,48.88999938964844,49.45000076293945,48.68000030517578,48.88999938964844
2005-11-11,161200,48.27000045776367,49.189998626708984,49.29999923706055,48.13999938964844,49.189998626708984
2005-11-10,94300,48.0,48.33000183105469,48.63999938964844,46.880001068115234,48.33000183105469
2005-11-09,86300,48.400001525878906,47.88999938964844,48.83000183105469,47.27000045776367,47.88999938964844
2005-11-08,61600,48.290000915527344,48.290000915527344,48.630001068115234,47.869998931884766,48.290000915527344
2005-11-07,96400,48.939998626708984,48.560001373291016,49.0,48.040000915527344,48.560001373291016
2005-11-04,106800,48.310001373291016,48.75,48.9900016784668,48.27000045776367,48.75
2005-11-03,141800,48.20000076293945,48.369998931884766,49.25,47.849998474121094,48.369998931884766
2005-11-02,95300,46.900001525878906,48.16999816894531,48.16999816894531,46.709999084472656,48.16999816894531
2005-11-01,80300,47.95000076293945,46.95000076293945,47.95000076293945,46.779998779296875,46.95000076293945
2005-10-31,122500,47.0099983215332,47.95000076293945,48.0,46.13999938964844,47.95000076293945
2005-10-28,133200,45.90999984741211,46.90999984741211,46.970001220703125,45.7599983215332,46.90999984741211
2005-10-27,72100,47.0,45.650001525878906,47.5,45.40999984741211,45.650001525878906
2005-10-26,139300,48.599998474121094,47.18000030517578,48.599998474121094,45.900001525878906,47.18000030517578
2005-10-25,289500,45.790000915527344,48.66999816894531,48.9900016784668,45.790000915527344,48.66999816894531
2005-10-24,84300,45.02000045776367,45.95000076293945,46.0,45.0,45.95000076293945
2005-10-21,129100,44.20000076293945,44.90999984741211,45.0,43.95000076293945,44.90999984741211
2005-10-20,241500,44.5,44.20000076293945,44.720001220703125,43.36000061035156,44.20000076293945
2005-10-19,80200,44.459999084472656,44.97999954223633,45.0,43.72999954223633,44.97999954223633
2005-10-18,69900,45.36000061035156,44.709999084472656,45.599998474121094,44.27000045776367,44.709999084472656
2005-10-17,71000,46.02000045776367,45.400001525878906,46.02000045776367,44.66999816894531,45.400001525878906
2005-10-14,63500,46.20000076293945,45.599998474121094,46.20000076293945,45.2400016784668,45.599998474121094
2005-10-13,247600,45.66999816894531,45.970001220703125,46.099998474121094,43.90999984741211,45.970001220703125
2005-10-12,98400,45.650001525878906,45.86000061035156,46.22999954223633,44.7599983215332,45.86000061035156
2005-10-11,232300,46.43000030517578,45.869998931884766,46.43000030517578,44.880001068115234,45.869998931884766
2005-10-10,15400,46.290000915527344,46.02000045776367,46.290000915527344,45.779998779296875,46.02000045776367
2005-10-07,25400,46.2400016784668,46.2599983215332,46.59000015258789,46.040000915527344,46.2599983215332
2005-10-06,65100,46.2400016784668,46.08000183105469,47.15999984741211,45.41999816894531,46.08000183105469
2005-10-05,99100,45.599998474121094,45.790000915527344,46.18000030517578,45.08000183105469,45.790000915527344
2005-10-04,92200,46.66999816894531,45.790000915527344,46.91999816894531,45.650001525878906,45.790000915527344
2005-10-03,85200,46.380001068115234,46.630001068115234,47.25,46.349998474121094,46.630001068115234
2005-09-30,54200,46.0099983215332,46.720001220703125,46.79999923706055,45.560001373291016,46.720001220703125
2005-09-29,76800,45.27000045776367,46.25,46.59000015258789,45.25,46.25
2005-09-28,119400,46.189998626708984,45.81999969482422,46.459999084472656,44.77000045776367,45.81999969482422
2005-09-27,57200,45.84000015258789,46.189998626708984,46.810001373291016,45.540000915527344,46.189998626708984
2005-09-26,129700,46.54999923706055,45.95000076293945,46.56999969482422,45.279998779296875,45.95000076293945
2005-09-23,24700,46.47999954223633,46.119998931884766,46.529998779296875,45.9900016784668,46.119998931884766
2005-09-22,45800,45.9900016784668,46.599998474121094,46.939998626708984,45.29999923706055,46.599998474121094
2005-09-21,86500,46.38999938964844,45.810001373291016,46.65999984741211,45.529998779296875,45.810001373291016
2005-09-20,68400,47.97999954223633,46.70000076293945,48.209999084472656,46.4900016784668,46.70000076293945
2005-09-19,43500,48.349998474121094,47.86000061035156,48.349998474121094,47.20000076293945,47.86000061035156
2005-09-16,124000,47.63999938964844,48.27000045776367,48.349998474121094,47.220001220703125,48.27000045776367
2005-09-15,102900,48.0,47.400001525878906,48.150001525878906,46.939998626708984,47.400001525878906
2005-09-14,471000,45.54999923706055,47.880001068115234,48.15999984741211,45.119998931884766,47.880001068115234
2005-09-13,113900,45.66999816894531,45.540000915527344,45.959999084472656,45.04999923706055,45.540000915527344
2005-09-12,89900,45.36000061035156,45.5099983215332,45.900001525878906,44.84000015258789,45.5099983215332
2005-09-09,138100,45.84000015258789,45.52000045776367,46.150001525878906,45.310001373291016,45.52000045776367
2005-09-08,135900,46.72999954223633,45.83000183105469,46.72999954223633,45.11000061035156,45.83000183105469
2005-09-07,38000,47.5099983215332,46.93000030517578,47.7599983215332,46.56999969482422,46.93000030517578
2005-09-06,234600,45.90999984741211,47.58000183105469,47.88999938964844,45.38999938964844,47.58000183105469
2005-09-02,100700,46.52000045776367,45.68000030517578,46.54999923706055,45.630001068115234,45.68000030517578
2005-09-01,48300,47.06999969482422,46.63999938964844,47.08000183105469,46.310001373291016,46.63999938964844
2005-08-31,82700,46.04999923706055,46.7599983215332,46.84000015258789,45.5,46.7599983215332
2005-08-30,56200,45.4900016784668,46.220001220703125,46.369998931884766,45.4900016784668,46.220001220703125
2005-08-29,57600,45.439998626708984,46.18000030517578,46.20000076293945,45.04999923706055,46.18000030517578
2005-08-26,73000,46.040000915527344,45.45000076293945,46.040000915527344,45.0,45.45000076293945
2005-08-25,109000,46.369998931884766,46.04999923706055,46.9900016784668,45.56999969482422,46.04999923706055
2005-08-24,92600,45.97999954223633,46.31999969482422,47.790000915527344,45.72999954223633,46.31999969482422
2005-08-23,72500,45.81999969482422,46.119998931884766,46.400001525878906,45.27000045776367,46.119998931884766
2005-08-22,63700,46.38999938964844,45.81999969482422,46.38999938964844,45.650001525878906,45.81999969482422
2005-08-19,49600,45.880001068115234,45.93000030517578,46.150001525878906,45.540000915527344,45.93000030517578
2005-08-18,55500,46.540000915527344,46.02000045776367,46.790000915527344,45.75,46.02000045776367
2005-08-17,35700,46.75,46.83000183105469,47.189998626708984,46.189998626708984,46.83000183105469
2005-08-16,76900,48.0,46.560001373291016,48.029998779296875,46.31999969482422,46.560001373291016
2005-08-15,59100,47.0,48.15999984741211,48.36000061035156,46.2400016784668,48.15999984741211
2005-08-12,81500,47.7599983215332,47.060001373291016,47.77000045776367,46.31999969482422,47.060001373291016
2005-08-11,91800,46.72999954223633,47.9900016784668,48.119998931884766,46.54999923706055,47.9900016784668
2005-08-10,75200,47.66999816894531,46.810001373291016,47.869998931884766,46.33000183105469,46.810001373291016
2005-08-09,69800,47.619998931884766,47.459999084472656,48.119998931884766,46.93000030517578,47.459999084472656
2005-08-08,53700,48.689998626708984,47.459999084472656,48.689998626708984,47.04999923706055,47.459999084472656
2005-08-05,59100,49.0099983215332,48.2400016784668,49.040000915527344,47.7599983215332,48.2400016784668
2005-08-04,69900,49.459999084472656,49.119998931884766,50.060001373291016,49.040000915527344,49.119998931884766
2005-08-03,94100,49.709999084472656,49.58000183105469,49.79999923706055,49.119998931884766,49.58000183105469
2005-08-02,163200,48.189998626708984,49.810001373291016,50.72999954223633,48.189998626708984,49.810001373291016
2005-08-01,149200,47.58000183105469,48.380001068115234,49.22999954223633,47.279998779296875,48.380001068115234
2005-07-29,118600,47.150001525878906,47.5,47.81999969482422,46.43000030517578,47.5
2005-07-28,133100,46.380001068115234,47.15999984741211,47.470001220703125,45.97999954223633,47.15999984741211
2005-07-27,97400,45.869998931884766,46.560001373291016,46.68000030517578,45.560001373291016,46.560001373291016
2005-07-26,207800,44.970001220703125,45.5,46.150001525878906,44.93000030517578,45.5
2005-07-25,143900,47.45000076293945,46.20000076293945,47.45000076293945,45.779998779296875,46.20000076293945
2005-07-22,277300,47.29999923706055,47.58000183105469,47.900001525878906,45.029998779296875,47.58000183105469
2005-07-21,182900,46.70000076293945,47.650001525878906,48.150001525878906,46.380001068115234,47.650001525878906
2005-07-20,151300,46.41999816894531,47.0099983215332,47.150001525878906,46.09000015258789,47.0099983215332
2005-07-19,82400,45.65999984741211,46.68000030517578,47.099998474121094,45.439998626708984,46.68000030517578
2005-07-18,48400,46.11000061035156,45.5,46.11000061035156,45.45000076293945,45.5
2005-07-15,29600,45.70000076293945,46.290000915527344,46.83000183105469,45.70000076293945,46.290000915527344
2005-07-14,79600,46.52000045776367,46.150001525878906,46.63999938964844,46.150001525878906,46.150001525878906
2005-07-13,48000,46.540000915527344,46.290000915527344,46.540000915527344,46.09000015258789,46.290000915527344
2005-07-12,66600,46.72999954223633,46.52000045776367,46.86000061035156,46.29999923706055,46.52000045776367
2005-07-11,112500,45.7599983215332,46.779998779296875,46.790000915527344,45.7599983215332,46.779998779296875
2005-07-08,136900,45.16999816894531,45.970001220703125,46.22999954223633,44.540000915527344,45.970001220703125
2005-07-07,86500,44.560001373291016,45.08000183105469,45.369998931884766,44.560001373291016,45.08000183105469
2005-07-06,177200,46.13999938964844,44.810001373291016,46.45000076293945,44.7599983215332,44.810001373291016
2005-07-05,69400,44.75,46.040000915527344,46.04999923706055,44.689998626708984,46.040000915527344
2005-07-01,77100,43.70000076293945,44.869998931884766,44.93000030517578,43.599998474121094,44.869998931884766
2005-06-30,115700,44.2599983215332,43.599998474121094,44.86000061035156,43.34000015258789,43.599998474121094
2005-06-29,144300,44.630001068115234,44.13999938964844,44.93000030517578,43.75,44.13999938964844
2005-06-28,159300,43.220001220703125,44.599998474121094,45.0,42.91999816894531,44.599998474121094
2005-06-27,85500,42.400001525878906,42.72999954223633,43.099998474121094,42.20000076293945,42.72999954223633
2005-06-24,117200,43.630001068115234,42.709999084472656,43.84000015258789,42.0,42.709999084472656
2005-06-23,80800,45.0,43.70000076293945,45.220001220703125,43.52000045776367,43.70000076293945
2005-06-22,74600,44.939998626708984,45.310001373291016,45.77000045776367,44.849998474121094,45.310001373291016
2005-06-21,93100,44.599998474121094,44.86000061035156,45.119998931884766,43.61000061035156,44.86000061035156
2005-06-20,54700,44.959999084472656,44.349998474121094,44.959999084472656,44.34000015258789,44.349998474121094
2005-06-17,131200,44.68000030517578,44.86000061035156,45.06999969482422,44.290000915527344,44.86000061035156
2005-06-16,62300,42.93000030517578,44.5099983215332,44.5099983215332,42.93000030517578,44.5099983215332
2005-06-15,73200,43.15999984741211,43.25,43.529998779296875,42.47999954223633,43.25
2005-06-14,96400,42.29999923706055,43.40999984741211,43.540000915527344,41.970001220703125,43.40999984741211
2005-06-13,54500,41.779998779296875,42.2400016784668,42.290000915527344,41.68000030517578,42.2400016784668
2005-06-10,60200,41.77000045776367,41.95000076293945,41.9900016784668,41.5,41.95000076293945
2005-06-09,31900,41.75,42.13999938964844,42.13999938964844,41.75,42.13999938964844
2005-06-08,72700,41.79999923706055,41.810001373291016,41.91999816894531,41.68000030517578,41.810001373291016
2005-06-07,84600,41.45000076293945,41.7400016784668,41.869998931884766,41.279998779296875,41.7400016784668
2005-06-06,67100,41.77000045776367,41.45000076293945,41.77000045776367,41.09000015258789,41.45000076293945
2005-06-03,69800,41.66999816894531,41.58000183105469,41.66999816894531,41.25,41.58000183105469
2005-06-02,73500,41.310001373291016,41.72999954223633,41.810001373291016,40.81999969482422,41.72999954223633
2005-06-01,122000,40.02000045776367,41.369998931884766,41.68000030517578,40.02000045776367,41.369998931884766
2005-05-31,53600,39.91999816894531,40.18000030517578,40.5,39.79999923706055,40.18000030517578
2005-05-27,63600,40.540000915527344,40.279998779296875,40.58000183105469,40.0,40.279998779296875
2005-05-26,75700,39.529998779296875,40.41999816894531,40.41999816894531,39.38999938964844,40.41999816894531
2005-05-25,68000,40.13999938964844,39.70000076293945,40.2400016784668,39.2599983215332,39.70000076293945
2005-05-24,126800,39.58000183105469,40.2400016784668,40.33000183105469,39.58000183105469,40.2400016784668
2005-05-23,86200,40.08000183105469,39.779998779296875,40.18000030517578,39.31999969482422,39.779998779296875
2005-05-20,68300,39.97999954223633,40.09000015258789,40.13999938964844,39.0,40.09000015258789
2005-05-19,95600,39.209999084472656,39.970001220703125,40.439998626708984,39.209999084472656,39.970001220703125
2005-05-18,134200,39.04999923706055,39.220001220703125,40.349998474121094,38.27000045776367,39.220001220703125
2005-05-17,94500,38.27000045776367,38.81999969482422,38.959999084472656,38.029998779296875,38.81999969482422
2005-05-16,86200,38.31999969482422,38.650001525878906,38.650001525878906,38.11000061035156,38.650001525878906
2005-05-13,87000,38.279998779296875,38.650001525878906,38.90999984741211,38.130001068115234,38.650001525878906
2005-05-12,132600,38.619998931884766,38.4900016784668,38.869998931884766,38.279998779296875,38.4900016784668
2005-05-11,69900,38.83000183105469,38.61000061035156,38.83000183105469,37.79999923706055,38.61000061035156
2005-05-10,111100,37.86000061035156,38.529998779296875,38.68000030517578,37.86000061035156,38.529998779296875
2005-05-09,93300,38.0099983215332,38.5,38.5,37.9900016784668,38.5
2005-05-06,69200,38.22999954223633,38.060001373291016,38.2400016784668,37.52000045776367,38.060001373291016
2005-05-05,116700,38.130001068115234,38.11000061035156,38.20000076293945,37.75,38.11000061035156
2005-05-04,187800,37.95000076293945,38.220001220703125,38.61000061035156,37.779998779296875,38.220001220703125
2005-05-03,169400,38.709999084472656,38.119998931884766,39.25,37.310001373291016,38.119998931884766
2005-05-02,123000,39.95000076293945,39.2400016784668,39.95000076293945,38.560001373291016,39.2400016784668
2005-04-29,448100,38.060001373291016,39.54999923706055,39.939998626708984,38.060001373291016,39.54999923706055
2005-04-28,265700,36.9900016784668,38.15999984741211,38.59000015258789,36.900001525878906,38.15999984741211
2005-04-27,146400,37.09000015258789,37.380001068115234,38.040000915527344,36.25,37.380001068115234
2005-04-26,114900,37.599998474121094,36.93000030517578,38.09000015258789,36.72999954223633,36.93000030517578
2005-04-25,172600,38.0,37.939998626708984,38.689998626708984,37.790000915527344,37.939998626708984
2005-04-22,169700,36.880001068115234,37.849998474121094,38.040000915527344,36.880001068115234,37.849998474121094
2005-04-21,824600,35.09000015258789,37.2400016784668,39.099998474121094,34.5,37.2400016784668
2005-04-20,1024400,33.5,33.720001220703125,34.439998626708984,32.93000030517578,33.720001220703125
2005-04-19,211700,33.900001525878906,34.5,34.5,33.380001068115234,34.5
2005-04-18,186800,33.560001373291016,33.79999923706055,34.279998779296875,33.560001373291016,33.79999923706055
2005-04-15,203500,34.83000183105469,33.900001525878906,35.099998474121094,33.599998474121094,33.900001525878906
2005-04-14,115000,35.65999984741211,34.86000061035156,35.90999984741211,34.84000015258789,34.86000061035156
2005-04-13,72200,35.81999969482422,35.84000015258789,36.459999084472656,35.4900016784668,35.84000015258789
2005-04-12,202700,35.65999984741211,36.18000030517578,36.459999084472656,35.060001373291016,36.18000030517578
2005-04-11,105200,36.58000183105469,35.90999984741211,36.689998626708984,35.7400016784668,35.90999984741211
2005-04-08,105600,36.43000030517578,36.34000015258789,36.5099983215332,35.81999969482422,36.34000015258789
2005-04-07,133400,36.630001068115234,36.79999923706055,37.119998931884766,35.599998474121094,36.79999923706055
2005-04-06,336100,35.72999954223633,37.0,37.45000076293945,35.72999954223633,37.0
2005-04-05,181400,36.099998474121094,35.72999954223633,36.11000061035156,35.68000030517578,35.72999954223633
2005-04-04,248500,35.970001220703125,35.7400016784668,36.25,35.70000076293945,35.7400016784668
2005-04-01,198700,37.09000015258789,36.2400016784668,37.11000061035156,36.0099983215332,36.2400016784668
2005-03-31,164100,37.41999816894531,36.849998474121094,37.41999816894531,36.61000061035156,36.849998474121094
2005-03-30,427800,37.79999923706055,37.20000076293945,37.880001068115234,36.08000183105469,37.20000076293945
2005-03-29,67900,37.63999938964844,37.5,37.689998626708984,37.2400016784668,37.5
2005-03-28,116500,37.029998779296875,37.63999938964844,37.709999084472656,36.81999969482422,37.63999938964844
2005-03-24,131500,38.13999938964844,37.380001068115234,38.13999938964844,36.79999923706055,37.380001068115234
2005-03-23,146200,37.56999969482422,37.709999084472656,37.97999954223633,37.2400016784668,37.709999084472656
2005-03-22,52200,37.5,37.95000076293945,38.040000915527344,37.5,37.95000076293945
2005-03-21,89300,38.529998779296875,37.97999954223633,38.529998779296875,37.29999923706055,37.97999954223633
2005-03-18,178400,37.90999984741211,38.0,38.529998779296875,37.2599983215332,38.0
2005-03-17,74200,38.0,38.029998779296875,38.5099983215332,37.70000076293945,38.029998779296875
2005-03-16,85700,37.86000061035156,37.91999816894531,38.369998931884766,37.459999084472656,37.91999816894531
2005-03-15,100600,36.90999984741211,38.279998779296875,38.5099983215332,36.90999984741211,38.279998779296875
2005-03-14,168300,36.630001068115234,37.70000076293945,38.4900016784668,36.630001068115234,37.70000076293945
2005-03-11,90300,37.099998474121094,37.099998474121094,37.529998779296875,36.77000045776367,37.099998474121094
2005-03-10,165200,37.08000183105469,37.11000061035156,37.91999816894531,36.599998474121094,37.11000061035156
2005-03-09,63600,37.06999969482422,37.20000076293945,37.86000061035156,36.599998474121094,37.20000076293945
2005-03-08,80800,37.630001068115234,37.349998474121094,37.650001525878906,36.790000915527344,37.349998474121094
2005-03-07,128000,39.34000015258789,37.630001068115234,39.59000015258789,37.5099983215332,37.630001068115234
2005-03-04,240800,38.09000015258789,39.150001525878906,39.220001220703125,38.09000015258789,39.150001525878906
2005-03-03,142400,37.68000030517578,37.720001220703125,37.959999084472656,36.88999938964844,37.720001220703125
2005-03-02,117400,37.400001525878906,37.119998931884766,37.779998779296875,36.90999984741211,37.119998931884766
2005-03-01,117700,37.02000045776367,36.9900016784668,37.41999816894531,36.83000183105469,36.9900016784668
2005-02-28,246100,37.79999923706055,36.83000183105469,37.79999923706055,36.560001373291016,36.83000183105469
2005-02-25,277500,37.349998474121094,37.5,38.2599983215332,37.349998474121094,37.5
2005-02-24,323600,38.88999938964844,38.0099983215332,39.099998474121094,37.08000183105469,38.0099983215332
2005-02-23,241000,39.119998931884766,39.04999923706055,39.5,38.630001068115234,39.04999923706055
2005-02-22,284700,38.119998931884766,38.790000915527344,39.04999923706055,38.119998931884766,38.790000915527344
2005-02-18,577300,38.4900016784668,38.20000076293945,38.4900016784668,36.04999923706055,38.20000076293945
2005-02-17,744700,39.0,39.63999938964844,40.689998626708984,35.83000183105469,39.63999938964844
2005-02-16,243400,41.56999969482422,40.5,41.77000045776367,40.40999984741211,40.5
2005-02-15,87200,41.5099983215332,41.599998474121094,42.06999969482422,41.5,41.599998474121094
2005-02-14,63600,42.36000061035156,41.9900016784668,42.369998931884766,41.75,41.9900016784668
2005-02-11,90700,41.599998474121094,42.439998626708984,42.75,41.130001068115234,42.439998626708984
2005-02-10,25700,43.18000030517578,42.0,43.18000030517578,41.599998474121094,42.0
2005-02-09,70800,42.849998474121094,42.41999816894531,43.2599983215332,42.310001373291016,42.41999816894531
2005-02-08,69500,42.869998931884766,43.25,43.63999938964844,42.86000061035156,43.25
2005-02-07,118800,41.560001373291016,43.25,43.47999954223633,41.130001068115234,43.25
2005-02-04,216600,41.20000076293945,41.220001220703125,41.58000183105469,40.959999084472656,41.220001220703125
2005-02-03,508600,42.02000045776367,41.20000076293945,42.02000045776367,40.7599983215332,41.20000076293945
2005-02-02,92000,42.939998626708984,41.65999984741211,42.939998626708984,41.540000915527344,41.65999984741211
2005-02-01,74700,42.369998931884766,42.43000030517578,42.95000076293945,41.939998626708984,42.43000030517578
2005-01-31,95800,42.9900016784668,42.95000076293945,44.2400016784668,42.47999954223633,42.95000076293945
2005-01-28,63100,42.880001068115234,43.0,43.439998626708984,42.689998626708984,43.0
2005-01-27,65800,43.81999969482422,43.02000045776367,43.81999969482422,42.939998626708984,43.02000045776367
2005-01-26,87900,43.90999984741211,43.65999984741211,43.90999984741211,42.97999954223633,43.65999984741211
2005-01-25,163100,44.0,43.16999816894531,44.220001220703125,42.97999954223633,43.16999816894531
2005-01-24,211000,43.54999923706055,43.70000076293945,44.029998779296875,43.34000015258789,43.70000076293945
2005-01-21,348500,44.0,43.849998474121094,44.13999938964844,43.0,43.849998474121094
2005-01-20,88200,43.650001525878906,43.65999984741211,44.0,43.52000045776367,43.65999984741211
2005-01-19,41600,43.75,43.650001525878906,43.86000061035156,43.56999969482422,43.650001525878906
2005-01-18,71100,43.29999923706055,43.689998626708984,44.0099983215332,43.29999923706055,43.689998626708984
2005-01-14,56200,42.869998931884766,43.63999938964844,43.68000030517578,42.869998931884766,43.63999938964844
2005-01-13,153900,43.16999816894531,43.189998626708984,43.939998626708984,43.11000061035156,43.189998626708984
2005-01-12,87700,43.41999816894531,43.470001220703125,43.939998626708984,42.720001220703125,43.470001220703125
2005-01-11,43000,43.459999084472656,43.5099983215332,43.970001220703125,43.45000076293945,43.5099983215332
2005-01-10,85100,43.099998474121094,43.849998474121094,44.04999923706055,42.43000030517578,43.849998474121094
2005-01-07,131000,43.880001068115234,42.34000015258789,44.70000076293945,42.310001373291016,42.34000015258789
2005-01-06,82800,44.380001068115234,44.0099983215332,44.9900016784668,44.0099983215332,44.0099983215332
2005-01-05,164100,45.279998779296875,44.08000183105469,45.779998779296875,44.040000915527344,44.08000183105469
2005-01-04,128700,45.90999984741211,44.54999923706055,46.65999984741211,44.40999984741211,44.54999923706055
2005-01-03,170800,46.0,46.209999084472656,46.709999084472656,45.540000915527344,46.209999084472656
2004-12-31,94400,45.689998626708984,46.18000030517578,46.349998474121094,45.4900016784668,46.18000030517578
2004-12-30,109800,44.369998931884766,46.13999938964844,46.400001525878906,44.25,46.13999938964844
2004-12-29,73600,43.84000015258789,44.58000183105469,44.75,43.810001373291016,44.58000183105469
2004-12-28,175300,41.5099983215332,44.63999938964844,44.650001525878906,41.5099983215332,44.63999938964844
2004-12-27,70900,42.84000015258789,41.83000183105469,43.130001068115234,41.63999938964844,41.83000183105469
2004-12-23,190600,42.02000045776367,42.599998474121094,42.7400016784668,42.02000045776367,42.599998474121094
2004-12-22,218400,43.0,42.25,43.150001525878906,42.11000061035156,42.25
2004-12-21,119500,41.5,42.66999816894531,43.150001525878906,41.38999938964844,42.66999816894531
2004-12-20,57200,41.849998474121094,41.38999938964844,42.97999954223633,41.279998779296875,41.38999938964844
2004-12-17,84600,42.7400016784668,42.2400016784668,42.7400016784668,41.959999084472656,42.2400016784668
2004-12-16,166100,42.38999938964844,42.31999969482422,43.0,42.18000030517578,42.31999969482422
2004-12-15,84600,42.97999954223633,42.84000015258789,42.97999954223633,42.45000076293945,42.84000015258789
2004-12-14,79400,42.650001525878906,42.93000030517578,42.959999084472656,42.27000045776367,42.93000030517578
2004-12-13,60400,42.75,42.40999984741211,42.75,42.130001068115234,42.40999984741211
2004-12-10,86500,43.0,42.5099983215332,43.0,41.45000076293945,42.5099983215332
2004-12-09,172400,42.93000030517578,42.52000045776367,42.970001220703125,41.2400016784668,42.52000045776367
2004-12-08,47800,43.029998779296875,43.040000915527344,43.040000915527344,42.36000061035156,43.040000915527344
2004-12-07,113000,43.7599983215332,42.439998626708984,44.0,42.41999816894531,42.439998626708984
2004-12-06,108600,44.0,44.060001373291016,44.560001373291016,43.790000915527344,44.060001373291016
2004-12-03,84000,44.900001525878906,44.29999923706055,45.61000061035156,44.0099983215332,44.29999923706055
2004-12-02,63500,44.70000076293945,45.36000061035156,45.47999954223633,44.52000045776367,45.36000061035156
2004-12-01,104800,44.709999084472656,45.18000030517578,45.68000030517578,44.040000915527344,45.18000030517578
2004-11-30,84000,44.40999984741211,43.79999923706055,44.650001525878906,43.630001068115234,43.79999923706055
2004-11-29,104800,44.720001220703125,44.72999954223633,44.900001525878906,43.59000015258789,44.72999954223633
2004-11-26,23600,44.33000183105469,43.79999923706055,44.33000183105469,43.5,43.79999923706055
2004-11-24,59700,42.95000076293945,44.2400016784668,44.25,42.95000076293945,44.2400016784668
2004-11-23,132300,42.029998779296875,43.29999923706055,43.29999923706055,42.029998779296875,43.29999923706055
2004-11-22,139000,42.0,42.619998931884766,42.65999984741211,41.93000030517578,42.619998931884766
2004-11-19,80300,41.650001525878906,42.290000915527344,42.38999938964844,41.63999938964844,42.290000915527344
2004-11-18,84200,42.58000183105469,41.95000076293945,42.58000183105469,41.7400016784668,41.95000076293945
2004-11-17,108700,43.75,42.560001373291016,43.9900016784668,42.310001373291016,42.560001373291016
2004-11-16,102400,42.650001525878906,43.310001373291016,44.11000061035156,42.029998779296875,43.310001373291016
2004-11-15,138600,43.369998931884766,42.689998626708984,43.849998474121094,42.43000030517578,42.689998626708984
2004-11-12,85800,41.91999816894531,43.11000061035156,43.220001220703125,41.91999816894531,43.11000061035156
2004-11-11,90900,42.349998474121094,42.2599983215332,42.349998474121094,41.66999816894531,42.2599983215332
2004-11-10,148000,40.869998931884766,42.34000015258789,42.349998474121094,40.869998931884766,42.34000015258789
2004-11-09,220000,40.58000183105469,41.56999969482422,41.56999969482422,40.369998931884766,41.56999969482422
2004-11-08,193800,41.630001068115234,40.79999923706055,41.63999938964844,40.689998626708984,40.79999923706055
2004-11-05,129900,41.13999938964844,41.619998931884766,41.619998931884766,40.75,41.619998931884766
2004-11-04,151300,40.040000915527344,41.040000915527344,41.22999954223633,40.040000915527344,41.040000915527344
2004-11-03,235400,40.65999984741211,40.95000076293945,41.33000183105469,40.0,40.95000076293945
2004-11-02,243000,40.36000061035156,40.040000915527344,40.459999084472656,39.90999984741211,40.040000915527344
2004-11-01,199000,40.369998931884766,39.650001525878906,40.7400016784668,39.130001068115234,39.650001525878906
2004-10-29,222400,40.08000183105469,40.369998931884766,41.16999816894531,38.81999969482422,40.369998931884766
2004-10-28,149300,40.31999969482422,39.81999969482422,40.90999984741211,39.5099983215332,39.81999969482422
2004-10-27,183600,41.84000015258789,41.04999923706055,41.849998474121094,40.47999954223633,41.04999923706055
2004-10-26,229900,41.4900016784668,40.650001525878906,41.86000061035156,40.58000183105469,40.650001525878906
2004-10-25,337700,42.75,40.970001220703125,42.75,40.599998474121094,40.970001220703125
2004-10-22,171400,43.959999084472656,43.619998931884766,44.029998779296875,43.25,43.619998931884766
2004-10-21,655100,41.599998474121094,43.959999084472656,44.790000915527344,40.70000076293945,43.959999084472656
2004-10-20,877100,46.40999984741211,41.599998474121094,46.40999984741211,40.5099983215332,41.599998474121094
2004-10-19,58100,46.540000915527344,46.709999084472656,47.13999938964844,46.349998474121094,46.709999084472656
2004-10-18,30300,45.5,46.439998626708984,46.4900016784668,45.13999938964844,46.439998626708984
2004-10-15,70300,45.939998626708984,45.529998779296875,46.13999938964844,45.41999816894531,45.529998779296875
2004-10-14,62100,45.63999938964844,45.83000183105469,46.34000015258789,45.25,45.83000183105469
2004-10-13,92700,47.06999969482422,45.33000183105469,47.06999969482422,45.189998626708984,45.33000183105469
2004-10-12,111200,46.75,46.29999923706055,46.86000061035156,46.22999954223633,46.29999923706055
2004-10-11,37100,46.880001068115234,46.849998474121094,47.45000076293945,46.68000030517578,46.849998474121094
2004-10-08,37000,47.95000076293945,46.900001525878906,47.95000076293945,46.900001525878906,46.900001525878906
2004-10-07,125900,48.900001525878906,47.720001220703125,48.900001525878906,47.720001220703125,47.720001220703125
2004-10-06,164100,47.79999923706055,48.75,48.900001525878906,47.75,48.75
2004-10-05,194300,48.209999084472656,47.75,48.880001068115234,47.540000915527344,47.75
2004-10-04,327500,49.060001373291016,48.099998474121094,49.060001373291016,47.560001373291016,48.099998474121094
2004-10-01,199800,48.45000076293945,48.27000045776367,48.9900016784668,48.11000061035156,48.27000045776367
2004-09-30,220400,47.0,49.189998626708984,49.41999816894531,46.7599983215332,49.189998626708984
2004-09-29,43300,46.9900016784668,47.619998931884766,47.720001220703125,46.900001525878906,47.619998931884766
2004-09-28,102900,46.0,47.0,47.369998931884766,45.810001373291016,47.0
2004-09-27,90100,46.380001068115234,46.040000915527344,46.95000076293945,45.81999969482422,46.040000915527344
2004-09-24,103400,46.7599983215332,46.75,47.15999984741211,46.630001068115234,46.75
2004-09-23,55500,46.650001525878906,47.0,47.650001525878906,46.650001525878906,47.0
2004-09-22,155800,46.900001525878906,47.13999938964844,47.2599983215332,46.7400016784668,47.13999938964844
2004-09-21,113300,47.0,47.529998779296875,48.06999969482422,46.0,47.529998779296875
2004-09-20,74000,47.2400016784668,47.43000030517578,47.560001373291016,46.88999938964844,47.43000030517578
2004-09-17,177700,46.90999984741211,47.47999954223633,48.36000061035156,45.9900016784668,47.47999954223633
2004-09-16,84500,46.810001373291016,46.869998931884766,47.189998626708984,45.83000183105469,46.869998931884766
2004-09-15,110400,45.79999923706055,46.79999923706055,47.459999084472656,45.630001068115234,46.79999923706055
2004-09-14,97300,45.02000045776367,46.150001525878906,46.2599983215332,44.72999954223633,46.150001525878906
2004-09-13,32400,45.880001068115234,45.529998779296875,45.9900016784668,45.06999969482422,45.529998779296875
2004-09-10,35700,44.189998626708984,45.84000015258789,45.849998474121094,44.15999984741211,45.84000015258789
2004-09-09,60000,45.0,44.86000061035156,45.630001068115234,44.02000045776367,44.86000061035156
2004-09-08,204400,43.29999923706055,44.720001220703125,46.0,43.29999923706055,44.720001220703125
2004-09-07,63500,44.400001525878906,44.06999969482422,44.400001525878906,43.0,44.06999969482422
2004-09-03,6800,44.25,43.470001220703125,44.63999938964844,43.470001220703125,43.470001220703125
2004-09-02,55500,43.0,43.95000076293945,44.61000061035156,43.0,43.95000076293945
2004-09-01,149600,42.459999084472656,43.25,43.33000183105469,40.9900016784668,43.25
2004-08-31,54700,42.13999938964844,42.290000915527344,42.36000061035156,41.0,42.290000915527344
2004-08-30,28600,42.04999923706055,41.939998626708984,42.31999969482422,41.779998779296875,41.939998626708984
2004-08-27,35700,41.79999923706055,42.18000030517578,42.79999923706055,41.79999923706055,42.18000030517578
2004-08-26,113300,42.5,42.15999984741211,42.56999969482422,41.75,42.15999984741211
2004-08-25,34000,42.40999984741211,42.7599983215332,43.0,41.91999816894531,42.7599983215332
2004-08-24,70000,43.880001068115234,43.189998626708984,43.880001068115234,42.369998931884766,43.189998626708984
2004-08-23,58300,43.0,43.13999938964844,43.779998779296875,42.38999938964844,43.13999938964844
2004-08-20,59100,42.880001068115234,42.54999923706055,43.68000030517578,41.900001525878906,42.54999923706055
2004-08-19,28400,42.150001525878906,42.349998474121094,43.220001220703125,42.150001525878906,42.349998474121094
2004-08-18,113000,40.61000061035156,43.040000915527344,43.220001220703125,40.56999969482422,43.040000915527344
2004-08-17,36300,40.4900016784668,41.130001068115234,41.34000015258789,40.2400016784668,41.130001068115234
2004-08-16,57700,39.86000061035156,40.47999954223633,41.099998474121094,39.83000183105469,40.47999954223633
2004-08-13,135700,40.209999084472656,40.02000045776367,41.029998779296875,39.619998931884766,40.02000045776367
2004-08-12,84400,41.0,40.25,41.20000076293945,39.970001220703125,40.25
2004-08-11,64800,39.0,41.09000015258789,41.439998626708984,39.0,41.09000015258789
2004-08-10,82700,38.790000915527344,40.18000030517578,40.25,38.790000915527344,40.18000030517578
2004-08-09,78700,38.06999969482422,38.5,39.130001068115234,37.95000076293945,38.5
2004-08-06,54400,39.47999954223633,38.04999923706055,39.93000030517578,38.040000915527344,38.04999923706055
2004-08-05,36700,40.61000061035156,40.02000045776367,40.86000061035156,39.77000045776367,40.02000045776367
2004-08-04,72400,41.040000915527344,40.939998626708984,41.66999816894531,40.599998474121094,40.939998626708984
2004-08-03,47600,41.5099983215332,41.36000061035156,42.459999084472656,41.18000030517578,41.36000061035156
2004-08-02,90900,42.0,42.18000030517578,42.4900016784668,40.72999954223633,42.18000030517578
2004-07-30,91000,42.7599983215332,42.45000076293945,43.09000015258789,42.349998474121094,42.45000076293945
2004-07-29,59600,43.77000045776367,42.869998931884766,43.779998779296875,42.84000015258789,42.869998931884766
2004-07-28,121700,43.66999816894531,43.25,44.040000915527344,42.060001373291016,43.25
2004-07-27,181500,44.0,44.040000915527344,44.040000915527344,43.20000076293945,44.040000915527344
2004-07-26,117600,43.79999923706055,43.189998626708984,43.79999923706055,42.86000061035156,43.189998626708984
2004-07-23,115200,43.4900016784668,43.25,44.15999984741211,42.810001373291016,43.25
2004-07-22,258800,41.5,43.79999923706055,44.099998474121094,41.5,43.79999923706055
2004-07-21,345400,41.619998931884766,42.7599983215332,43.790000915527344,41.52000045776367,42.7599983215332
2004-07-20,305300,39.040000915527344,40.79999923706055,43.20000076293945,39.040000915527344,40.79999923706055
2004-07-19,241600,40.0,39.189998626708984,40.189998626708984,39.099998474121094,39.189998626708984
2004-07-16,126400,41.52000045776367,39.709999084472656,41.900001525878906,39.709999084472656,39.709999084472656
2004-07-15,79200,42.130001068115234,41.72999954223633,42.66999816894531,41.5,41.72999954223633
2004-07-14,79800,42.41999816894531,42.189998626708984,42.88999938964844,41.88999938964844,42.189998626708984
2004-07-13,78600,43.54999923706055,42.900001525878906,43.54999923706055,42.5099983215332,42.900001525878906
2004-07-12,163600,43.5,43.0099983215332,43.65999984741211,42.369998931884766,43.0099983215332
2004-07-09,113900,43.59000015258789,43.849998474121094,44.77000045776367,42.779998779296875,43.849998474121094
2004-07-08,169800,44.279998779296875,43.22999954223633,44.77000045776367,42.83000183105469,43.22999954223633
2004-07-07,47800,45.689998626708984,44.7400016784668,45.689998626708984,44.25,44.7400016784668
2004-07-06,81000,45.04999923706055,44.689998626708984,45.470001220703125,44.0,44.689998626708984
2004-07-02,88600,45.189998626708984,45.91999816894531,46.2599983215332,43.790000915527344,45.91999816894531
2004-07-01,64800,46.029998779296875,45.529998779296875,46.40999984741211,44.529998779296875,45.529998779296875
2004-06-30,187000,46.209999084472656,45.93000030517578,46.400001525878906,45.779998779296875,45.93000030517578
2004-06-29,157300,44.25,46.189998626708984,46.25,44.25,46.189998626708984
2004-06-28,76400,45.4900016784668,45.380001068115234,45.81999969482422,44.9900016784668,45.380001068115234
2004-06-25,101200,45.18000030517578,45.40999984741211,45.43000030517578,44.209999084472656,45.40999984741211
2004-06-24,124800,44.91999816894531,45.119998931884766,45.2400016784668,44.0,45.119998931884766
2004-06-23,398700,44.349998474121094,44.47999954223633,46.439998626708984,43.970001220703125,44.47999954223633
2004-06-22,210700,41.5,43.11000061035156,43.779998779296875,40.81999969482422,43.11000061035156
2004-06-21,94400,41.0,41.22999954223633,41.88999938964844,40.63999938964844,41.22999954223633
2004-06-18,118000,40.52000045776367,41.0099983215332,42.0,39.81999969482422,41.0099983215332
2004-06-17,50900,41.4900016784668,40.400001525878906,41.4900016784668,40.400001525878906,40.400001525878906
2004-06-16,17900,41.099998474121094,41.38999938964844,41.849998474121094,41.0099983215332,41.38999938964844
2004-06-15,106800,41.0,41.2599983215332,41.81999969482422,41.0,41.2599983215332
2004-06-14,70500,41.560001373291016,40.709999084472656,41.81999969482422,40.349998474121094,40.709999084472656
2004-06-10,65500,41.97999954223633,40.939998626708984,41.97999954223633,40.56999969482422,40.939998626708984
2004-06-09,102600,41.84000015258789,41.09000015258789,42.2400016784668,41.04999923706055,41.09000015258789
2004-06-08,73200,41.43000030517578,42.16999816894531,42.25,41.349998474121094,42.16999816894531
2004-06-07,141700,41.4900016784668,41.5,42.220001220703125,40.970001220703125,41.5
2004-06-04,133200,40.86000061035156,41.31999969482422,42.04999923706055,40.15999984741211,41.31999969482422
2004-06-03,92600,41.790000915527344,40.470001220703125,41.81999969482422,40.470001220703125,40.470001220703125
2004-06-02,54400,41.959999084472656,41.9900016784668,42.25,41.119998931884766,41.9900016784668
2004-06-01,49800,41.2599983215332,42.25,42.25,41.209999084472656,42.25
2004-05-28,56600,41.63999938964844,41.380001068115234,41.849998474121094,41.119998931884766,41.380001068115234
2004-05-27,46900,41.77000045776367,41.849998474121094,42.2400016784668,41.66999816894531,41.849998474121094
2004-05-26,60000,42.25,41.93000030517578,42.31999969482422,41.15999984741211,41.93000030517578
2004-05-25,69100,41.25,41.779998779296875,42.849998474121094,41.06999969482422,41.779998779296875
2004-05-24,50000,40.27000045776367,41.2599983215332,41.29999923706055,40.2599983215332,41.2599983215332
2004-05-21,144200,39.33000183105469,40.27000045776367,40.68000030517578,39.189998626708984,40.27000045776367
2004-05-20,68300,38.959999084472656,39.40999984741211,39.540000915527344,38.959999084472656,39.40999984741211
2004-05-19,81400,38.38999938964844,38.9900016784668,39.119998931884766,37.880001068115234,38.9900016784668
2004-05-18,52800,37.209999084472656,37.93000030517578,38.04999923706055,37.209999084472656,37.93000030517578
2004-05-17,67000,38.20000076293945,37.31999969482422,38.36000061035156,36.900001525878906,37.31999969482422
2004-05-14,19900,38.029998779296875,37.900001525878906,38.720001220703125,37.599998474121094,37.900001525878906
2004-05-13,39600,38.290000915527344,38.20000076293945,38.72999954223633,37.029998779296875,38.20000076293945
2004-05-12,50200,38.400001525878906,38.2599983215332,38.52000045776367,36.52000045776367,38.2599983215332
2004-05-11,30400,37.20000076293945,38.09000015258789,38.36000061035156,37.20000076293945,38.09000015258789
2004-05-10,76600,37.400001525878906,37.09000015258789,38.52000045776367,36.86000061035156,37.09000015258789
2004-05-07,85100,38.86000061035156,37.47999954223633,39.06999969482422,37.25,37.47999954223633
2004-05-06,60600,38.93000030517578,39.02000045776367,39.63999938964844,38.83000183105469,39.02000045776367
2004-05-05,27800,39.0099983215332,39.529998779296875,39.720001220703125,38.84000015258789,39.529998779296875
2004-05-04,144400,37.95000076293945,39.349998474121094,39.58000183105469,37.95000076293945,39.349998474121094
2004-05-03,109600,38.849998474121094,38.41999816894531,39.58000183105469,37.5,38.41999816894531
2004-04-30,61100,39.04999923706055,39.369998931884766,39.5099983215332,38.630001068115234,39.369998931884766
2004-04-29,57600,39.119998931884766,39.25,39.58000183105469,38.95000076293945,39.25
2004-04-28,86400,39.040000915527344,38.95000076293945,39.5,38.91999816894531,38.95000076293945
2004-04-27,112800,38.959999084472656,39.25,39.45000076293945,38.52000045776367,39.25
2004-04-26,66900,39.0099983215332,39.439998626708984,39.81999969482422,38.7599983215332,39.439998626708984
2004-04-23,88700,38.970001220703125,39.56999969482422,39.58000183105469,38.65999984741211,39.56999969482422
2004-04-22,64200,38.40999984741211,39.0,39.0,38.0099983215332,39.0
2004-04-21,48400,38.599998474121094,38.279998779296875,38.599998474121094,37.70000076293945,38.279998779296875
2004-04-20,73500,38.97999954223633,38.709999084472656,39.06999969482422,38.25,38.709999084472656
2004-04-19,76100,38.41999816894531,38.599998474121094,39.040000915527344,38.41999816894531,38.599998474121094
2004-04-16,77100,39.029998779296875,39.02000045776367,39.7400016784668,38.709999084472656,39.02000045776367
2004-04-15,54000,39.220001220703125,39.15999984741211,39.220001220703125,38.20000076293945,39.15999984741211
2004-04-14,65900,37.61000061035156,38.77000045776367,39.34000015258789,37.61000061035156,38.77000045776367
2004-04-13,68900,38.34000015258789,38.25,40.0,37.7400016784668,38.25
2004-04-12,81000,39.849998474121094,39.2599983215332,39.869998931884766,38.959999084472656,39.2599983215332
2004-04-08,123000,39.34000015258789,38.790000915527344,39.7599983215332,38.599998474121094,38.790000915527344
2004-04-07,118200,38.95000076293945,39.16999816894531,39.16999816894531,38.099998474121094,39.16999816894531
2004-04-06,116800,38.79999923706055,38.869998931884766,39.5099983215332,38.439998626708984,38.869998931884766
2004-04-05,101200,38.560001373291016,39.0,39.22999954223633,38.380001068115234,39.0
2004-04-02,223300,38.20000076293945,38.970001220703125,39.06999969482422,38.11000061035156,38.970001220703125
2004-04-01,94400,37.349998474121094,37.66999816894531,38.27000045776367,37.25,37.66999816894531
2004-03-31,207000,37.20000076293945,36.869998931884766,37.79999923706055,36.43000030517578,36.869998931884766
2004-03-30,85900,36.75,37.189998626708984,37.189998626708984,36.45000076293945,37.189998626708984
2004-03-29,164100,35.619998931884766,36.88999938964844,37.0,35.619998931884766,36.88999938964844
2004-03-26,98700,36.540000915527344,35.9900016784668,36.540000915527344,35.650001525878906,35.9900016784668
2004-03-25,88000,36.91999816894531,36.04999923706055,36.91999816894531,35.63999938964844,36.04999923706055
2004-03-24,94100,35.83000183105469,36.79999923706055,36.970001220703125,35.380001068115234,36.79999923706055
2004-03-23,62100,35.880001068115234,35.83000183105469,36.36000061035156,35.630001068115234,35.83000183105469
2004-03-22,45400,37.88999938964844,36.290000915527344,37.88999938964844,35.900001525878906,36.290000915527344
2004-03-19,74700,39.119998931884766,36.61000061035156,39.13999938964844,36.4900016784668,36.61000061035156
2004-03-18,51100,37.36000061035156,38.209999084472656,38.52000045776367,37.220001220703125,38.209999084472656
2004-03-17,125700,36.72999954223633,37.36000061035156,38.0,36.72999954223633,37.36000061035156
2004-03-16,137700,38.560001373291016,36.70000076293945,39.13999938964844,36.4900016784668,36.70000076293945
2004-03-15,56800,39.7400016784668,39.0,39.7400016784668,38.560001373291016,39.0
2004-03-12,166300,39.939998626708984,39.5,40.2599983215332,38.68000030517578,39.5
2004-03-11,566400,36.650001525878906,39.68000030517578,39.93000030517578,36.650001525878906,39.68000030517578
2004-03-10,95000,38.5,37.0,38.5,36.68000030517578,37.0
2004-03-09,109700,38.09000015258789,37.310001373291016,38.150001525878906,37.2400016784668,37.310001373291016
2004-03-08,84200,37.5,38.099998474121094,39.41999816894531,37.439998626708984,38.099998474121094
2004-03-05,55100,37.5,38.119998931884766,38.9900016784668,37.5,38.119998931884766
2004-03-04,100500,38.77000045776367,38.52000045776367,39.0,37.5,38.52000045776367
2004-03-03,42500,38.709999084472656,38.70000076293945,38.91999816894531,37.5,38.70000076293945
2004-03-02,61100,38.72999954223633,38.63999938964844,39.290000915527344,38.40999984741211,38.63999938964844
2004-03-01,37400,39.2599983215332,39.0,39.2599983215332,38.599998474121094,39.0
2004-02-27,80200,38.900001525878906,39.0,39.25,38.79999923706055,39.0
2004-02-26,57200,38.88999938964844,39.040000915527344,39.88999938964844,38.619998931884766,39.040000915527344
2004-02-25,66900,37.36000061035156,38.36000061035156,38.54999923706055,36.529998779296875,38.36000061035156
2004-02-24,138600,38.040000915527344,37.9900016784668,39.56999969482422,37.0,37.9900016784668
2004-02-23,89800,38.25,38.20000076293945,39.31999969482422,38.040000915527344,38.20000076293945
2004-02-20,39800,39.47999954223633,38.45000076293945,39.61000061035156,38.380001068115234,38.45000076293945
2004-02-19,69900,39.970001220703125,39.77000045776367,41.59000015258789,39.04999923706055,39.77000045776367
2004-02-18,34600,40.779998779296875,39.619998931884766,41.2400016784668,39.61000061035156,39.619998931884766
2004-02-17,107000,40.41999816894531,41.25,41.77000045776367,39.41999816894531,41.25
2004-02-13,33500,40.11000061035156,38.709999084472656,40.650001525878906,38.709999084472656,38.709999084472656
2004-02-12,94600,40.91999816894531,40.119998931884766,41.27000045776367,40.0,40.119998931884766
2004-02-11,54600,39.31999969482422,41.25,41.58000183105469,39.25,41.25
2004-02-10,65700,38.779998779296875,40.400001525878906,40.400001525878906,38.5,40.400001525878906
2004-02-09,26900,39.95000076293945,38.79999923706055,39.95000076293945,38.79999923706055,38.79999923706055
2004-02-06,61900,37.97999954223633,39.810001373291016,39.97999954223633,37.63999938964844,39.810001373291016
2004-02-05,280600,38.0,37.84000015258789,38.68000030517578,36.650001525878906,37.84000015258789
2004-02-04,109400,39.939998626708984,37.849998474121094,39.939998626708984,37.849998474121094,37.849998474121094
2004-02-03,176000,41.97999954223633,40.040000915527344,42.0,39.119998931884766,40.040000915527344
2004-02-02,39700,41.09000015258789,41.470001220703125,42.29999923706055,41.0,41.470001220703125
2004-01-30,51700,41.599998474121094,41.290000915527344,41.599998474121094,41.08000183105469,41.290000915527344
2004-01-29,116400,41.279998779296875,41.540000915527344,41.560001373291016,40.97999954223633,41.540000915527344
2004-01-28,46900,41.369998931884766,41.439998626708984,41.79999923706055,40.9900016784668,41.439998626708984
2004-01-27,77300,40.81999969482422,41.380001068115234,41.7599983215332,40.81999969482422,41.380001068115234
2004-01-26,188900,40.66999816894531,41.09000015258789,41.47999954223633,40.31999969482422,41.09000015258789
2004-01-23,102400,41.38999938964844,41.0,41.65999984741211,40.06999969482422,41.0
2004-01-22,90200,41.0,40.38999938964844,41.400001525878906,40.36000061035156,40.38999938964844
2004-01-21,19400,41.34000015258789,41.0,41.34000015258789,40.810001373291016,41.0
2004-01-20,62700,41.54999923706055,41.099998474121094,41.75,40.86000061035156,41.099998474121094
2004-01-16,36700,41.0099983215332,41.25,41.75,40.689998626708984,41.25
2004-01-15,60300,41.5,41.209999084472656,41.540000915527344,40.7599983215332,41.209999084472656
2004-01-14,35100,41.540000915527344,41.33000183105469,41.68000030517578,41.099998474121094,41.33000183105469
2004-01-13,86600,41.540000915527344,41.29999923706055,41.63999938964844,41.209999084472656,41.29999923706055
2004-01-12,77500,41.06999969482422,41.439998626708984,41.619998931884766,40.880001068115234,41.439998626708984
2004-01-09,73900,41.900001525878906,41.029998779296875,42.189998626708984,40.95000076293945,41.029998779296875
2004-01-08,86700,41.75,41.900001525878906,42.04999923706055,41.470001220703125,41.900001525878906
2004-01-07,92100,42.06999969482422,41.47999954223633,42.279998779296875,41.11000061035156,41.47999954223633
2004-01-06,71100,42.70000076293945,41.810001373291016,42.70000076293945,41.630001068115234,41.810001373291016
2004-01-05,60300,42.349998474121094,42.220001220703125,42.650001525878906,41.939998626708984,42.220001220703125
2004-01-02,45300,41.18000030517578,42.150001525878906,42.52000045776367,41.16999816894531,42.150001525878906
2003-12-31,98500,42.0,41.70000076293945,43.25,41.41999816894531,41.70000076293945
2003-12-30,107500,42.2400016784668,42.0,42.63999938964844,41.849998474121094,42.0
2003-12-29,151700,40.66999816894531,42.25,42.5,40.5,42.25
2003-12-26,10900,40.5,40.27000045776367,40.529998779296875,40.099998474121094,40.27000045776367
2003-12-24,18200,40.2599983215332,40.5,40.5,40.099998474121094,40.5
2003-12-23,183500,39.25,40.09000015258789,40.45000076293945,38.59000015258789,40.09000015258789
2003-12-22,66300,38.2400016784668,39.209999084472656,39.2400016784668,38.2400016784668,39.209999084472656
2003-12-19,83000,39.150001525878906,38.58000183105469,39.209999084472656,38.2599983215332,38.58000183105469
2003-12-18,87100,38.869998931884766,39.209999084472656,39.459999084472656,38.5099983215332,39.209999084472656
2003-12-17,89500,39.0099983215332,38.70000076293945,39.369998931884766,38.5,38.70000076293945
2003-12-16,107500,38.75,38.880001068115234,39.369998931884766,38.619998931884766,38.880001068115234
2003-12-15,140700,40.880001068115234,39.0099983215332,40.880001068115234,39.0,39.0099983215332
2003-12-12,89400,39.72999954223633,39.939998626708984,40.65999984741211,38.68000030517578,39.939998626708984
2003-12-11,68100,38.7599983215332,39.0,39.68000030517578,38.650001525878906,39.0
2003-12-10,87700,39.5,38.90999984741211,39.68000030517578,38.04999923706055,38.90999984741211
2003-12-09,84700,39.11000061035156,39.099998474121094,39.5,39.0099983215332,39.099998474121094
2003-12-08,128900,39.7400016784668,39.220001220703125,40.11000061035156,37.810001373291016,39.220001220703125
2003-12-05,63900,39.63999938964844,39.9900016784668,40.52000045776367,38.68000030517578,39.9900016784668
2003-12-04,197100,41.5,40.20000076293945,41.5,38.79999923706055,40.20000076293945
2003-12-03,64600,42.150001525878906,41.11000061035156,42.40999984741211,41.11000061035156,41.11000061035156
2003-12-02,108900,41.779998779296875,42.02000045776367,42.099998474121094,41.68000030517578,42.02000045776367
2003-12-01,86400,41.68000030517578,42.08000183105469,42.25,41.59000015258789,42.08000183105469
2003-11-28,40000,42.25,41.9900016784668,42.25,41.900001525878906,41.9900016784668
2003-11-26,53900,42.2400016784668,42.150001525878906,42.400001525878906,41.95000076293945,42.150001525878906
2003-11-25,65300,41.630001068115234,42.20000076293945,42.2400016784668,41.630001068115234,42.20000076293945
2003-11-24,219300,42.4900016784668,42.0,42.5,40.959999084472656,42.0
2003-11-21,159800,41.459999084472656,42.0,42.43000030517578,41.369998931884766,42.0
2003-11-20,98100,41.45000076293945,41.68000030517578,42.099998474121094,41.45000076293945,41.68000030517578
2003-11-19,137400,42.0,41.630001068115234,42.310001373291016,41.5,41.630001068115234
2003-11-18,78500,41.810001373291016,41.560001373291016,43.0,41.5,41.560001373291016
2003-11-17,102700,42.93000030517578,41.900001525878906,43.0,41.599998474121094,41.900001525878906
2003-11-14,91300,42.189998626708984,42.849998474121094,42.849998474121094,42.060001373291016,42.849998474121094
2003-11-13,109500,41.11000061035156,42.41999816894531,42.599998474121094,41.099998474121094,42.41999816894531
2003-11-12,73600,41.099998474121094,41.599998474121094,41.599998474121094,40.849998474121094,41.599998474121094
2003-11-11,150600,41.75,41.5,41.75,40.150001525878906,41.5
2003-11-10,139400,42.060001373291016,41.4900016784668,42.130001068115234,41.06999969482422,41.4900016784668
2003-11-07,202600,40.08000183105469,42.099998474121094,42.209999084472656,39.0,42.099998474121094
2003-11-06,200600,38.040000915527344,40.290000915527344,40.779998779296875,38.040000915527344,40.290000915527344
2003-11-05,143800,38.400001525878906,38.630001068115234,38.66999816894531,38.0,38.630001068115234
2003-11-04,189100,38.79999923706055,38.540000915527344,39.75,38.4900016784668,38.540000915527344
2003-11-03,203900,37.790000915527344,38.7400016784668,39.04999923706055,37.290000915527344,38.7400016784668
2003-10-31,323500,37.849998474121094,37.630001068115234,38.900001525878906,36.810001373291016,37.630001068115234
2003-10-30,301600,39.02000045776367,38.70000076293945,39.349998474121094,38.040000915527344,38.70000076293945
2003-10-29,1610700,35.36000061035156,38.880001068115234,39.70000076293945,35.290000915527344,38.880001068115234
2003-10-28,174900,33.25,34.70000076293945,34.70000076293945,32.61000061035156,34.70000076293945
2003-10-27,148100,32.88999938964844,33.029998779296875,33.5,32.439998626708984,33.029998779296875
2003-10-24,194500,31.0,32.099998474121094,32.7599983215332,30.700000762939453,32.099998474121094
2003-10-23,141500,30.950000762939453,31.219999313354492,31.489999771118164,30.68000030517578,31.219999313354492
2003-10-22,221400,30.790000915527344,30.950000762939453,31.100000381469727,30.780000686645508,30.950000762939453
2003-10-21,102100,31.600000381469727,31.350000381469727,31.600000381469727,30.979999542236328,31.350000381469727
2003-10-20,83900,31.549999237060547,31.459999084472656,31.75,31.0,31.459999084472656
2003-10-17,122500,31.079999923706055,31.75,32.0,30.770000457763672,31.75
2003-10-16,68800,31.0,31.079999923706055,31.25,30.530000686645508,31.079999923706055
2003-10-15,148500,29.799999237060547,30.3799991607666,30.81999969482422,29.329999923706055,30.3799991607666
2003-10-14,30900,29.93000030517578,29.739999771118164,30.049999237060547,29.68000030517578,29.739999771118164
2003-10-13,50900,29.360000610351562,29.8799991607666,30.299999237060547,29.1299991607666,29.8799991607666
2003-10-10,139100,29.25,29.18000030517578,29.350000381469727,28.450000762939453,29.18000030517578
2003-10-09,30300,28.690000534057617,27.959999084472656,29.200000762939453,27.889999389648438,27.959999084472656
2003-10-08,68100,27.149999618530273,28.709999084472656,29.139999389648438,27.149999618530273,28.709999084472656
2003-10-07,79000,27.010000228881836,27.649999618530273,27.65999984741211,26.709999084472656,27.649999618530273
2003-10-06,33500,27.790000915527344,27.149999618530273,27.790000915527344,26.649999618530273,27.149999618530273
2003-10-03,77100,27.010000228881836,27.510000228881836,27.8799991607666,27.010000228881836,27.510000228881836
2003-10-02,78500,27.170000076293945,26.889999389648438,27.260000228881836,26.200000762939453,26.889999389648438
2003-10-01,156500,26.09000015258789,27.25,27.309999465942383,25.989999771118164,27.25
2003-09-30,110100,26.399999618530273,26.15999984741211,26.600000381469727,25.899999618530273,26.15999984741211
2003-09-29,76000,25.850000381469727,26.489999771118164,26.93000030517578,25.729999542236328,26.489999771118164
2003-09-26,132800,26.1200008392334,26.06999969482422,26.639999389648438,25.75,26.06999969482422
2003-09-25,117100,27.010000228881836,26.280000686645508,28.549999237060547,26.280000686645508,26.280000686645508
2003-09-24,49600,27.920000076293945,27.010000228881836,28.1299991607666,25.799999237060547,27.010000228881836
2003-09-23,34700,28.059999465942383,28.149999618530273,28.149999618530273,27.709999084472656,28.149999618530273
2003-09-22,24100,29.0,28.229999542236328,29.139999389648438,27.8700008392334,28.229999542236328
2003-09-19,36900,28.59000015258789,29.260000228881836,29.729999542236328,28.059999465942383,29.260000228881836
2003-09-18,61400,28.329999923706055,28.25,29.459999084472656,27.75,28.25
2003-09-17,34700,29.469999313354492,28.899999618530273,29.469999313354492,28.059999465942383,28.899999618530273
2003-09-16,33500,28.520000457763672,29.59000015258789,29.6200008392334,28.520000457763672,29.59000015258789
2003-09-15,27600,27.850000381469727,28.5,28.5,27.850000381469727,28.5
2003-09-12,50200,29.040000915527344,27.84000015258789,29.040000915527344,27.829999923706055,27.84000015258789
2003-09-11,30500,29.040000915527344,29.15999984741211,29.31999969482422,28.959999084472656,29.15999984741211
2003-09-10,44000,29.649999618530273,29.040000915527344,30.190000534057617,29.010000228881836,29.040000915527344
2003-09-09,35300,30.200000762939453,29.65999984741211,30.450000762939453,29.600000381469727,29.65999984741211
2003-09-08,40100,29.600000381469727,30.5,30.709999084472656,29.600000381469727,30.5
2003-09-05,25900,30.059999465942383,29.600000381469727,30.420000076293945,29.600000381469727,29.600000381469727
2003-09-04,25600,30.889999389648438,30.059999465942383,30.889999389648438,29.799999237060547,30.059999465942383
2003-09-03,19200,31.190000534057617,31.059999465942383,31.469999313354492,30.610000610351562,31.059999465942383
2003-09-02,37500,29.579999923706055,31.079999923706055,31.15999984741211,29.520000457763672,31.079999923706055
2003-08-29,49300,30.059999465942383,29.770000457763672,30.110000610351562,29.770000457763672,29.770000457763672
2003-08-28,67300,29.899999618530273,30.18000030517578,30.18000030517578,29.899999618530273,30.18000030517578
2003-08-27,24100,29.520000457763672,29.790000915527344,29.899999618530273,29.520000457763672,29.790000915527344
2003-08-26,32900,29.670000076293945,29.610000610351562,29.809999465942383,29.450000762939453,29.610000610351562
2003-08-25,34200,29.75,29.8799991607666,29.979999542236328,29.729999542236328,29.8799991607666
2003-08-22,52400,30.1200008392334,29.950000762939453,30.3799991607666,29.799999237060547,29.950000762939453
2003-08-21,48700,30.299999237060547,30.010000228881836,30.420000076293945,29.899999618530273,30.010000228881836
2003-08-20,26700,31.190000534057617,30.229999542236328,31.190000534057617,30.040000915527344,30.229999542236328
2003-08-19,28000,31.780000686645508,30.950000762939453,31.829999923706055,30.860000610351562,30.950000762939453
2003-08-18,48000,31.450000762939453,31.600000381469727,31.75,31.049999237060547,31.600000381469727
2003-08-15,10200,31.260000228881836,30.8799991607666,31.5,30.8799991607666,30.8799991607666
2003-08-14,63400,31.229999542236328,31.399999618530273,31.399999618530273,30.8799991607666,31.399999618530273
2003-08-13,56400,31.40999984741211,31.0,31.40999984741211,30.600000381469727,31.0
2003-08-12,54500,30.15999984741211,31.479999542236328,31.489999771118164,30.15999984741211,31.479999542236328
2003-08-11,43600,30.229999542236328,30.280000686645508,30.459999084472656,29.950000762939453,30.280000686645508
2003-08-08,66800,29.93000030517578,30.0,30.530000686645508,29.84000015258789,30.0
2003-08-07,98700,28.979999542236328,30.030000686645508,30.059999465942383,28.979999542236328,30.030000686645508
2003-08-06,59800,28.200000762939453,29.5,29.520000457763672,28.200000762939453,29.5
2003-08-05,55700,28.979999542236328,28.440000534057617,28.979999542236328,28.25,28.440000534057617
2003-08-04,36900,29.34000015258789,29.040000915527344,29.899999618530273,28.8799991607666,29.040000915527344
2003-08-01,118900,30.200000762939453,29.579999923706055,30.610000610351562,28.950000762939453,29.579999923706055
2003-07-31,62800,29.0,30.329999923706055,31.0,29.0,30.329999923706055
2003-07-30,93400,31.06999969482422,29.399999618530273,31.649999618530273,29.100000381469727,29.399999618530273
2003-07-29,79100,31.309999465942383,31.760000228881836,32.0,31.0,31.760000228881836
2003-07-28,69000,29.799999237060547,31.25,31.25,29.799999237060547,31.25
2003-07-25,73100,30.56999969482422,30.059999465942383,30.68000030517578,29.81999969482422,30.059999465942383
2003-07-24,18100,30.579999923706055,30.049999237060547,30.579999923706055,30.049999237060547,30.049999237060547
2003-07-23,67000,28.790000915527344,30.06999969482422,30.639999389648438,28.68000030517578,30.06999969482422
2003-07-22,28400,28.420000076293945,28.940000534057617,28.940000534057617,28.0,28.940000534057617
2003-07-21,85500,29.899999618530273,28.309999465942383,29.899999618530273,27.799999237060547,28.309999465942383
2003-07-18,17400,29.350000381469727,29.81999969482422,30.0,29.350000381469727,29.81999969482422
2003-07-17,58800,29.90999984741211,29.350000381469727,30.760000228881836,29.09000015258789,29.350000381469727
2003-07-16,51300,31.049999237060547,30.280000686645508,31.139999389648438,29.899999618530273,30.280000686645508
2003-07-15,45400,31.0,30.889999389648438,31.0,30.600000381469727,30.889999389648438
2003-07-14,32900,30.25,30.989999771118164,31.0,30.25,30.989999771118164
2003-07-11,55800,30.3700008392334,30.68000030517578,30.8799991607666,30.049999237060547,30.68000030517578
2003-07-10,22600,31.8799991607666,30.670000076293945,31.8799991607666,30.440000534057617,30.670000076293945
2003-07-09,63400,31.549999237060547,31.899999618530273,31.979999542236328,30.75,31.899999618530273
2003-07-08,37600,31.25,31.3799991607666,31.649999618530273,31.239999771118164,31.3799991607666
2003-07-07,95700,29.700000762939453,31.3700008392334,31.8799991607666,29.700000762939453,31.3700008392334
2003-07-03,48700,29.549999237060547,30.229999542236328,30.450000762939453,28.450000762939453,30.229999542236328
2003-07-02,130700,29.829999923706055,29.739999771118164,30.0,28.809999465942383,29.739999771118164
2003-07-01,66200,29.809999465942383,30.139999389648438,30.139999389648438,28.959999084472656,30.139999389648438
2003-06-30,48600,29.549999237060547,29.68000030517578,29.93000030517578,29.270000457763672,29.68000030517578
2003-06-27,63400,29.850000381469727,29.809999465942383,29.920000076293945,29.510000228881836,29.809999465942383
2003-06-26,51700,29.6299991607666,29.850000381469727,30.100000381469727,29.399999618530273,29.850000381469727
2003-06-25,70900,28.350000381469727,29.59000015258789,30.149999618530273,28.0,29.59000015258789
2003-06-24,41800,28.420000076293945,28.850000381469727,29.09000015258789,27.860000610351562,28.850000381469727
2003-06-23,73700,29.549999237060547,28.1200008392334,29.549999237060547,27.860000610351562,28.1200008392334
2003-06-20,34200,29.0,28.959999084472656,29.600000381469727,28.809999465942383,28.959999084472656
2003-06-19,66200,30.5,28.979999542236328,30.5,28.770000457763672,28.979999542236328
2003-06-18,174500,29.5,30.540000915527344,31.219999313354492,28.790000915527344,30.540000915527344
2003-06-17,193700,30.190000534057617,29.0,30.25,28.670000076293945,29.0
2003-06-16,117800,29.719999313354492,30.059999465942383,30.059999465942383,29.25,30.059999465942383
2003-06-13,53500,30.3799991607666,29.549999237060547,30.3799991607666,29.399999618530273,29.549999237060547
2003-06-12,128800,30.0,30.239999771118164,30.290000915527344,29.780000686645508,30.239999771118164
2003-06-11,91800,29.3799991607666,29.850000381469727,29.850000381469727,28.709999084472656,29.850000381469727
2003-06-10,30100,28.040000915527344,29.110000610351562,29.25,27.610000610351562,29.110000610351562
2003-06-09,62500,28.450000762939453,27.979999542236328,28.450000762939453,27.450000762939453,27.979999542236328
2003-06-06,88400,28.75,28.829999923706055,29.200000762939453,28.350000381469727,28.829999923706055
2003-06-05,32700,28.75,28.729999542236328,28.75,28.059999465942383,28.729999542236328
2003-06-04,84000,28.139999389648438,28.469999313354492,28.600000381469727,27.920000076293945,28.469999313354492
2003-06-03,97700,27.510000228881836,28.0,28.350000381469727,27.510000228881836,28.0
2003-06-02,47400,28.5,27.530000686645508,28.540000915527344,27.530000686645508,27.530000686645508
2003-05-30,147600,28.549999237060547,28.15999984741211,28.549999237060547,27.81999969482422,28.15999984741211
2003-05-29,160100,27.690000534057617,29.0,29.290000915527344,27.010000228881836,29.0
2003-05-28,156100,25.389999389648438,27.68000030517578,27.700000762939453,25.389999389648438,27.68000030517578
2003-05-27,144900,24.139999389648438,25.149999618530273,25.309999465942383,23.899999618530273,25.149999618530273
2003-05-23,11200,24.31999969482422,24.270000457763672,24.350000381469727,23.68000030517578,24.270000457763672
2003-05-22,18200,24.219999313354492,24.3799991607666,24.489999771118164,23.790000915527344,24.3799991607666
2003-05-21,43600,22.5,24.399999618530273,24.399999618530273,22.5,24.399999618530273
2003-05-20,45000,22.440000534057617,23.469999313354492,23.700000762939453,22.200000762939453,23.469999313354492
2003-05-19,29100,23.190000534057617,22.459999084472656,23.389999389648438,22.459999084472656,22.459999084472656
2003-05-16,27300,23.34000015258789,22.81999969482422,23.829999923706055,22.770000457763672,22.81999969482422
2003-05-15,8700,23.739999771118164,23.75,24.0,23.520000457763672,23.75
2003-05-14,13100,23.940000534057617,23.739999771118164,23.959999084472656,23.739999771118164,23.739999771118164
2003-05-13,42700,24.290000915527344,23.93000030517578,24.290000915527344,23.780000686645508,23.93000030517578
2003-05-12,9700,24.229999542236328,24.219999313354492,24.350000381469727,24.09000015258789,24.219999313354492
2003-05-09,28100,23.899999618530273,24.09000015258789,24.149999618530273,23.899999618530273,24.09000015258789
2003-05-08,18600,24.0,23.850000381469727,24.06999969482422,23.799999237060547,23.850000381469727
2003-05-07,9100,24.020000457763672,24.0,24.299999237060547,24.0,24.0
2003-05-06,76100,23.540000915527344,24.149999618530273,24.440000534057617,23.540000915527344,24.149999618530273
2003-05-05,31000,23.020000457763672,23.440000534057617,23.719999313354492,22.93000030517578,23.440000534057617
2003-05-02,29000,21.979999542236328,23.0,23.0,21.81999969482422,23.0
2003-05-01,47000,22.06999969482422,21.850000381469727,22.290000915527344,21.1200008392334,21.850000381469727
2003-04-30,75200,22.459999084472656,22.260000228881836,22.5,22.149999618530273,22.260000228881836
2003-04-29,35900,22.75,22.459999084472656,22.75,22.360000610351562,22.459999084472656
2003-04-28,78700,23.149999618530273,22.489999771118164,23.200000762939453,22.06999969482422,22.489999771118164
2003-04-25,129000,24.559999465942383,22.90999984741211,24.559999465942383,22.809999465942383,22.90999984741211
2003-04-24,57900,24.40999984741211,24.530000686645508,25.0,24.0,24.530000686645508
2003-04-23,23700,24.0,24.3799991607666,24.3799991607666,23.790000915527344,24.3799991607666
2003-04-22,17800,23.450000762939453,23.889999389648438,24.0,23.360000610351562,23.889999389648438
2003-04-21,33100,23.139999389648438,23.3799991607666,23.450000762939453,23.139999389648438,23.3799991607666
2003-04-17,51800,23.530000686645508,23.110000610351562,23.56999969482422,23.020000457763672,23.110000610351562
2003-04-16,35800,23.049999237060547,23.399999618530273,23.399999618530273,22.790000915527344,23.399999618530273
2003-04-15,48600,22.610000610351562,23.309999465942383,23.34000015258789,22.530000686645508,23.309999465942383
2003-04-14,44700,21.3700008392334,22.81999969482422,22.81999969482422,21.190000534057617,22.81999969482422
2003-04-11,108000,21.920000076293945,21.270000457763672,22.059999465942383,21.260000228881836,21.270000457763672
2003-04-10,23900,22.059999465942383,21.850000381469727,22.059999465942383,21.809999465942383,21.850000381469727
2003-04-09,36900,22.450000762939453,21.790000915527344,22.469999313354492,21.790000915527344,21.790000915527344
2003-04-08,104300,23.760000228881836,22.459999084472656,24.0,22.239999771118164,22.459999084472656
2003-04-07,115800,24.149999618530273,24.09000015258789,24.920000076293945,23.850000381469727,24.09000015258789
2003-04-04,125900,23.290000915527344,23.950000762939453,23.950000762939453,23.149999618530273,23.950000762939453
2003-04-03,70300,22.989999771118164,23.170000076293945,23.25,22.790000915527344,23.170000076293945
2003-04-02,31800,22.020000457763672,22.889999389648438,22.979999542236328,22.020000457763672,22.889999389648438
2003-04-01,36500,22.049999237060547,22.0,22.049999237060547,21.610000610351562,22.0
2003-03-31,50500,22.450000762939453,22.049999237060547,22.459999084472656,22.049999237060547,22.049999237060547
2003-03-28,23300,22.610000610351562,22.649999618530273,22.690000534057617,22.3700008392334,22.649999618530273
2003-03-27,22500,22.520000457763672,22.5,22.670000076293945,22.459999084472656,22.5
2003-03-26,27100,22.6200008392334,22.59000015258789,22.790000915527344,22.440000534057617,22.59000015258789
2003-03-25,20800,22.520000457763672,22.6200008392334,22.6200008392334,22.290000915527344,22.6200008392334
2003-03-24,38800,22.350000381469727,22.450000762939453,22.520000457763672,22.290000915527344,22.450000762939453
2003-03-21,47000,22.43000030517578,22.559999465942383,22.559999465942383,22.31999969482422,22.559999465942383
2003-03-20,23500,21.329999923706055,22.299999237060547,22.350000381469727,21.299999237060547,22.299999237060547
2003-03-19,30500,21.350000381469727,21.6200008392334,21.6200008392334,21.010000228881836,21.6200008392334
2003-03-18,113800,20.020000457763672,21.280000686645508,21.280000686645508,20.0,21.280000686645508
2003-03-17,126300,20.739999771118164,20.0,20.739999771118164,20.0,20.0
2003-03-14,33100,20.649999618530273,21.0,21.049999237060547,20.459999084472656,21.0
2003-03-13,25300,20.450000762939453,21.030000686645508,21.139999389648438,20.3799991607666,21.030000686645508
2003-03-12,8400,20.260000228881836,20.3700008392334,20.489999771118164,20.18000030517578,20.3700008392334
2003-03-11,25600,20.440000534057617,20.31999969482422,20.889999389648438,20.229999542236328,20.31999969482422
2003-03-10,13900,20.18000030517578,20.610000610351562,20.729999542236328,20.18000030517578,20.610000610351562
2003-03-07,64800,20.0,20.579999923706055,21.0,20.0,20.579999923706055
2003-03-06,22700,20.020000457763672,20.3700008392334,20.40999984741211,19.959999084472656,20.3700008392334
2003-03-05,22000,20.3700008392334,20.350000381469727,20.399999618530273,20.0,20.350000381469727
2003-03-04,33000,20.600000381469727,20.40999984741211,20.799999237060547,20.40999984741211,20.40999984741211
2003-03-03,61500,20.84000015258789,20.600000381469727,20.84000015258789,20.520000457763672,20.600000381469727
2003-02-28,46600,20.639999389648438,20.600000381469727,20.770000457763672,19.959999084472656,20.600000381469727
2003-02-27,60900,20.139999389648438,20.649999618530273,20.90999984741211,20.1299991607666,20.649999618530273
2003-02-26,65200,19.940000534057617,20.209999084472656,20.209999084472656,19.90999984741211,20.209999084472656
2003-02-25,62200,19.950000762939453,20.049999237060547,20.049999237060547,19.799999237060547,20.049999237060547
2003-02-24,24200,19.989999771118164,20.0,20.1299991607666,19.950000762939453,20.0
2003-02-21,13000,20.049999237060547,20.1299991607666,20.1299991607666,19.850000381469727,20.1299991607666
2003-02-20,21000,20.0,20.139999389648438,20.299999237060547,20.0,20.139999389648438
2003-02-19,4100,20.139999389648438,20.040000915527344,20.260000228881836,19.920000076293945,20.040000915527344
2003-02-18,7600,19.280000686645508,20.110000610351562,20.190000534057617,19.280000686645508,20.110000610351562
2003-02-14,19600,18.420000076293945,19.440000534057617,19.450000762939453,18.420000076293945,19.440000534057617
2003-02-13,13200,18.84000015258789,18.540000915527344,18.850000381469727,18.25,18.540000915527344
2003-02-12,10300,18.030000686645508,18.829999923706055,18.829999923706055,18.030000686645508,18.829999923706055
2003-02-11,13900,18.579999923706055,18.350000381469727,18.579999923706055,18.139999389648438,18.350000381469727
2003-02-10,25800,18.139999389648438,18.610000610351562,18.989999771118164,17.950000762939453,18.610000610351562
2003-02-07,36100,18.93000030517578,18.25,18.93000030517578,18.239999771118164,18.25
2003-02-06,25300,19.06999969482422,18.950000762939453,19.100000381469727,18.75,18.950000762939453
2003-02-05,62600,19.8799991607666,18.920000076293945,19.8799991607666,18.899999618530273,18.920000076293945
2003-02-04,27900,20.0,20.079999923706055,20.100000381469727,19.889999389648438,20.079999923706055
2003-02-03,17100,20.100000381469727,20.079999923706055,20.3700008392334,20.030000686645508,20.079999923706055
2003-01-31,16200,20.399999618530273,20.149999618530273,20.450000762939453,20.0,20.149999618530273
2003-01-30,17600,20.739999771118164,20.59000015258789,20.969999313354492,20.59000015258789,20.59000015258789
2003-01-29,21600,20.0,20.899999618530273,21.0,20.0,20.899999618530273
2003-01-28,10000,20.040000915527344,20.299999237060547,20.299999237060547,19.799999237060547,20.299999237060547
2003-01-27,15200,19.5,19.790000915527344,19.989999771118164,19.450000762939453,19.790000915527344
2003-01-24,11500,20.40999984741211,19.510000228881836,20.40999984741211,19.420000076293945,19.510000228881836
2003-01-23,26800,20.200000762939453,20.31999969482422,20.600000381469727,20.0,20.31999969482422
2003-01-22,17100,20.0,20.020000457763672,20.170000076293945,19.75,20.020000457763672
2003-01-21,23500,20.360000610351562,20.100000381469727,20.360000610351562,20.100000381469727,20.100000381469727
2003-01-17,25100,20.31999969482422,20.170000076293945,20.34000015258789,20.100000381469727,20.170000076293945
2003-01-16,22300,20.059999465942383,20.31999969482422,20.329999923706055,20.049999237060547,20.31999969482422
2003-01-15,29600,20.09000015258789,20.299999237060547,20.299999237060547,19.90999984741211,20.299999237060547
2003-01-14,34800,19.950000762939453,20.190000534057617,20.59000015258789,19.950000762939453,20.190000534057617
2003-01-13,106800,19.850000381469727,20.010000228881836,21.299999237060547,19.850000381469727,20.010000228881836
2003-01-10,48200,18.489999771118164,19.5,19.940000534057617,18.440000534057617,19.5
2003-01-09,8500,18.0,18.479999542236328,18.479999542236328,18.0,18.479999542236328
2003-01-08,27600,17.799999237060547,17.860000610351562,18.540000915527344,17.739999771118164,17.860000610351562
2003-01-07,17400,17.889999389648438,17.8799991607666,17.889999389648438,17.68000030517578,17.8799991607666
2003-01-06,13400,17.799999237060547,18.1200008392334,18.149999618530273,17.649999618530273,18.1200008392334
2003-01-03,33400,17.989999771118164,17.809999465942383,18.3799991607666,17.6299991607666,17.809999465942383
2003-01-02,41700,19.139999389648438,17.770000457763672,19.139999389648438,17.75,17.770000457763672
2002-12-31,71100,17.399999618530273,18.450000762939453,19.25,17.290000915527344,18.450000762939453
2002-12-30,24000,17.40999984741211,17.610000610351562,17.75,17.170000076293945,17.610000610351562
2002-12-27,18500,17.329999923706055,17.670000076293945,17.670000076293945,16.979999542236328,17.670000076293945
2002-12-26,102200,17.0,17.270000457763672,17.520000457763672,16.969999313354492,17.270000457763672
2002-12-24,16900,17.1200008392334,17.110000610351562,17.31999969482422,17.0,17.110000610351562
2002-12-23,28500,17.059999465942383,17.1299991607666,17.56999969482422,17.059999465942383,17.1299991607666
2002-12-20,55700,17.920000076293945,17.270000457763672,18.280000686645508,17.0,17.270000457763672
2002-12-19,81400,17.809999465942383,17.510000228881836,18.469999313354492,17.510000228881836,17.510000228881836
2002-12-18,60700,18.40999984741211,17.889999389648438,18.420000076293945,17.65999984741211,17.889999389648438
2002-12-17,14300,18.610000610351562,18.40999984741211,18.889999389648438,18.399999618530273,18.40999984741211
2002-12-16,27500,18.559999465942383,18.610000610351562,18.639999389648438,18.329999923706055,18.610000610351562
2002-12-13,12500,19.040000915527344,18.6200008392334,19.040000915527344,18.6200008392334,18.6200008392334
2002-12-12,23800,18.100000381469727,19.040000915527344,19.049999237060547,18.010000228881836,19.040000915527344
2002-12-11,20500,17.670000076293945,18.059999465942383,18.100000381469727,17.469999313354492,18.059999465942383
2002-12-10,7100,17.309999465942383,17.549999237060547,17.729999542236328,17.25,17.549999237060547
2002-12-09,64000,18.0,17.25,18.010000228881836,17.25,17.25
2002-12-06,10000,18.280000686645508,17.959999084472656,18.280000686645508,17.950000762939453,17.959999084472656
2002-12-05,13800,19.170000076293945,18.290000915527344,19.170000076293945,18.260000228881836,18.290000915527344
2002-12-04,23700,18.31999969482422,19.010000228881836,19.209999084472656,18.209999084472656,19.010000228881836
2002-12-03,12500,18.290000915527344,18.5,18.549999237060547,18.0,18.5
2002-12-02,32900,17.549999237060547,18.280000686645508,18.790000915527344,17.549999237060547,18.280000686645508
2002-11-29,16300,17.639999389648438,17.989999771118164,18.0,17.219999313354492,17.989999771118164
2002-11-27,49000,17.530000686645508,17.610000610351562,17.989999771118164,17.15999984741211,17.610000610351562
2002-11-26,63000,19.079999923706055,17.549999237060547,19.280000686645508,17.530000686645508,17.549999237060547
2002-11-25,25100,18.469999313354492,19.280000686645508,19.489999771118164,18.299999237060547,19.280000686645508
2002-11-22,15800,18.3799991607666,18.920000076293945,18.920000076293945,18.360000610351562,18.920000076293945
2002-11-21,45500,17.34000015258789,18.389999389648438,18.420000076293945,17.31999969482422,18.389999389648438
2002-11-20,12700,17.010000228881836,17.34000015258789,17.34000015258789,16.989999771118164,17.34000015258789
2002-11-19,14000,16.950000762939453,17.0,17.1200008392334,16.850000381469727,17.0
2002-11-18,19500,17.350000381469727,16.950000762939453,17.350000381469727,16.860000610351562,16.950000762939453
2002-11-15,6100,17.43000030517578,17.350000381469727,17.5,17.350000381469727,17.350000381469727
2002-11-14,19500,17.290000915527344,17.399999618530273,17.739999771118164,16.75,17.399999618530273
2002-11-13,41600,17.5,16.940000534057617,17.639999389648438,16.809999465942383,16.940000534057617
2002-11-12,17700,16.270000457763672,17.1200008392334,17.479999542236328,16.270000457763672,17.1200008392334
2002-11-11,87600,16.75,16.270000457763672,16.75,16.100000381469727,16.270000457763672
2002-11-08,15300,16.549999237060547,16.75,16.940000534057617,16.5,16.75
2002-11-07,35700,16.989999771118164,16.329999923706055,17.229999542236328,16.309999465942383,16.329999923706055
2002-11-06,128900,16.040000915527344,16.68000030517578,17.190000534057617,16.040000915527344,16.68000030517578
2002-11-05,72800,15.979999542236328,16.049999237060547,16.649999618530273,15.859999656677246,16.049999237060547
2002-11-04,31900,16.34000015258789,16.149999618530273,16.34000015258789,15.930000305175781,16.149999618530273
2002-11-01,70400,16.25,16.399999618530273,16.520000457763672,15.979999542236328,16.399999618530273
2002-10-31,205600,15.899999618530273,16.350000381469727,16.450000762939453,15.899999618530273,16.350000381469727
2002-10-30,27200,16.049999237060547,15.899999618530273,16.049999237060547,15.84000015258789,15.899999618530273
2002-10-29,185100,16.399999618530273,16.0,16.399999618530273,15.899999618530273,16.0
2002-10-28,41000,17.25,16.540000915527344,17.6200008392334,16.40999984741211,16.540000915527344
2002-10-25,89800,17.489999771118164,17.25,17.540000915527344,17.0,17.25
2002-10-24,369700,18.020000457763672,17.479999542236328,18.020000457763672,17.209999084472656,17.479999542236328
2002-10-23,37200,17.68000030517578,17.719999313354492,18.25,17.59000015258789,17.719999313354492
2002-10-22,104800,18.139999389648438,17.75,18.139999389648438,17.3700008392334,17.75
2002-10-21,19200,18.690000534057617,18.239999771118164,18.690000534057617,18.190000534057617,18.239999771118164
2002-10-18,39100,17.93000030517578,18.440000534057617,18.799999237060547,17.93000030517578,18.440000534057617
2002-10-17,46100,17.079999923706055,17.93000030517578,18.149999618530273,17.079999923706055,17.93000030517578
2002-10-16,6700,16.959999084472656,17.100000381469727,17.100000381469727,16.780000686645508,17.100000381469727
2002-10-15,128500,17.209999084472656,17.0,17.510000228881836,16.75,17.0
2002-10-14,64000,16.56999969482422,17.200000762939453,17.209999084472656,16.489999771118164,17.200000762939453
2002-10-11,31500,16.5,16.540000915527344,16.690000534057617,16.360000610351562,16.540000915527344
2002-10-10,48100,16.350000381469727,16.65999984741211,16.65999984741211,16.200000762939453,16.65999984741211
2002-10-09,35900,16.5,16.200000762939453,16.790000915527344,16.200000762939453,16.200000762939453
2002-10-08,11700,16.5,16.770000457763672,16.8700008392334,16.450000762939453,16.770000457763672
2002-10-07,43600,16.399999618530273,16.56999969482422,16.700000762939453,16.399999618530273,16.56999969482422
2002-10-04,14000,16.780000686645508,16.309999465942383,16.790000915527344,16.299999237060547,16.309999465942383
2002-10-03,55700,16.799999237060547,16.709999084472656,16.950000762939453,16.600000381469727,16.709999084472656
2002-10-02,40600,16.950000762939453,16.729999542236328,16.950000762939453,16.729999542236328,16.729999542236328
2002-10-01,57700,18.0,16.940000534057617,18.0,16.56999969482422,16.940000534057617
2002-09-30,45100,17.760000228881836,18.0,18.0,17.600000381469727,18.0
2002-09-27,26600,18.350000381469727,18.1299991607666,18.450000762939453,17.799999237060547,18.1299991607666
2002-09-26,46800,18.100000381469727,18.049999237060547,18.5,17.75,18.049999237060547
2002-09-25,55900,18.31999969482422,17.93000030517578,18.489999771118164,17.93000030517578,17.93000030517578
2002-09-24,93700,17.899999618530273,18.0,18.149999618530273,17.899999618530273,18.0
2002-09-23,40400,17.700000762939453,18.0,18.0,17.700000762939453,18.0
2002-09-20,86400,18.100000381469727,17.81999969482422,18.200000762939453,17.700000762939453,17.81999969482422
2002-09-19,47200,18.049999237060547,17.260000228881836,18.229999542236328,17.260000228881836,17.260000228881836
2002-09-18,105300,19.25,18.149999618530273,19.350000381469727,18.040000915527344,18.149999618530273
2002-09-17,66300,20.489999771118164,19.350000381469727,20.489999771118164,19.290000915527344,19.350000381469727
2002-09-16,27900,20.600000381469727,20.209999084472656,20.600000381469727,20.020000457763672,20.209999084472656
2002-09-13,25500,20.649999618530273,20.610000610351562,21.09000015258789,20.610000610351562,20.610000610351562
2002-09-12,72300,22.18000030517578,20.84000015258789,22.18000030517578,20.610000610351562,20.84000015258789
2002-09-11,44800,22.549999237060547,22.18000030517578,22.809999465942383,22.18000030517578,22.18000030517578
2002-09-10,20500,22.799999237060547,22.59000015258789,22.860000610351562,22.489999771118164,22.59000015258789
2002-09-09,70900,24.489999771118164,22.8700008392334,24.520000457763672,22.729999542236328,22.8700008392334
2002-09-06,11900,24.0,24.5,24.5,24.0,24.5
2002-09-05,34300,24.25,24.0,24.350000381469727,23.489999771118164,24.0
2002-09-04,118100,23.8700008392334,24.299999237060547,24.34000015258789,23.469999313354492,24.299999237060547
2002-09-03,33500,24.040000915527344,23.899999618530273,24.18000030517578,23.600000381469727,23.899999618530273
2002-08-30,97900,24.09000015258789,24.09000015258789,24.479999542236328,23.989999771118164,24.09000015258789
2002-08-29,39900,23.399999618530273,24.049999237060547,24.1200008392334,23.389999389648438,24.049999237060547
2002-08-28,42600,23.5,23.389999389648438,24.18000030517578,23.200000762939453,23.389999389648438
2002-08-27,37900,23.790000915527344,23.809999465942383,24.010000228881836,23.5,23.809999465942383
2002-08-26,22500,22.799999237060547,23.989999771118164,24.0,22.469999313354492,23.989999771118164
2002-08-23,38800,23.020000457763672,23.0,23.25,22.899999618530273,23.0
2002-08-22,45600,23.600000381469727,23.90999984741211,24.0,23.0,23.90999984741211
2002-08-21,102400,22.700000762939453,23.700000762939453,24.0,22.700000762939453,23.700000762939453
2002-08-20,115500,22.260000228881836,22.489999771118164,23.25,22.239999771118164,22.489999771118164
2002-08-19,33100,20.760000228881836,22.299999237060547,22.299999237060547,20.760000228881836,22.299999237060547
2002-08-16,13700,21.350000381469727,20.760000228881836,21.81999969482422,20.760000228881836,20.760000228881836
2002-08-15,25600,21.6299991607666,21.260000228881836,22.0,21.219999313354492,21.260000228881836
2002-08-14,16500,20.93000030517578,21.649999618530273,21.649999618530273,19.899999618530273,21.649999618530273
2002-08-13,41000,21.280000686645508,20.940000534057617,21.280000686645508,20.489999771118164,20.940000534057617
2002-08-12,24500,21.59000015258789,21.59000015258789,21.75,20.989999771118164,21.59000015258789
2002-08-09,49800,20.75,21.600000381469727,21.600000381469727,20.5,21.600000381469727
2002-08-08,38100,19.600000381469727,20.729999542236328,20.75,19.600000381469727,20.729999542236328
2002-08-07,29900,19.809999465942383,19.610000610351562,20.5,19.079999923706055,19.610000610351562
2002-08-06,31900,20.18000030517578,19.709999084472656,20.190000534057617,19.610000610351562,19.709999084472656
2002-08-05,58700,19.360000610351562,19.719999313354492,20.100000381469727,19.360000610351562,19.719999313354492
2002-08-02,46100,20.5,19.350000381469727,20.600000381469727,19.309999465942383,19.350000381469727
2002-08-01,16200,21.18000030517578,20.709999084472656,22.18000030517578,20.649999618530273,20.709999084472656
2002-07-31,95600,21.649999618530273,21.0,21.649999618530273,20.959999084472656,21.0
2002-07-30,46800,21.170000076293945,21.979999542236328,21.979999542236328,20.6200008392334,21.979999542236328
2002-07-29,90000,21.799999237060547,21.600000381469727,21.799999237060547,21.43000030517578,21.600000381469727
2002-07-26,31500,21.299999237060547,21.600000381469727,21.600000381469727,21.25,21.600000381469727
2002-07-25,30000,20.75,21.149999618530273,22.469999313354492,20.459999084472656,21.149999618530273
2002-07-24,88800,18.700000762939453,21.299999237060547,21.43000030517578,18.56999969482422,21.299999237060547
2002-07-23,61300,19.239999771118164,18.950000762939453,19.25,18.540000915527344,18.950000762939453
2002-07-22,59800,19.270000457763672,19.15999984741211,19.270000457763672,18.809999465942383,19.15999984741211
2002-07-19,29000,19.850000381469727,18.81999969482422,20.65999984741211,18.799999237060547,18.81999969482422
2002-07-18,16700,20.200000762939453,20.010000228881836,20.600000381469727,19.979999542236328,20.010000228881836
2002-07-17,11600,20.020000457763672,20.59000015258789,20.59000015258789,19.979999542236328,20.59000015258789
2002-07-16,28600,19.649999618530273,20.170000076293945,20.299999237060547,19.309999465942383,20.170000076293945
2002-07-15,59500,19.100000381469727,20.18000030517578,20.190000534057617,18.950000762939453,20.18000030517578
2002-07-12,44300,18.639999389648438,19.309999465942383,19.860000610351562,18.639999389648438,19.309999465942383
2002-07-11,115700,18.299999237060547,19.0,19.299999237060547,18.290000915527344,19.0
2002-07-10,29700,18.610000610351562,18.6299991607666,19.399999618530273,18.100000381469727,18.6299991607666
2002-07-09,19600,18.360000610351562,18.510000228881836,18.510000228881836,17.84000015258789,18.510000228881836
2002-07-08,27700,18.350000381469727,17.950000762939453,18.360000610351562,17.899999618530273,17.950000762939453
2002-07-05,72500,17.610000610351562,18.350000381469727,18.350000381469727,17.299999237060547,18.350000381469727
2002-07-03,49400,17.75,17.399999618530273,17.75,17.110000610351562,17.399999618530273
2002-07-02,37900,18.530000686645508,17.959999084472656,19.600000381469727,17.75,17.959999084472656
2002-07-01,54700,19.739999771118164,19.209999084472656,20.239999771118164,18.600000381469727,19.209999084472656
2002-06-28,69000,20.0,20.530000686645508,21.030000686645508,19.75,20.530000686645508
2002-06-27,68300,20.770000457763672,20.0,21.100000381469727,19.600000381469727,20.0
2002-06-26,56000,20.709999084472656,20.75,21.31999969482422,20.5,20.75
2002-06-25,47200,21.420000076293945,20.81999969482422,21.420000076293945,20.739999771118164,20.81999969482422
2002-06-24,47100,21.420000076293945,21.0,21.420000076293945,20.649999618530273,21.0
2002-06-21,52500,20.959999084472656,21.389999389648438,21.399999618530273,20.860000610351562,21.389999389648438
2002-06-20,68000,21.3799991607666,20.850000381469727,21.5,20.600000381469727,20.850000381469727
2002-06-19,35500,20.799999237060547,21.0,21.969999313354492,20.799999237060547,21.0
2002-06-18,110700,21.049999237060547,21.0,21.5,20.799999237060547,21.0
2002-06-17,165000,21.079999923706055,21.0,21.079999923706055,20.600000381469727,21.0
2002-06-14,76900,21.049999237060547,21.049999237060547,21.049999237060547,20.780000686645508,21.049999237060547
2002-06-13,36200,21.049999237060547,21.0,21.059999465942383,20.610000610351562,21.0
2002-06-12,58800,21.049999237060547,21.079999923706055,21.100000381469727,20.75,21.079999923706055
2002-06-11,44700,21.309999465942383,20.950000762939453,21.31999969482422,20.5,20.950000762939453
2002-06-10,54600,21.209999084472656,21.5,21.5,21.209999084472656,21.5
2002-06-07,29400,20.190000534057617,21.1299991607666,21.18000030517578,20.100000381469727,21.1299991607666
2002-06-06,58200,20.700000762939453,20.399999618530273,21.520000457763672,19.950000762939453,20.399999618530273
2002-06-05,23300,20.299999237060547,20.239999771118164,21.0,20.100000381469727,20.239999771118164
2002-06-04,44000,20.739999771118164,20.299999237060547,20.739999771118164,19.93000030517578,20.299999237060547
2002-06-03,32300,21.469999313354492,19.75,21.469999313354492,19.649999618530273,19.75
2002-05-31,58200,21.350000381469727,21.239999771118164,21.399999618530273,20.799999237060547,21.239999771118164
2002-05-30,27800,21.420000076293945,21.200000762939453,21.459999084472656,20.700000762939453,21.200000762939453
2002-05-29,35100,21.049999237060547,21.049999237060547,21.600000381469727,21.049999237060547,21.049999237060547
2002-05-28,23300,21.889999389648438,20.799999237060547,22.3799991607666,20.75,20.799999237060547
2002-05-24,21800,22.479999542236328,21.700000762939453,22.479999542236328,21.65999984741211,21.700000762939453
2002-05-23,39900,22.489999771118164,22.479999542236328,22.489999771118164,21.809999465942383,22.479999542236328
2002-05-22,55900,23.899999618530273,22.209999084472656,23.899999618530273,21.75,22.209999084472656
2002-05-21,19400,23.799999237060547,23.399999618530273,24.420000076293945,23.18000030517578,23.399999618530273
2002-05-20,48200,24.25,24.100000381469727,24.34000015258789,23.75,24.100000381469727
2002-05-17,39900,22.5,24.139999389648438,24.31999969482422,22.40999984741211,24.139999389648438
2002-05-16,49300,23.770000457763672,23.1200008392334,23.799999237060547,22.899999618530273,23.1200008392334
2002-05-15,42400,23.700000762939453,23.6299991607666,23.729999542236328,22.770000457763672,23.6299991607666
2002-05-14,44800,22.959999084472656,23.739999771118164,23.780000686645508,22.270000457763672,23.739999771118164
2002-05-13,65500,22.079999923706055,21.670000076293945,22.459999084472656,21.450000762939453,21.670000076293945
2002-05-10,49500,23.559999465942383,21.81999969482422,23.739999771118164,21.799999237060547,21.81999969482422
2002-05-09,13300,24.0,23.200000762939453,24.360000610351562,23.040000915527344,23.200000762939453
2002-05-08,17200,23.09000015258789,23.829999923706055,24.170000076293945,23.010000228881836,23.829999923706055
2002-05-07,42300,23.5,23.0,23.5,22.899999618530273,23.0
2002-05-06,42000,23.100000381469727,23.280000686645508,24.15999984741211,22.950000762939453,23.280000686645508
2002-05-03,81100,23.399999618530273,23.420000076293945,23.860000610351562,22.850000381469727,23.420000076293945
2002-05-02,42800,23.200000762939453,22.979999542236328,23.65999984741211,22.979999542236328,22.979999542236328
2002-05-01,18600,23.450000762939453,23.15999984741211,23.450000762939453,22.700000762939453,23.15999984741211
2002-04-30,89200,22.950000762939453,23.809999465942383,23.809999465942383,22.899999618530273,23.809999465942383
2002-04-29,8500,24.290000915527344,23.110000610351562,24.290000915527344,23.010000228881836,23.110000610351562
2002-04-26,43900,24.270000457763672,23.81999969482422,24.780000686645508,23.760000228881836,23.81999969482422
2002-04-25,34300,25.309999465942383,24.899999618530273,25.309999465942383,24.219999313354492,24.899999618530273
2002-04-24,65500,23.6299991607666,25.34000015258789,25.34000015258789,22.790000915527344,25.34000015258789
2002-04-23,32400,24.34000015258789,23.360000610351562,24.360000610351562,23.06999969482422,23.360000610351562
2002-04-22,44800,24.799999237060547,24.40999984741211,24.799999237060547,23.65999984741211,24.40999984741211
2002-04-19,42500,24.799999237060547,24.510000228881836,24.799999237060547,24.450000762939453,24.510000228881836
2002-04-18,77900,24.5,25.030000686645508,25.030000686645508,24.260000228881836,25.030000686645508
2002-04-17,17800,24.489999771118164,24.309999465942383,24.530000686645508,23.860000610351562,24.309999465942383
2002-04-16,66500,24.040000915527344,24.149999618530273,24.239999771118164,23.75,24.149999618530273
2002-04-15,56600,23.950000762939453,23.68000030517578,24.049999237060547,23.31999969482422,23.68000030517578
2002-04-12,43800,23.190000534057617,23.809999465942383,24.049999237060547,23.049999237060547,23.809999465942383
2002-04-11,76600,23.860000610351562,22.700000762939453,24.09000015258789,22.700000762939453,22.700000762939453
2002-04-10,17300,22.530000686645508,23.700000762939453,23.700000762939453,22.530000686645508,23.700000762939453
2002-04-09,28700,22.280000686645508,22.68000030517578,23.270000457763672,22.280000686645508,22.68000030517578
2002-04-08,25600,22.579999923706055,23.079999923706055,23.079999923706055,22.18000030517578,23.079999923706055
2002-04-05,8600,22.18000030517578,22.670000076293945,22.670000076293945,21.979999542236328,22.670000076293945
2002-04-04,33100,22.0,22.010000228881836,22.5,21.780000686645508,22.010000228881836
2002-04-03,25400,22.299999237060547,22.0,22.600000381469727,22.0,22.0
2002-04-02,34200,22.350000381469727,21.969999313354492,22.649999618530273,21.860000610351562,21.969999313354492
2002-04-01,54000,22.75,22.59000015258789,22.780000686645508,21.950000762939453,22.59000015258789
2002-03-28,24200,22.649999618530273,22.760000228881836,23.200000762939453,22.649999618530273,22.760000228881836
2002-03-27,120900,21.799999237060547,23.0,23.25,21.799999237060547,23.0
2002-03-26,146400,21.3799991607666,22.1299991607666,22.229999542236328,21.3799991607666,22.1299991607666
2002-03-25,343400,21.610000610351562,21.299999237060547,21.610000610351562,21.010000228881836,21.299999237060547
2002-03-22,18700,21.399999618530273,21.549999237060547,22.049999237060547,21.239999771118164,21.549999237060547
2002-03-21,69000,20.690000534057617,21.479999542236328,21.540000915527344,20.299999237060547,21.479999542236328
2002-03-20,24400,20.809999465942383,20.270000457763672,20.809999465942383,20.25,20.270000457763672
2002-03-19,18700,20.100000381469727,20.860000610351562,21.530000686645508,20.100000381469727,20.860000610351562
2002-03-18,177600,19.889999389648438,20.399999618530273,20.530000686645508,19.479999542236328,20.399999618530273
2002-03-15,121100,19.540000915527344,19.899999618530273,20.100000381469727,19.399999618530273,19.899999618530273
2002-03-14,26600,19.799999237060547,20.290000915527344,20.299999237060547,19.709999084472656,20.290000915527344
2002-03-13,40600,20.389999389648438,19.93000030517578,20.5,19.889999389648438,19.93000030517578
2002-03-12,70400,20.389999389648438,20.75,20.799999237060547,20.389999389648438,20.75
2002-03-11,124300,22.399999618530273,20.799999237060547,22.489999771118164,20.399999618530273,20.799999237060547
2002-03-08,119600,20.6299991607666,22.450000762939453,22.68000030517578,20.6299991607666,22.450000762939453
2002-03-07,35700,20.049999237060547,20.610000610351562,20.899999618530273,19.799999237060547,20.610000610351562
2002-03-06,11400,19.979999542236328,19.709999084472656,20.200000762939453,19.270000457763672,19.709999084472656
2002-03-05,16300,20.100000381469727,19.329999923706055,20.100000381469727,19.25,19.329999923706055
2002-03-04,55000,18.0,20.25,20.350000381469727,18.0,20.25
2002-03-01,32100,17.719999313354492,18.350000381469727,18.600000381469727,17.719999313354492,18.350000381469727
2002-02-28,20400,17.979999542236328,18.040000915527344,18.450000762939453,17.75,18.040000915527344
2002-02-27,21600,18.780000686645508,18.540000915527344,18.81999969482422,18.239999771118164,18.540000915527344
2002-02-26,36900,17.5,18.399999618530273,18.799999237060547,17.40999984741211,18.399999618530273
2002-02-25,72300,17.030000686645508,18.59000015258789,18.75,16.809999465942383,18.59000015258789
2002-02-22,112400,16.31999969482422,17.200000762939453,17.729999542236328,16.31999969482422,17.200000762939453
2002-02-21,61700,17.139999389648438,16.139999389648438,17.149999618530273,16.010000228881836,16.139999389648438
2002-02-20,62700,18.25,17.149999618530273,18.25,16.31999969482422,17.149999618530273
2002-02-19,102300,19.299999237060547,17.75,19.299999237060547,17.700000762939453,17.75
2002-02-15,71800,19.170000076293945,19.5,19.549999237060547,19.149999618530273,19.5
2002-02-14,301200,19.93000030517578,19.549999237060547,20.149999618530273,19.170000076293945,19.549999237060547
2002-02-13,557100,23.100000381469727,19.950000762939453,23.100000381469727,19.06999969482422,19.950000762939453
2002-02-12,131400,23.639999389648438,23.399999618530273,24.0,22.989999771118164,23.399999618530273
2002-02-11,45800,23.5,23.639999389648438,23.639999389648438,22.969999313354492,23.639999389648438
2002-02-08,21700,23.56999969482422,23.5,23.56999969482422,23.15999984741211,23.5
2002-02-07,104800,23.950000762939453,23.399999618530273,23.950000762939453,23.299999237060547,23.399999618530273
2002-02-06,12600,24.440000534057617,23.549999237060547,24.59000015258789,23.549999237060547,23.549999237060547
2002-02-05,39100,24.209999084472656,24.450000762939453,24.600000381469727,23.670000076293945,24.450000762939453
2002-02-04,134400,23.5,24.479999542236328,24.68000030517578,23.299999237060547,24.479999542236328
2002-02-01,37100,23.170000076293945,23.450000762939453,23.8799991607666,23.170000076293945,23.450000762939453
2002-01-31,28000,23.299999237060547,23.25,23.299999237060547,22.860000610351562,23.25
2002-01-30,11300,22.799999237060547,23.0,23.190000534057617,22.040000915527344,23.0
2002-01-29,9700,22.799999237060547,22.399999618530273,22.920000076293945,22.3799991607666,22.399999618530273
2002-01-28,39300,23.329999923706055,23.18000030517578,23.5,22.729999542236328,23.18000030517578
2002-01-25,17700,23.56999969482422,23.329999923706055,23.799999237060547,23.290000915527344,23.329999923706055
2002-01-24,5500,24.06999969482422,23.6299991607666,24.09000015258789,23.6299991607666,23.6299991607666
2002-01-23,24700,22.450000762939453,23.600000381469727,23.8799991607666,22.450000762939453,23.600000381469727
2002-01-22,27600,23.719999313354492,22.5,23.719999313354492,22.040000915527344,22.5
2002-01-18,50100,24.399999618530273,23.420000076293945,24.850000381469727,23.350000381469727,23.420000076293945
2002-01-17,30600,24.350000381469727,24.549999237060547,25.049999237060547,24.079999923706055,24.549999237060547
2002-01-16,31400,25.5,23.899999618530273,25.5,23.899999618530273,23.899999618530273
2002-01-15,62000,23.809999465942383,25.700000762939453,26.100000381469727,23.809999465942383,25.700000762939453
2002-01-14,93600,23.81999969482422,24.649999618530273,25.0,23.020000457763672,24.649999618530273
2002-01-11,25700,24.110000610351562,23.700000762939453,24.110000610351562,23.65999984741211,23.700000762939453
2002-01-10,11000,24.15999984741211,24.360000610351562,24.5,24.0,24.360000610351562
2002-01-09,79100,23.3799991607666,24.020000457763672,24.489999771118164,23.3799991607666,24.020000457763672
2002-01-08,11000,23.0,23.40999984741211,23.479999542236328,22.989999771118164,23.40999984741211
2002-01-07,19100,23.8700008392334,22.989999771118164,23.8700008392334,22.950000762939453,22.989999771118164
2002-01-04,63100,23.0,23.1299991607666,23.84000015258789,22.8700008392334,23.1299991607666
2002-01-03,44400,23.239999771118164,22.979999542236328,23.3799991607666,22.510000228881836,22.979999542236328
2002-01-02,31300,24.5,23.049999237060547,24.5,22.450000762939453,23.049999237060547
2001-12-31,55700,24.0,24.010000228881836,24.399999618530273,23.889999389648438,24.010000228881836
2001-12-28,120600,22.850000381469727,23.299999237060547,24.100000381469727,22.299999237060547,23.299999237060547
2001-12-27,37400,21.270000457763672,22.280000686645508,22.299999237060547,21.270000457763672,22.280000686645508
2001-12-26,13400,20.34000015258789,21.6299991607666,21.6299991607666,20.06999969482422,21.6299991607666
2001-12-24,51700,20.25,20.739999771118164,21.0,20.25,20.739999771118164
2001-12-21,67600,20.56999969482422,20.639999389648438,20.649999618530273,20.079999923706055,20.639999389648438
2001-12-20,60600,20.0,19.860000610351562,21.219999313354492,19.510000228881836,19.860000610351562
2001-12-19,15600,20.139999389648438,20.010000228881836,20.299999237060547,19.899999618530273,20.010000228881836
2001-12-18,24600,19.940000534057617,20.25,20.25,19.93000030517578,20.25
2001-12-17,19000,19.700000762939453,20.0,20.950000762939453,19.700000762939453,20.0
2001-12-14,67200,20.170000076293945,20.389999389648438,20.389999389648438,19.200000762939453,20.389999389648438
2001-12-13,142900,20.200000762939453,19.649999618530273,20.600000381469727,19.559999465942383,19.649999618530273
2001-12-12,17800,20.600000381469727,20.75,20.75,19.969999313354492,20.75
2001-12-11,6200,20.1200008392334,20.65999984741211,20.65999984741211,19.899999618530273,20.65999984741211
2001-12-10,46700,20.0,20.010000228881836,20.6200008392334,19.899999618530273,20.010000228881836
2001-12-07,4000,20.09000015258789,20.6299991607666,20.639999389648438,19.860000610351562,20.6299991607666
2001-12-06,11900,20.110000610351562,20.530000686645508,20.530000686645508,19.81999969482422,20.530000686645508
2001-12-05,20600,19.299999237060547,20.0,20.149999618530273,19.299999237060547,20.0
2001-12-04,70200,19.34000015258789,19.450000762939453,19.649999618530273,19.229999542236328,19.450000762939453
2001-12-03,30300,19.170000076293945,19.25,19.829999923706055,19.0,19.25
2001-11-30,78300,18.700000762939453,19.3700008392334,20.25,18.700000762939453,19.3700008392334
2001-11-29,25400,18.25,19.489999771118164,19.489999771118164,18.09000015258789,19.489999771118164
2001-11-28,26600,18.299999237060547,18.100000381469727,18.75,18.100000381469727,18.100000381469727
2001-11-27,31800,18.5,18.149999618530273,18.5,18.0,18.149999618530273
2001-11-26,12900,17.75,18.639999389648438,18.639999389648438,17.75,18.639999389648438
2001-11-23,800,18.25,18.229999542236328,18.25,18.229999542236328,18.229999542236328
2001-11-21,23400,17.899999618530273,18.100000381469727,18.5,17.899999618530273,18.100000381469727
2001-11-20,16900,18.0,17.899999618530273,18.299999237060547,17.700000762939453,17.899999618530273
2001-11-19,248400,18.25,18.299999237060547,18.5,17.700000762939453,18.299999237060547
2001-11-16,8900,18.040000915527344,18.09000015258789,18.399999618530273,17.850000381469727,18.09000015258789
2001-11-15,20500,19.0,17.799999237060547,19.0,17.709999084472656,17.799999237060547
2001-11-14,31000,17.989999771118164,19.389999389648438,19.389999389648438,17.81999969482422,19.389999389648438
2001-11-13,15000,17.93000030517578,17.729999542236328,18.0,17.559999465942383,17.729999542236328
2001-11-12,4300,17.5,17.780000686645508,18.09000015258789,17.25,17.780000686645508
2001-11-09,69900,17.8700008392334,17.5,18.049999237060547,17.399999618530273,17.5
2001-11-08,7000,19.0,17.780000686645508,19.59000015258789,17.780000686645508,17.780000686645508
2001-11-07,8200,19.0,18.440000534057617,19.969999313354492,18.440000534057617,18.440000534057617
2001-11-06,9400,17.809999465942383,19.010000228881836,19.010000228881836,17.809999465942383,19.010000228881836
2001-11-05,43400,19.219999313354492,18.25,19.219999313354492,17.40999984741211,18.25
2001-11-02,6600,19.100000381469727,18.899999618530273,19.34000015258789,18.899999618530273,18.899999618530273
2001-11-01,52300,18.799999237060547,19.0,19.34000015258789,18.3700008392334,19.0
2001-10-31,35400,18.280000686645508,18.540000915527344,18.790000915527344,17.31999969482422,18.540000915527344
2001-10-30,54900,19.5,17.350000381469727,19.5,17.350000381469727,17.350000381469727
2001-10-29,21400,20.200000762939453,19.049999237060547,20.389999389648438,19.049999237060547,19.049999237060547
2001-10-26,71600,20.5,19.950000762939453,20.899999618530273,19.899999618530273,19.950000762939453
2001-10-25,74800,21.399999618530273,21.25,21.989999771118164,20.799999237060547,21.25
2001-10-24,9200,21.690000534057617,21.6200008392334,22.200000762939453,21.549999237060547,21.6200008392334
2001-10-23,45300,21.3700008392334,21.700000762939453,22.700000762939453,20.56999969482422,21.700000762939453
2001-10-22,9000,20.309999465942383,21.149999618530273,21.549999237060547,20.229999542236328,21.149999618530273
2001-10-19,26200,20.15999984741211,21.1200008392334,22.31999969482422,20.15999984741211,21.1200008392334
2001-10-18,10300,21.0,20.389999389648438,21.0,19.899999618530273,20.389999389648438
2001-10-17,44200,22.100000381469727,20.700000762939453,22.34000015258789,20.450000762939453,20.700000762939453
2001-10-16,46600,22.059999465942383,22.610000610351562,23.18000030517578,21.260000228881836,22.610000610351562
2001-10-15,16900,20.6299991607666,22.0,22.110000610351562,19.6200008392334,22.0
2001-10-12,16900,20.170000076293945,20.549999237060547,21.6200008392334,19.8700008392334,20.549999237060547
2001-10-11,107000,18.950000762939453,20.5,20.610000610351562,18.239999771118164,20.5
2001-10-10,84500,17.350000381469727,18.850000381469727,18.899999618530273,16.950000762939453,18.850000381469727
2001-10-09,25700,17.809999465942383,17.549999237060547,18.5,17.549999237060547,17.549999237060547
2001-10-08,12900,18.110000610351562,18.489999771118164,18.5,17.360000610351562,18.489999771118164
2001-10-05,110800,17.399999618530273,18.360000610351562,18.360000610351562,16.299999237060547,18.360000610351562
2001-10-04,72100,18.799999237060547,17.43000030517578,18.809999465942383,17.43000030517578,17.43000030517578
2001-10-03,26800,17.43000030517578,18.270000457763672,19.700000762939453,17.43000030517578,18.270000457763672
2001-10-02,64700,18.030000686645508,17.5,18.030000686645508,17.43000030517578,17.5
2001-10-01,15800,17.209999084472656,18.229999542236328,18.260000228881836,17.209999084472656,18.229999542236328
2001-09-28,41600,17.75,17.969999313354492,18.31999969482422,17.489999771118164,17.969999313354492
2001-09-27,25400,17.649999618530273,17.350000381469727,17.860000610351562,16.530000686645508,17.350000381469727
2001-09-26,25300,18.59000015258789,17.1200008392334,18.59000015258789,17.1200008392334,17.1200008392334
2001-09-25,18200,18.899999618530273,18.75,19.020000457763672,18.399999618530273,18.75
2001-09-24,26800,18.0,19.049999237060547,19.610000610351562,17.989999771118164,19.049999237060547
2001-09-21,44800,18.110000610351562,17.860000610351562,18.610000610351562,16.559999465942383,17.860000610351562
2001-09-20,15300,17.950000762939453,18.25,20.100000381469727,17.950000762939453,18.25
2001-09-19,44000,16.809999465942383,19.940000534057617,19.940000534057617,16.799999237060547,19.940000534057617
2001-09-18,38500,17.100000381469727,16.700000762939453,17.450000762939453,16.34000015258789,16.700000762939453
2001-09-17,98000,17.299999237060547,17.739999771118164,18.0,15.75,17.739999771118164
2001-09-10,52300,20.3700008392334,19.239999771118164,20.450000762939453,19.239999771118164,19.239999771118164
2001-09-07,12400,20.059999465942383,20.149999618530273,20.149999618530273,19.799999237060547,20.149999618530273
2001-09-06,88900,21.850000381469727,20.270000457763672,21.860000610351562,20.25,20.270000457763672
2001-09-05,54500,24.0,22.049999237060547,24.0,21.93000030517578,22.049999237060547
2001-09-04,42500,24.989999771118164,24.1200008392334,25.459999084472656,24.030000686645508,24.1200008392334
2001-08-31,8400,25.0,25.010000228881836,25.43000030517578,24.860000610351562,25.010000228881836
2001-08-30,18600,25.110000610351562,25.079999923706055,25.190000534057617,24.899999618530273,25.079999923706055
2001-08-29,36500,25.469999313354492,25.0,25.5,24.75,25.0
2001-08-28,3500,25.399999618530273,24.75,25.399999618530273,24.75,24.75
2001-08-27,8400,25.690000534057617,24.950000762939453,25.790000915527344,24.950000762939453,24.950000762939453
2001-08-24,20000,25.299999237060547,25.6200008392334,25.799999237060547,24.809999465942383,25.6200008392334
2001-08-23,6900,25.549999237060547,25.0,25.709999084472656,25.0,25.0
2001-08-22,21700,25.100000381469727,25.530000686645508,25.530000686645508,24.799999237060547,25.530000686645508
2001-08-21,3400,25.209999084472656,25.049999237060547,25.299999237060547,25.0,25.049999237060547
2001-08-20,18900,25.299999237060547,25.299999237060547,25.299999237060547,24.700000762939453,25.299999237060547
2001-08-17,7100,25.0,25.0,25.68000030517578,24.709999084472656,25.0
2001-08-16,14800,24.760000228881836,26.0,26.0,24.729999542236328,26.0
2001-08-15,364300,25.559999465942383,25.0,25.700000762939453,24.100000381469727,25.0
2001-08-14,14900,25.719999313354492,25.399999618530273,25.719999313354492,24.799999237060547,25.399999618530273
2001-08-13,5400,24.809999465942383,25.049999237060547,25.75,24.809999465942383,25.049999237060547
2001-08-10,45200,25.329999923706055,24.799999237060547,25.6299991607666,24.649999618530273,24.799999237060547
2001-08-09,8200,25.34000015258789,24.829999923706055,25.34000015258789,24.270000457763672,24.829999923706055
2001-08-08,24800,28.010000228881836,24.6200008392334,28.049999237060547,24.6200008392334,24.6200008392334
2001-08-07,17800,25.709999084472656,25.84000015258789,26.149999618530273,25.299999237060547,25.84000015258789
2001-08-06,4600,26.899999618530273,25.700000762939453,26.899999618530273,25.700000762939453,25.700000762939453
2001-08-03,8700,26.950000762939453,27.0,27.75,26.950000762939453,27.0
2001-08-02,26900,26.81999969482422,27.770000457763672,27.770000457763672,26.260000228881836,27.770000457763672
2001-08-01,30100,26.34000015258789,26.899999618530273,27.8799991607666,26.34000015258789,26.899999618530273
2001-07-31,113700,25.40999984741211,27.110000610351562,27.969999313354492,25.40999984741211,27.110000610351562
2001-07-30,61600,25.739999771118164,25.959999084472656,27.0,25.309999465942383,25.959999084472656
2001-07-27,39000,25.799999237060547,25.850000381469727,27.190000534057617,25.549999237060547,25.850000381469727
2001-07-26,79800,25.350000381469727,25.850000381469727,26.399999618530273,25.049999237060547,25.850000381469727
2001-07-25,23600,24.850000381469727,25.25,26.739999771118164,24.799999237060547,25.25
2001-07-24,51300,24.670000076293945,25.299999237060547,25.329999923706055,24.670000076293945,25.299999237060547
2001-07-23,84100,25.25,24.799999237060547,25.5,24.649999618530273,24.799999237060547
2001-07-20,23300,26.290000915527344,25.780000686645508,26.6299991607666,25.649999618530273,25.780000686645508
2001-07-19,31700,25.5,26.290000915527344,26.920000076293945,25.399999618530273,26.290000915527344
2001-07-18,77300,25.149999618530273,25.40999984741211,26.15999984741211,24.700000762939453,25.40999984741211
2001-07-17,83300,24.25,25.049999237060547,25.700000762939453,24.149999618530273,25.049999237060547
2001-07-16,63700,24.600000381469727,24.549999237060547,24.989999771118164,24.290000915527344,24.549999237060547
2001-07-13,34600,23.610000610351562,24.600000381469727,24.600000381469727,23.610000610351562,24.600000381469727
2001-07-12,25700,23.860000610351562,23.610000610351562,24.579999923706055,23.200000762939453,23.610000610351562
2001-07-11,33900,25.09000015258789,23.15999984741211,25.09000015258789,23.0,23.15999984741211
2001-07-10,30900,26.299999237060547,24.25,26.309999465942383,24.200000762939453,24.25
2001-07-09,56200,26.010000228881836,26.309999465942383,27.219999313354492,26.0,26.309999465942383
2001-07-06,15900,26.610000610351562,26.489999771118164,27.0,25.5,26.489999771118164
2001-07-05,71300,25.510000228881836,26.469999313354492,27.0,25.399999618530273,26.469999313354492
2001-07-03,19100,26.639999389648438,25.709999084472656,27.350000381469727,25.450000762939453,25.709999084472656
2001-07-02,41500,25.799999237060547,26.200000762939453,27.110000610351562,25.75,26.200000762939453
2001-06-29,66800,26.3799991607666,26.299999237060547,27.850000381469727,25.049999237060547,26.299999237060547
2001-06-28,11700,26.299999237060547,26.299999237060547,26.299999237060547,25.6200008392334,26.299999237060547
2001-06-27,16600,26.440000534057617,26.299999237060547,26.760000228881836,26.270000457763672,26.299999237060547
2001-06-26,25300,25.290000915527344,26.399999618530273,27.100000381469727,25.290000915527344,26.399999618530273
2001-06-25,21900,24.950000762939453,25.239999771118164,25.299999237060547,24.829999923706055,25.239999771118164
2001-06-22,16000,26.100000381469727,25.139999389648438,26.149999618530273,24.940000534057617,25.139999389648438
2001-06-21,5200,25.260000228881836,26.700000762939453,27.350000381469727,25.260000228881836,26.700000762939453
2001-06-20,25000,24.950000762939453,25.260000228881836,25.3799991607666,24.950000762939453,25.260000228881836
2001-06-19,42600,25.09000015258789,25.200000762939453,26.899999618530273,25.0,25.200000762939453
2001-06-18,3300,25.84000015258789,25.09000015258789,26.149999618530273,24.790000915527344,25.09000015258789
2001-06-15,35200,24.299999237060547,25.799999237060547,25.799999237060547,24.260000228881836,25.799999237060547
2001-06-14,12100,25.5,24.670000076293945,25.899999618530273,24.670000076293945,24.670000076293945
2001-06-13,11500,26.290000915527344,25.700000762939453,26.299999237060547,25.6200008392334,25.700000762939453
2001-06-12,8600,26.34000015258789,25.889999389648438,26.34000015258789,25.549999237060547,25.889999389648438
2001-06-11,70300,25.940000534057617,26.850000381469727,27.06999969482422,25.299999237060547,26.850000381469727
2001-06-08,21000,26.520000457763672,25.31999969482422,27.06999969482422,25.31999969482422,25.31999969482422
2001-06-07,8000,25.84000015258789,27.360000610351562,27.3799991607666,25.829999923706055,27.360000610351562
2001-06-06,57300,27.100000381469727,25.43000030517578,27.100000381469727,24.850000381469727,25.43000030517578
2001-06-05,7200,26.1299991607666,27.280000686645508,27.280000686645508,26.1299991607666,27.280000686645508
2001-06-04,16700,25.100000381469727,26.040000915527344,26.3700008392334,25.100000381469727,26.040000915527344
2001-06-01,291400,25.110000610351562,25.1200008392334,25.200000762939453,24.899999618530273,25.1200008392334
2001-05-31,21300,24.770000457763672,25.100000381469727,25.100000381469727,24.670000076293945,25.100000381469727
2001-05-30,15300,24.799999237060547,24.860000610351562,25.09000015258789,24.549999237060547,24.860000610351562
2001-05-29,72000,26.299999237060547,24.829999923706055,26.31999969482422,24.829999923706055,24.829999923706055
2001-05-25,43100,26.030000686645508,26.049999237060547,26.299999237060547,25.5,26.049999237060547
2001-05-24,109500,27.479999542236328,25.6299991607666,27.989999771118164,25.149999618530273,25.6299991607666
2001-05-23,50700,28.0,27.850000381469727,28.049999237060547,27.610000610351562,27.850000381469727
2001-05-22,75000,27.979999542236328,28.90999984741211,29.059999465942383,27.979999542236328,28.90999984741211
2001-05-21,27000,27.5,27.889999389648438,28.0,27.399999618530273,27.889999389648438
2001-05-18,32100,25.950000762939453,27.3799991607666,27.799999237060547,25.950000762939453,27.3799991607666
2001-05-17,82400,24.950000762939453,27.59000015258789,27.600000381469727,24.950000762939453,27.59000015258789
2001-05-16,41100,24.31999969482422,24.8700008392334,25.0,23.780000686645508,24.8700008392334
2001-05-15,252500,23.809999465942383,24.5,25.0,23.809999465942383,24.5
2001-05-14,2200,24.139999389648438,24.079999923706055,24.34000015258789,23.549999237060547,24.079999923706055
2001-05-11,5100,24.0,23.739999771118164,24.149999618530273,23.549999237060547,23.739999771118164
2001-05-10,10600,23.530000686645508,24.010000228881836,24.200000762939453,23.399999618530273,24.010000228881836
2001-05-09,11600,23.049999237060547,23.600000381469727,23.68000030517578,22.959999084472656,23.600000381469727
2001-05-08,47100,25.299999237060547,23.049999237060547,25.299999237060547,22.549999237060547,23.049999237060547
2001-05-07,14500,24.610000610351562,25.170000076293945,25.3700008392334,24.399999618530273,25.170000076293945
2001-05-04,71700,25.40999984741211,24.8700008392334,25.40999984741211,24.809999465942383,24.8700008392334
2001-05-03,14300,25.09000015258789,25.8700008392334,25.8799991607666,24.139999389648438,25.8700008392334
2001-05-02,25800,23.790000915527344,25.0,25.0,23.790000915527344,25.0
2001-05-01,29000,23.25,24.0,24.0,23.25,24.0
2001-04-30,50700,22.75,23.25,23.520000457763672,22.549999237060547,23.25
2001-04-27,77900,21.610000610351562,22.399999618530273,22.5,21.610000610351562,22.399999618530273
2001-04-26,55700,18.690000534057617,21.899999618530273,22.229999542236328,18.690000534057617,21.899999618530273
2001-04-25,48600,18.68000030517578,17.979999542236328,18.68000030517578,17.979999542236328,17.979999542236328
2001-04-24,11600,18.40999984741211,18.5,18.700000762939453,18.399999618530273,18.5
2001-04-23,41100,18.350000381469727,18.34000015258789,19.350000381469727,18.110000610351562,18.34000015258789
2001-04-20,29500,19.149999618530273,19.34000015258789,19.350000381469727,18.549999237060547,19.34000015258789
2001-04-19,37100,18.280000686645508,19.260000228881836,20.079999923706055,18.139999389648438,19.260000228881836
2001-04-18,32000,18.25,18.100000381469727,21.0,17.950000762939453,18.100000381469727
2001-04-17,58500,17.799999237060547,18.059999465942383,18.520000457763672,17.600000381469727,18.059999465942383
2001-04-16,14200,18.829999923706055,17.950000762939453,18.829999923706055,17.950000762939453,17.950000762939453
2001-04-12,34700,18.600000381469727,18.979999542236328,19.3799991607666,18.600000381469727,18.979999542236328
2001-04-11,13800,19.709999084472656,18.510000228881836,19.8700008392334,18.149999618530273,18.510000228881836
2001-04-10,118700,17.1200008392334,19.5,19.75,17.0,19.5
2001-04-09,6600,16.950000762939453,17.049999237060547,17.149999618530273,16.950000762939453,17.049999237060547
2001-04-06,16700,17.75,17.0,18.0,16.9375,17.0
2001-04-05,56100,16.1875,18.0,18.0,16.1875,18.0
2001-04-04,123100,16.625,15.5,16.9375,15.25,15.5
2001-04-03,148100,18.35930061340332,16.25,18.375,16.25,16.25
2001-04-02,41700,19.48430061340332,18.5,19.48430061340332,18.0,18.5
2001-03-30,76700,17.625,19.125,19.5,17.625,19.125
2001-03-29,126800,17.125,17.75,18.125,16.75,17.75
2001-03-28,80500,16.9375,17.625,19.625,16.8125,17.625
2001-03-27,59700,15.765600204467773,17.3125,17.625,15.625,17.3125
2001-03-26,51200,15.25,16.0,17.25,15.25,16.0
2001-03-23,79400,15.25,15.125,15.3125,14.0,15.125
2001-03-22,24800,15.078100204467773,15.6875,15.875,14.9375,15.6875
2001-03-21,227800,15.5625,15.0625,16.25,15.0,15.0625
2001-03-20,113700,16.125,16.3125,16.625,15.75,16.3125
2001-03-19,56900,15.5625,16.125,16.1875,15.5625,16.125
2001-03-16,92500,17.0625,15.9375,17.0625,15.375,15.9375
2001-03-15,187500,16.8125,16.8125,17.0,16.0,16.8125
2001-03-14,34000,16.5625,16.875,17.25,16.5625,16.875
2001-03-13,41000,16.98430061340332,17.0,17.1875,16.1875,17.0
2001-03-12,69300,16.656200408935547,16.875,17.0,16.375,16.875
2001-03-09,102600,16.85930061340332,16.875,17.0,16.42180061340332,16.875
2001-03-08,6800,16.9375,17.125,17.25,16.875,17.125
2001-03-07,52200,16.375,17.0625,17.1875,16.125,17.0625
2001-03-06,222600,16.125,16.125,16.218700408935547,16.0,16.125
2001-03-05,34000,16.875,15.75,17.0625,15.75,15.75
2001-03-02,44600,17.25,17.0,17.25,16.5,17.0
2001-03-01,84800,17.625,16.8125,17.8125,16.0,16.8125
2001-02-28,46700,18.25,17.875,18.48430061340332,17.4375,17.875
2001-02-27,48900,18.6875,18.25,19.1875,18.25,18.25
2001-02-26,63700,17.640600204467773,19.0,19.0,17.5,19.0
2001-02-23,80500,18.625,18.1875,18.625,17.375,18.1875
2001-02-22,32900,17.1875,18.3125,19.531200408935547,17.0,18.3125
2001-02-21,61300,17.10930061340332,16.656200408935547,18.125,16.375,16.656200408935547
2001-02-20,154000,18.5625,17.0,18.5625,16.875,17.0
2001-02-16,154500,19.9375,18.5,20.0,18.5,18.5
2001-02-15,118500,23.5,19.875,23.5,19.625,19.875
2001-02-14,41500,24.0,23.3125,24.375,23.125,23.3125
2001-02-13,18800,25.1875,24.4375,25.25,24.0625,24.4375
2001-02-12,34100,24.04680061340332,25.125,25.125,24.0,25.125
2001-02-09,16900,24.75,24.875,24.9375,24.125,24.875
2001-02-08,27900,24.8125,24.5,25.0625,23.5625,24.5
2001-02-07,15700,26.75,24.875,26.75,24.8125,24.875
2001-02-06,10700,28.0,26.5,28.0,26.25,26.5
2001-02-05,31200,28.8125,27.4375,28.9375,27.1875,27.4375
2001-02-02,9200,29.125,29.125,29.375,28.3125,29.125
2001-02-01,34500,28.625,28.625,29.125,28.25,28.625
2001-01-31,50500,28.75,28.3125,28.75,28.0625,28.3125
2001-01-30,170400,28.125,28.5625,28.75,28.0,28.5625
2001-01-29,27600,27.875,28.0,28.75,27.875,28.0
2001-01-26,29100,29.0,27.9375,29.0,27.25,27.9375
2001-01-25,9800,30.5,28.875,30.625,28.875,28.875
2001-01-24,76800,28.125,30.531200408935547,30.75,27.125,30.531200408935547
2001-01-23,98700,26.5,27.875,28.6875,25.875,27.875
2001-01-22,17800,27.375,25.875,27.375,24.75,25.875
2001-01-19,8700,27.25,27.0,27.5,27.0,27.0
2001-01-18,69900,27.3125,27.25,27.5,26.0,27.25
2001-01-17,33200,27.75,26.875,28.125,26.75,26.875
2001-01-16,105100,27.0625,27.875,28.875,25.0,27.875
2001-01-12,33400,26.5,27.75,28.3125,26.375,27.75
2001-01-11,63800,24.4375,26.5,28.9375,24.4375,26.5
2001-01-10,34600,24.5,25.3125,27.0,24.5,25.3125
2001-01-09,25400,24.375,24.5625,25.125,22.875,24.5625
2001-01-08,28900,24.0625,24.75,24.843700408935547,24.0,24.75
2001-01-05,48400,23.5,24.375,25.25,23.375,24.375
2001-01-04,20300,23.75,24.125,24.375,23.5625,24.125
2001-01-03,67100,20.5,24.875,25.25,19.75,24.875
2001-01-02,23000,23.4375,21.625,23.4375,21.625,21.625
2000-12-29,107900,26.5,23.625,26.5,21.0625,23.625
2000-12-28,59600,21.25,26.375,26.375,21.25,26.375
2000-12-27,40500,20.3125,21.875,22.125,20.3125,21.875
2000-12-26,120200,20.125,21.0,22.125,20.0625,21.0
2000-12-22,16900,20.0625,20.125,20.6875,20.0625,20.125
2000-12-21,102700,20.625,20.0,20.75,19.875,20.0
2000-12-20,77200,20.875,21.5,21.9375,20.0,21.5
2000-12-19,32100,21.0625,21.75,22.0625,20.5625,21.75
2000-12-18,66900,20.890600204467773,21.3125,21.3125,20.5,21.3125
2000-12-15,111400,21.5625,21.0,21.5625,20.75,21.0
2000-12-14,68300,22.0,21.5625,22.125,21.0,21.5625
2000-12-13,7900,22.75,21.875,22.75,21.765600204467773,21.875
2000-12-12,49800,19.9375,21.5,22.625,19.6875,21.5
2000-12-11,60200,21.4375,19.75,21.4375,18.265600204467773,19.75
2000-12-08,41500,21.25,21.5,22.25,20.875,21.5
2000-12-07,13200,22.25,21.5,22.375,21.0,21.5
2000-12-06,28500,22.75,22.375,23.625,22.375,22.375
2000-12-05,59300,23.125,23.5,23.625,22.25,23.5
2000-12-04,30800,22.625,22.125,23.0,21.625,22.125
2000-12-01,49200,22.5,23.0625,23.4375,22.25,23.0625
2000-11-30,15500,23.0,22.3125,23.0,22.0,22.3125
2000-11-29,19400,24.0,23.5,24.6875,23.015600204467773,23.5
2000-11-28,4100,24.5,23.875,25.0,23.875,23.875
2000-11-27,39900,25.875,24.875,26.375,24.875,24.875
2000-11-24,11800,25.25,26.25,26.25,24.6875,26.25
2000-11-22,13700,26.5,24.875,26.5,24.875,24.875
2000-11-21,35000,26.25,26.1875,27.0,25.625,26.1875
2000-11-20,25500,27.375,26.4375,27.875,26.25,26.4375
2000-11-17,5100,27.4375,27.125,27.593700408935547,26.8125,27.125
2000-11-16,57500,28.015600204467773,26.625,28.015600204467773,26.625,26.625
2000-11-15,45600,26.3125,29.3125,29.75,26.25,29.3125
2000-11-14,19200,26.031200408935547,27.75,28.375,26.0,27.75
2000-11-13,20800,26.375,27.25,27.625,25.375,27.25
2000-11-10,83700,27.375,26.25,28.0,25.375,26.25
2000-11-09,18800,29.453100204467773,28.0,29.48430061340332,27.5,28.0
2000-11-08,14500,29.125,28.75,29.125,28.75,28.75
2000-11-07,94600,29.156200408935547,29.0,29.5,29.0,29.0
2000-11-06,115800,30.6875,29.6875,30.6875,29.5,29.6875
2000-11-03,183400,31.0,30.9375,31.25,30.25,30.9375
2000-11-02,157800,31.375,31.0625,31.375,31.0,31.0625
2000-11-01,268900,30.5625,31.0,33.0,30.5625,31.0
2000-10-31,164600,30.75,31.25,31.375,30.4375,31.25
2000-10-30,209600,31.125,30.5,31.75,30.0,30.5
2000-10-27,44200,31.1875,31.8125,32.25,30.875,31.8125
2000-10-26,68500,31.25,32.25,32.25,29.875,32.25
2000-10-25,80000,29.9375,29.1875,30.125,29.0,29.1875
2000-10-24,114900,30.9375,30.5,31.625,30.0,30.5
2000-10-23,58800,32.5,30.5,32.5,30.375,30.5
2000-10-20,89500,31.25,32.5625,33.125,31.25,32.5625
2000-10-19,110300,30.375,31.5,31.875,30.375,31.5
2000-10-18,194800,31.0,30.48430061340332,31.0625,29.5,30.48430061340332
2000-10-17,63800,31.625,31.0,32.0,31.0,31.0
2000-10-16,108800,31.5,31.625,32.0,31.375,31.625
2000-10-13,30800,33.5,32.3125,34.5,31.875,32.3125
2000-10-12,49400,33.0,33.0,35.0,30.875,33.0
2000-10-11,7900,33.29679870605469,32.8125,33.375,30.3125,32.8125
2000-10-10,40300,35.125,34.0,35.9375,34.0,34.0
2000-10-09,12000,35.3125,34.75,35.4375,34.75,34.75
2000-10-06,23100,33.8125,35.5625,36.0,33.5,35.5625
2000-10-05,11700,33.875,34.125,34.4375,33.8125,34.125
2000-10-04,18400,34.875,34.0,35.4375,33.0,34.0
2000-10-03,42500,35.25,35.375,36.3125,35.0,35.375
2000-10-02,24000,36.6875,35.25,36.6875,35.0625,35.25
2000-09-29,152300,38.8125,37.0,40.75,36.625,37.0
2000-09-28,286700,34.375,40.0,40.0,34.375,40.0
2000-09-27,142900,34.875,34.625,35.5625,34.375,34.625
2000-09-26,81200,33.125,34.625,35.5,33.125,34.625
2000-09-25,55000,30.375,33.125,33.625,30.375,33.125
2000-09-22,27700,30.0,31.0,31.5,30.0,31.0
2000-09-21,9900,30.375,30.0,30.625,29.875,30.0
2000-09-20,82800,29.0,30.375,30.875,29.0,30.375
2000-09-19,18500,29.5,29.625,29.6875,28.75,29.625
2000-09-18,38100,30.25,28.875,30.25,28.625,28.875
2000-09-15,41300,29.375,30.0,30.5,29.375,30.0
2000-09-14,88400,30.0625,30.0,30.625,29.875,30.0
2000-09-13,54700,29.875,30.125,31.375,29.875,30.125
2000-09-12,42000,28.75,30.1875,33.10929870605469,28.75,30.1875
2000-09-11,176100,29.5,29.1875,29.5,28.75,29.1875
2000-09-08,11700,27.75,29.5,30.0,27.625,29.5
2000-09-07,529900,26.3125,27.6875,27.6875,26.3125,27.6875
2000-09-06,38700,26.875,26.4375,27.0,25.625,26.4375
2000-09-05,124300,26.875,26.75,28.0,26.125,26.75
2000-09-01,89600,27.1875,26.875,27.75,26.75,26.875
2000-08-31,9100,27.0,27.625,27.625,26.6875,27.625
2000-08-30,24700,27.125,27.5,27.5,26.375,27.5
2000-08-29,47900,27.875,26.625,27.875,25.5,26.625
2000-08-28,61600,27.125,27.0,28.625,26.875,27.0
2000-08-25,41400,27.156200408935547,27.1875,27.25,26.75,27.1875
2000-08-24,53400,27.406200408935547,27.1875,27.5,26.875,27.1875
2000-08-23,28500,29.0,27.4375,29.0,26.875,27.4375
2000-08-22,26000,30.75,28.125,30.75,27.125,28.125
2000-08-21,94100,28.5,30.6875,32.5,28.5,30.6875
2000-08-18,35300,27.75,30.0625,30.093700408935547,27.0,30.0625
2000-08-17,49900,27.4375,27.0,27.8125,26.75,27.0
2000-08-16,35100,27.5625,27.25,28.0,26.125,27.25
2000-08-15,49100,26.6875,27.3125,27.75,26.125,27.3125
2000-08-14,32700,26.0,26.8125,27.125,25.625,26.8125
2000-08-11,51900,27.656200408935547,27.25,28.5,26.8125,27.25
2000-08-10,32700,27.125,27.625,28.125,26.9375,27.625
2000-08-09,109700,26.5625,26.75,27.3125,25.75,26.75
2000-08-08,39100,28.6875,26.375,28.6875,26.375,26.375
2000-08-07,31000,29.4375,29.0,29.875,28.625,29.0
2000-08-04,4000,29.968700408935547,29.0,30.10930061340332,29.0,29.0
2000-08-03,92200,32.8125,29.5,32.96870040893555,29.5,29.5
2000-08-02,178800,34.9375,32.89059829711914,34.9375,32.875,32.89059829711914
2000-08-01,37700,36.75,35.125,36.75,34.375,35.125
2000-07-31,116700,36.75,36.6875,36.78120040893555,34.8125,36.6875
2000-07-28,148900,37.84370040893555,37.375,37.875,36.8125,37.375
2000-07-27,180500,35.71870040893555,37.375,38.0,34.25,37.375
2000-07-26,72000,34.5625,35.75,35.75,34.25,35.75
2000-07-25,66200,34.8125,34.5,34.92179870605469,34.0,34.5
2000-07-24,34700,34.6875,34.875,35.0,34.5,34.875
2000-07-21,21100,34.5,34.75,35.125,34.5,34.75
2000-07-20,12100,34.96870040893555,35.0,35.35929870605469,34.75,35.0
2000-07-19,20900,33.84370040893555,34.875,35.4375,33.8125,34.875
2000-07-18,22400,35.0,35.1875,35.5625,34.5,35.1875
2000-07-17,122900,32.375,35.25,35.875,32.375,35.25
2000-07-14,20600,31.0,33.625,33.625,31.0,33.625
2000-07-13,42600,27.843700408935547,32.0,32.0,27.1875,32.0
2000-07-12,67200,26.9375,27.625,27.875,26.9375,27.625
2000-07-11,22900,27.25,27.0,27.25,26.875,27.0
2000-07-10,66400,26.375,26.9375,27.25,26.375,26.9375
2000-07-07,78200,27.1875,26.375,27.1875,24.875,26.375
2000-07-06,167200,25.375,27.5,28.375,24.625,27.5
2000-07-05,81700,25.5,25.625,26.125,25.375,25.625
2000-07-03,14100,25.125,24.9375,25.9375,24.5,24.9375
2000-06-30,138800,28.25,25.0625,28.75,24.75,25.0625
2000-06-29,94000,25.375,28.625,29.0,25.1875,28.625
2000-06-28,33500,25.75,26.25,26.25,22.5,26.25
2000-06-27,66400,25.406200408935547,25.75,26.0,24.75,25.75
2000-06-26,40400,23.6875,24.9375,24.9375,23.6875,24.9375
2000-06-23,43500,24.6875,24.3125,24.875,23.75,24.3125
2000-06-22,14800,24.875,24.75,24.875,24.5,24.75
2000-06-21,1700,24.75,24.875,24.875,24.75,24.875
2000-06-20,17600,24.8125,24.6875,24.906200408935547,24.625,24.6875
2000-06-19,50300,26.875,24.5,27.0,23.5,24.5
2000-06-16,48500,25.1875,26.25,26.5,25.1875,26.25
2000-06-15,55200,24.5,26.125,26.25,24.5,26.125
2000-06-14,34200,22.875,26.0,26.0,22.5,26.0
2000-06-13,132600,24.4375,22.5,24.48430061340332,21.0,22.5
2000-06-12,44400,26.1875,24.0625,27.75,24.0,24.0625
2000-06-09,32000,23.875,25.9375,25.9375,23.875,25.9375
2000-06-08,88300,22.6875,23.9375,24.0,22.375,23.9375
2000-06-07,116300,22.875,22.75,23.1875,21.375,22.75
2000-06-06,83600,23.5,22.9375,23.593700408935547,22.875,22.9375
2000-06-05,68100,22.4375,24.0,24.25,22.4375,24.0
2000-06-02,62800,20.8125,22.625,22.625,20.8125,22.625
2000-06-01,24000,20.875,20.875,20.875,20.75,20.875
2000-05-31,27900,20.9375,20.9375,21.0625,20.875,20.9375
2000-05-30,29600,20.9375,21.0,21.0,20.875,21.0
2000-05-26,34100,21.625,21.0,21.875,20.9375,21.0
2000-05-25,59200,22.6875,21.6875,22.6875,21.625,21.6875
2000-05-24,100100,22.375,22.25,22.375,20.875,22.25
2000-05-23,71200,22.25,22.5,23.125,22.25,22.5
2000-05-22,58500,23.4375,22.25,23.4375,22.1875,22.25
2000-05-19,23700,22.375,24.5625,24.5625,22.0,24.5625
2000-05-18,29600,22.25,24.0,24.0,22.0625,24.0
2000-05-17,36600,21.6875,22.0,22.0625,21.3125,22.0
2000-05-16,32400,20.9375,21.75,23.0,20.9375,21.75
2000-05-15,40400,21.375,21.3125,21.375,20.9375,21.3125
2000-05-12,95200,21.75,21.6875,23.25,21.625,21.6875
2000-05-11,80800,21.0,21.8125,21.8125,21.0,21.8125
2000-05-10,14100,22.0,21.0625,22.0,21.0625,21.0625
2000-05-09,13500,23.125,22.625,24.1875,22.25,22.625
2000-05-08,51800,23.8125,24.25,24.25,22.1875,24.25
2000-05-05,21600,21.0,24.375,24.375,21.0,24.375
2000-05-04,55600,21.5,21.25,22.125,21.1875,21.25
2000-05-03,62200,21.125,21.25,23.125,20.375,21.25
2000-05-02,41800,23.75,20.75,23.75,20.5,20.75
2000-05-01,36000,23.9375,23.875,24.125,23.75,23.875
2000-04-28,73200,24.0625,23.98430061340332,24.5,23.875,23.98430061340332
2000-04-27,93600,24.0,24.375,24.5,24.0,24.375
2000-04-26,84400,23.5,25.0,25.25,23.5,25.0
2000-04-25,25700,26.875,23.5,27.375,22.375,23.5
2000-04-24,24000,27.625,26.625,27.625,26.625,26.625
2000-04-20,16400,28.4375,27.625,28.625,27.625,27.625
2000-04-19,28400,28.6875,28.4375,29.375,28.375,28.4375
2000-04-18,54500,27.5,29.0,29.125,27.5,29.0
2000-04-17,102900,27.0,28.125,29.0,27.0,28.125
2000-04-14,76600,28.875,27.375,30.1875,27.375,27.375
2000-04-13,35700,32.5,30.75,32.5,29.375,30.75
2000-04-12,43200,34.0625,32.5625,34.4375,31.125,32.5625
2000-04-11,71600,34.5,35.125,36.8125,34.125,35.125
2000-04-10,45400,38.5625,37.125,38.59370040893555,36.625,37.125
2000-04-07,161700,35.0,38.625,39.5625,34.75,38.625
2000-04-06,216600,34.125,34.25,35.125,33.75,34.25
2000-04-05,309400,36.25,34.5625,36.75,34.0,34.5625
2000-04-04,142700,36.40620040893555,36.0,37.5,34.875,36.0
2000-04-03,59000,37.75,36.75,37.75,36.0,36.75
2000-03-31,79900,37.0,36.875,38.4375,36.0625,36.875
2000-03-30,50800,39.625,37.0625,39.625,36.6875,37.0625
2000-03-29,69500,41.15620040893555,38.6875,41.15620040893555,37.0625,38.6875
2000-03-28,52000,44.5,41.0,44.5,41.0,41.0
2000-03-27,23100,45.5,44.75,45.5625,44.1875,44.75
2000-03-24,35300,46.5,46.0,46.5,45.0,46.0
2000-03-23,146800,48.125,46.875,49.125,46.5,46.875
2000-03-22,155000,49.375,47.79679870605469,49.875,47.625,47.79679870605469
2000-03-21,146500,49.375,50.125,50.125,49.375,50.125
2000-03-20,129200,50.0,49.375,50.0,49.0,49.375
2000-03-17,219100,45.5,50.0,50.125,45.375,50.0
2000-03-16,205900,45.3125,49.5,49.5,45.3125,49.5
2000-03-15,118100,49.0,45.3125,49.0,43.5625,45.3125
2000-03-14,466500,51.3125,48.5,53.6875,47.01559829711914,48.5
2000-03-13,232000,46.875,52.125,52.75,42.125,52.125
2000-03-10,69300,45.25,48.0,48.25,45.25,48.0
2000-03-09,56800,45.5,46.0,46.0,45.1875,46.0
2000-03-08,213600,45.375,45.6875,47.4375,45.25,45.6875
2000-03-07,149300,43.0,47.375,47.75,41.875,47.375
2000-03-06,50300,41.125,42.0,42.75,40.75,42.0
2000-03-03,82600,36.875,40.125,40.125,36.875,40.125
2000-03-02,159000,36.25,36.5,36.5,34.8125,36.5
2000-03-01,219200,35.75,36.0,40.5625,35.0,36.0
2000-02-29,197500,35.25,36.375,37.0,35.25,36.375
2000-02-28,108900,34.75,36.0,36.6875,33.64059829711914,36.0
2000-02-25,70800,34.625,35.125,35.125,34.625,35.125
2000-02-24,43700,36.875,34.9375,37.0,34.625,34.9375
2000-02-23,37800,31.875,36.25,36.5625,31.875,36.25
2000-02-22,72400,30.75,32.0,32.125,30.75,32.0
2000-02-18,15500,31.9375,30.75,31.9375,30.75,30.75
2000-02-17,17700,31.75,32.0,32.125,31.75,32.0
2000-02-16,13900,32.375,32.25,32.75,31.75,32.25
2000-02-15,55400,34.0,32.375,34.375,31.875,32.375
2000-02-14,17200,36.375,34.75,36.375,34.75,34.75
2000-02-11,27500,37.09370040893555,36.25,37.1875,34.875,36.25
2000-02-10,73000,36.3125,37.125,37.25,35.9375,37.125
2000-02-09,243100,35.625,36.625,37.0,35.0625,36.625
2000-02-08,179600,35.5,36.125,36.25,34.625,36.125
2000-02-07,93400,35.875,35.125,35.875,34.9375,35.125
2000-02-04,117800,32.9375,34.9375,36.0,32.625,34.9375
2000-02-03,198400,32.6875,32.9375,33.0,32.375,32.9375
2000-02-02,28300,32.375,32.4375,33.0,31.75,32.4375
2000-02-01,53900,32.25,32.5,33.0,32.25,32.5
2000-01-31,19300,35.125,32.25,35.125,31.75,32.25
2000-01-28,55400,36.25,35.125,36.375,34.375,35.125
2000-01-27,7300,36.71870040893555,36.75,38.0,36.25,36.75
2000-01-26,110300,36.75,37.3125,38.75,36.75,37.3125
2000-01-25,26700,37.375,37.3125,37.4375,37.125,37.3125
2000-01-24,43400,39.0,37.4375,39.0,37.375,37.4375
2000-01-21,50800,34.9375,38.625,38.75,34.875,38.625
2000-01-20,23500,39.125,35.0,39.28120040893555,34.875,35.0
2000-01-19,81700,38.125,39.5,39.6875,38.125,39.5
2000-01-18,48000,38.5,38.0625,38.625,37.25,38.0625
2000-01-14,249300,37.75,38.0,40.25,36.25,38.0
2000-01-13,156800,33.875,36.375,37.125,33.875,36.375
2000-01-12,109000,33.09370040893555,33.625,34.0,33.0,33.625
2000-01-11,91200,30.5625,32.5,32.5,30.375,32.5
2000-01-10,71600,30.5,30.6875,31.0,30.5,30.6875
2000-01-07,19100,31.125,30.531200408935547,31.25,30.5,30.531200408935547
2000-01-06,103400,31.25,31.0,31.5,31.0,31.0
2000-01-05,81600,31.75,31.4375,32.375,31.3125,31.4375
2000-01-04,37200,32.0,32.375,32.375,31.125,32.375
2000-01-03,132100,35.40620040893555,31.375,35.4375,30.875,31.375
1999-12-31,149300,30.0625,35.875,35.875,30.0625,35.875
1999-12-30,75500,30.093700408935547,30.375,30.5625,30.0,30.375
1999-12-29,29400,29.75,30.125,30.1875,29.5,30.125
1999-12-28,18700,29.781200408935547,30.0,30.1875,29.0,30.0
1999-12-27,10400,30.156200408935547,30.1875,30.1875,29.3125,30.1875
1999-12-23,26800,30.0,30.125,30.25,30.0,30.125
1999-12-22,119500,28.875,30.25,30.25,28.875,30.25
1999-12-21,76800,28.468700408935547,28.875,28.875,28.375,28.875
1999-12-20,96900,28.093700408935547,28.5625,28.8125,27.875,28.5625
1999-12-17,241100,24.3125,28.125,28.625,24.0,28.125
1999-12-16,126000,22.531200408935547,24.0,24.75,22.5,24.0
1999-12-15,100000,22.625,22.75,22.875,21.875,22.75
1999-12-14,8400,22.5625,22.625,23.5,22.5625,22.625
1999-12-13,28900,22.156200408935547,22.5,23.0,21.625,22.5
1999-12-10,651100,21.0,21.875,21.875,19.75,21.875
1999-12-09,160600,22.0625,21.875,22.875,21.625,21.875
1999-12-08,35000,23.0625,22.0,23.125,22.0,22.0
1999-12-07,36500,23.0625,23.125,23.125,22.8125,23.125
1999-12-06,96800,23.0625,23.0625,23.25,22.5625,23.0625
1999-12-03,24100,22.593700408935547,22.9375,23.0625,22.593700408935547,22.9375
1999-12-02,6800,23.125,22.875,23.125,22.75,22.875
1999-12-01,96600,23.0625,22.906200408935547,23.1875,22.8125,22.906200408935547
1999-11-30,103900,22.75,23.0,23.125,22.75,23.0
1999-11-29,2700,23.0,22.8125,23.0,22.8125,22.8125
1999-11-26,45300,23.1875,23.0,23.375,23.0,23.0
1999-11-24,210400,23.5625,23.4375,24.0,23.0,23.4375
1999-11-23,95200,22.75,23.375,23.4375,22.625,23.375
1999-11-22,100400,23.125,22.9375,23.125,22.625,22.9375
1999-11-19,127200,22.8125,22.75,22.9375,22.75,22.75
1999-11-18,57300,23.0,22.875,23.0625,22.625,22.875
1999-11-17,1000,22.625,22.625,22.625,22.5,22.625
1999-11-16,25600,22.968700408935547,22.843700408935547,23.125,22.6875,22.843700408935547
1999-11-15,44000,23.25,23.0,23.25,22.75,23.0
1999-11-12,32200,22.5625,23.3125,23.375,22.4375,23.3125
1999-11-11,35800,22.75,22.5,23.0,22.25,22.5
1999-11-10,18200,22.25,22.5,23.375,22.125,22.5
1999-11-09,11400,24.031200408935547,22.875,24.031200408935547,22.5,22.875
1999-11-08,60400,24.375,24.5,24.875,24.0,24.5
1999-11-05,8400,24.75,24.0,24.75,23.0,24.0
1999-11-04,173600,24.25,24.25,24.25,23.5,24.25
1999-11-03,9800,23.75,23.625,24.25,23.5,23.625
1999-11-02,3600,24.093700408935547,23.25,24.125,23.25,23.25
1999-11-01,37100,24.125,23.375,24.375,23.375,23.375
1999-10-29,77300,24.125,24.625,24.625,24.125,24.625
1999-10-28,11700,24.125,24.125,24.625,24.125,24.125
1999-10-27,1900,24.0625,23.6875,24.0625,23.6875,23.6875
1999-10-26,15900,24.5,23.875,24.625,23.875,23.875
1999-10-25,61100,24.75,24.593700408935547,24.75,24.375,24.593700408935547
1999-10-22,21100,25.0,24.5,25.0,24.4375,24.5
1999-10-21,19600,24.125,25.0,25.0,23.75,25.0
1999-10-20,34900,19.656200408935547,23.8125,24.3125,19.625,23.8125
1999-10-19,280500,17.75,18.5,18.5,17.75,18.5
1999-10-18,300900,17.625,17.5,17.875,17.25,17.5
1999-10-15,39500,17.1875,18.0,18.0,16.75,18.0
1999-10-14,526600,15.968700408935547,17.875,18.75,15.968700408935547,17.875
1999-10-13,90600,16.625,16.0,16.625,14.3125,16.0
1999-10-12,342000,19.5,16.75,19.5,16.5625,16.75
1999-10-11,4900,19.843700408935547,19.0,19.843700408935547,19.0,19.0
1999-10-08,45400,19.8125,19.625,19.906200408935547,19.625,19.625
1999-10-07,51100,19.906200408935547,19.8125,20.0,19.8125,19.8125
1999-10-06,198200,20.625,20.0,20.625,19.75,20.0
1999-10-05,123300,20.9375,20.4375,21.0,20.4375,20.4375
1999-10-04,83200,22.6875,20.625,22.6875,20.625,20.625
1999-10-01,76900,23.5,22.625,23.5,22.5,22.625
1999-09-30,88500,22.3125,23.875,24.0,22.3125,23.875
1999-09-29,176300,22.9375,22.5,23.0,22.1875,22.5
1999-09-28,108700,24.625,23.0625,24.625,22.75,23.0625
1999-09-27,49000,24.156200408935547,24.5625,24.875,24.156200408935547,24.5625
1999-09-24,68400,25.031200408935547,24.5,25.031200408935547,22.875,24.5
1999-09-23,32400,26.5,25.718700408935547,26.5,25.5,25.718700408935547
1999-09-22,65700,27.0,26.5,27.625,26.5,26.5
1999-09-21,55600,27.5,27.0,27.5,26.875,27.0
1999-09-20,75800,28.125,27.625,28.25,27.0,27.625
1999-09-17,12100,29.0,28.125,29.0,28.0,28.125
1999-09-16,22700,30.875,28.5,30.875,28.5,28.5
1999-09-15,149800,29.3125,31.5,31.875,28.875,31.5
1999-09-14,147000,30.0,29.6875,30.0,29.3125,29.6875
1999-09-13,79100,30.6875,29.0,30.6875,29.0,29.0
1999-09-10,18000,30.625,30.625,30.875,30.5625,30.625
1999-09-09,44500,30.9375,30.75,31.0,30.125,30.75
1999-09-08,234300,30.375,30.5,30.9375,30.0,30.5
1999-09-07,24200,29.3125,30.625,31.0,29.125,30.625
1999-09-03,79100,29.625,29.625,29.75,29.375,29.625
1999-09-02,24600,30.125,29.625,30.125,29.375,29.625
1999-09-01,88500,29.0,30.0,30.625,29.0,30.0
1999-08-31,29900,28.875,28.6875,30.125,28.0,28.6875
1999-08-30,34600,28.625,28.75,28.875,28.0,28.75
1999-08-27,59700,28.625,27.9375,28.625,27.75,27.9375
1999-08-26,50700,27.875,28.0,28.625,27.875,28.0
1999-08-25,56800,27.0625,27.5,27.625,26.6875,27.5
1999-08-24,29000,26.968700408935547,27.125,27.125,26.75,27.125
1999-08-23,15100,26.8125,26.75,27.375,26.5,26.75
1999-08-20,34400,27.5625,27.375,28.0,26.625,27.375
1999-08-19,70400,26.125,27.0,27.625,26.0,27.0
1999-08-18,289800,25.25,26.0,26.75,24.625,26.0
1999-08-17,17800,24.25,24.875,25.25,24.25,24.875
1999-08-16,27400,26.25,24.25,26.25,24.125,24.25
1999-08-13,450300,24.375,25.75,26.125,24.25,25.75
1999-08-12,45500,25.125,24.125,25.125,23.4375,24.125
1999-08-11,77000,25.625,25.125,25.625,23.5625,25.125
1999-08-10,49000,28.75,25.125,28.75,24.375,25.125
1999-08-09,190200,29.5,29.0,30.0,28.875,29.0
1999-08-06,3200,29.5,29.5,29.625,29.5,29.5
1999-08-05,259700,31.5,29.6875,31.625,28.5,29.6875
1999-08-04,31900,35.0,32.0,35.0,31.5,32.0
1999-08-03,124600,37.875,35.0,38.25,34.5,35.0
1999-08-02,5700,38.25,37.25,38.25,37.25,37.25
1999-07-30,69500,39.625,38.25,40.0,37.625,38.25
1999-07-29,9400,40.125,39.75,40.5,39.75,39.75
1999-07-28,3500,40.125,40.1875,40.375,40.125,40.1875
1999-07-27,37100,40.5,40.875,41.375,40.0625,40.875
1999-07-26,15100,39.875,40.5,40.5,39.875,40.5
1999-07-23,10600,41.375,40.625,41.75,40.625,40.625
1999-07-22,21300,43.0625,41.875,43.0625,41.875,41.875
1999-07-21,97500,42.5625,43.0,43.875,39.8125,43.0
1999-07-20,9300,44.625,43.0,44.625,42.625,43.0
1999-07-19,8500,44.25,44.375,45.0,44.0,44.375
1999-07-16,52400,44.625,44.3125,45.375,44.25,44.3125
1999-07-15,51400,44.5,45.5,45.5,44.0,45.5
1999-07-14,38700,46.40620040893555,45.1875,46.625,45.1875,45.1875
1999-07-13,20400,47.5,46.8125,47.5,45.5,46.8125
1999-07-12,52700,45.1875,48.0,48.0,45.1875,48.0
1999-07-09,39900,45.0,46.0,46.0,45.0,46.0
1999-07-08,62700,46.0,45.5,46.125,45.0,45.5
1999-07-07,77200,45.0,46.375,46.375,44.375,46.375
1999-07-06,41500,44.25,44.75,45.0,43.875,44.75
1999-07-02,61400,43.25,44.25,44.375,42.75,44.25
1999-07-01,29500,43.25,43.0,43.25,42.0,43.0
1999-06-30,106200,42.125,43.5,44.125,42.0625,43.5
1999-06-29,70400,42.0,42.125,42.375,41.5625,42.125
1999-06-28,37500,40.75,42.125,42.875,40.75,42.125
1999-06-25,12900,40.0,40.0,40.625,40.0,40.0
1999-06-24,17400,40.25,40.0,40.75,40.0,40.0
1999-06-23,60300,39.0,40.8125,41.0,38.0,40.8125
1999-06-22,12600,38.0,39.0,39.0,38.0,39.0
1999-06-21,48300,38.0,38.625,38.625,37.5,38.625
1999-06-18,11100,36.375,38.0,38.25,36.375,38.0
1999-06-17,10000,36.375,36.5,36.75,36.125,36.5
1999-06-16,111600,36.375,36.375,36.75,36.375,36.375
1999-06-15,4500,36.625,36.5,37.5,36.5,36.5
1999-06-14,21100,36.875,37.0,37.25,36.375,37.0
1999-06-11,91100,37.75,37.0625,37.875,36.875,37.0625
1999-06-10,19600,37.0,37.6875,38.375,36.375,37.6875
1999-06-09,9000,35.375,36.625,36.9375,35.375,36.625
1999-06-08,85000,35.375,35.875,36.125,35.375,35.875
1999-06-07,41000,35.25,35.25,35.5625,35.0,35.25
1999-06-04,7800,35.6875,35.3125,35.9375,35.3125,35.3125
1999-06-03,67800,36.1875,35.875,36.1875,35.75,35.875
1999-06-02,150000,37.0,36.1875,37.0,36.125,36.1875
1999-06-01,18300,36.0,37.5,37.5,36.0,37.5
1999-05-28,18900,36.25,36.25,36.4375,36.0,36.25
1999-05-27,21300,36.25,36.25,37.875,36.125,36.25
1999-05-26,22000,35.75,36.125,36.125,35.5,36.125
1999-05-25,129600,37.625,35.9375,37.625,35.875,35.9375
1999-05-24,42500,38.25,37.625,38.25,37.5,37.625
1999-05-21,38500,37.5,37.6875,37.75,36.75,37.6875
1999-05-20,27600,36.0,37.5,37.75,36.0,37.5
1999-05-19,40700,36.0,36.75,36.75,35.875,36.75
1999-05-18,13100,37.0,36.25,37.625,36.0,36.25
1999-05-17,29100,37.0625,36.875,37.5,35.875,36.875
1999-05-14,55700,38.125,38.125,38.125,37.28120040893555,38.125
1999-05-13,52400,38.25,38.125,38.5,37.625,38.125
1999-05-12,317900,39.375,37.5,40.0,37.25,37.5
1999-05-11,195100,37.5,39.0,39.125,37.5,39.0
1999-05-10,165500,36.5,37.125,37.25,36.5,37.125
1999-05-07,176800,36.0,36.5,37.25,35.375,36.5
1999-05-06,471700,35.375,36.3125,37.0625,35.0,36.3125
1999-05-05,2650300,34.5,35.375,35.375,34.375,35.375
1999-05-04,85800,38.0,34.625,38.0,34.0,34.625
1999-05-03,30100,38.375,35.375,39.375,35.375,35.375
1999-04-30,10400,39.375,39.1875,39.375,38.25,39.1875
1999-04-29,75000,38.0,39.0625,39.125,36.75,39.0625
1999-04-28,24300,38.25,37.375,38.75,36.125,37.375
1999-04-27,33000,40.0625,39.0625,40.25,38.875,39.0625
1999-04-26,69600,39.5,40.0,41.0,39.5,40.0
1999-04-23,23300,38.125,40.0,40.0,38.125,40.0
1999-04-22,14300,34.75,37.625,37.625,34.75,37.625
1999-04-21,8100,34.25,34.75,35.0,34.25,34.75
1999-04-20,23700,39.5,34.625,39.5,33.625,34.625
1999-04-19,22200,44.125,35.25,45.125,35.25,35.25
1999-04-16,84300,45.75,43.875,46.25,42.75,43.875
1999-04-15,142000,43.25,44.5,48.625,40.25,44.5
1999-04-14,48300,35.625,43.0,46.25,35.625,43.0
1999-04-13,12000,37.0,36.75,37.0,35.625,36.75
1999-04-12,83800,36.25,36.625,36.625,34.0,36.625
1999-04-09,85800,36.75,36.375,36.75,35.75,36.375
1999-04-08,103600,37.0,37.25,37.25,36.0,37.25
1999-04-07,78200,34.0,36.0,36.875,33.375,36.0
1999-04-06,124400,32.5,33.125,33.5,31.5,33.125
1999-04-05,15600,31.1875,31.25,33.1875,30.125,31.25
1999-04-01,61700,29.5,30.0,30.0,28.5,30.0
1999-03-31,263300,29.0,29.25,33.5,28.5,29.25
1999-03-30,18000,25.75,26.5,26.5,25.5,26.5
1999-03-29,3300,24.125,25.0,25.0,24.125,25.0
1999-03-26,17600,24.0,23.5,24.0,23.0,23.5
1999-03-25,179900,22.0625,23.75,24.125,22.0625,23.75
1999-03-24,161400,22.0,21.8125,22.0,21.75,21.8125
1999-03-23,1400,23.5,22.0,23.5,21.75,22.0
1999-03-22,16400,24.125,23.75,24.125,23.75,23.75
1999-03-19,103400,24.1875,24.0,24.9375,23.625,24.0
1999-03-18,56000,21.5,23.125,23.5,21.5,23.125
1999-03-17,62800,22.5,21.875,22.5,21.625,21.875
1999-03-16,34600,20.3125,22.25,22.25,20.25,22.25
1999-03-15,34600,20.0,20.125,20.3125,20.0,20.125
1999-03-12,1500,20.0,20.0,20.0,20.0,20.0
1999-03-11,24900,20.0,20.0,20.125,19.9375,20.0
1999-03-10,11500,20.0,20.0,20.375,20.0,20.0
1999-03-09,700,20.0,20.0,20.0,20.0,20.0
1999-03-08,3100,20.125,20.0,20.375,20.0,20.0
1999-03-05,400,20.125,20.125,20.1875,20.125,20.125
1999-03-04,7400,20.5,20.0625,20.5,20.0,20.0625
1999-03-03,200,20.5,20.5,20.5,20.5,20.5
1999-03-02,87300,20.0,20.281200408935547,20.375,20.0,20.281200408935547
1999-03-01,47100,19.8125,19.75,19.875,19.6875,19.75
1999-02-26,5100,19.75,19.8125,19.8125,19.6875,19.8125
1999-02-25,64900,20.5,20.0,20.5,19.75,20.0
1999-02-24,6600,20.1875,20.25,20.5,20.1875,20.25
1999-02-23,0,21.25,21.25,21.25,21.25,21.25
1999-02-22,28400,20.5625,21.25,21.25,19.125,21.25
1999-02-19,1600,19.75,20.375,20.375,19.5,20.375
1999-02-18,10300,20.0,19.5,20.25,19.5,19.5
1999-02-17,6600,20.25,20.0,20.25,20.0,20.0
1999-02-16,1500,20.5,20.25,20.75,20.25,20.25
1999-02-12,12600,22.125,20.625,22.125,20.25,20.625
1999-02-11,22700,23.75,22.125,23.75,22.0,22.125
1999-02-10,6400,22.0,22.0,23.75,22.0,22.0
1999-02-09,39500,23.25,23.0,24.0,22.5,23.0
1999-02-08,13600,23.125,22.5,23.125,22.5,22.5
1999-02-05,124500,23.75,22.625,23.75,22.5,22.625
1999-02-04,1600,23.125,23.125,23.125,23.125,23.125
1999-02-03,300,23.0,23.75,23.75,23.0,23.75
1999-02-02,5000,23.0,22.0,23.0,22.0,22.0
1999-02-01,0,23.5,23.5,23.5,23.5,23.5
1999-01-29,0,23.5,23.5,23.5,23.5,23.5
1999-01-28,500,23.0625,23.5,23.5,23.0625,23.5
1999-01-27,2500,24.375,23.0,25.0,23.0,23.0
1999-01-26,37300,25.75,25.125,25.75,24.25,25.125
1999-01-25,47700,23.0,24.0,26.25,22.25,24.0
1999-01-22,20000,22.0,23.0,23.0,21.0,23.0
1999-01-21,8200,24.0,22.125,24.0,21.8125,22.125
1999-01-20,9400,23.25,23.25,24.0,22.0,23.25
1999-01-19,13200,24.0,23.25,24.25,22.0,23.25
1999-01-15,23700,20.25,21.5,22.5,20.0,21.5
1999-01-14,20200,19.125,20.25,20.25,19.125,20.25
1999-01-13,35100,18.125,19.0,19.0,18.125,19.0
1999-01-12,128900,19.5,18.75,19.5,18.25,18.75
1999-01-11,115800,18.875,19.5,19.75,18.875,19.5
1999-01-08,153100,20.375,18.875,20.875,18.5,18.875
1999-01-07,78100,14.125,20.375,21.25,14.125,20.375
1999-01-06,26400,13.625,14.5,15.0,13.625,14.5
1999-01-05,23200,13.375,13.625,13.625,12.75,13.625
1999-01-04,5100,13.375,12.625,13.5,12.625,12.625
1998-12-31,11400,12.0,12.625,13.25,12.0,12.625
1998-12-30,900,11.875,11.875,11.875,11.875,11.875
1998-12-29,17200,12.125,12.125,12.375,11.9375,12.125
1998-12-28,21200,12.375,12.5,12.75,12.125,12.5
1998-12-24,600,12.375,12.375,12.625,12.375,12.375
1998-12-23,48000,13.0,12.75,13.5625,12.0625,12.75
1998-12-22,3300,13.75,13.0,13.75,12.875,13.0
1998-12-21,60600,13.625,13.75,14.25,13.625,13.75
1998-12-18,99000,14.875,14.0,15.0,13.625,14.0
1998-12-17,76900,10.5,12.5,14.125,10.5,12.5
1998-12-16,144700,9.25,10.5,11.0,9.25,10.5
1998-12-15,10100,9.0,9.0625,9.25,8.75,9.0625
1998-12-14,8300,8.75,8.75,8.875,8.75,8.75
1998-12-11,15800,8.75,8.75,9.125,8.75,8.75
1998-12-10,13100,8.875,8.75,8.875,8.75,8.75
1998-12-09,16400,8.875,9.0,9.125,8.875,9.0
1998-12-08,3100,9.0,9.0,9.0,8.875,9.0
1998-12-07,8400,9.0,8.875,9.0,8.875,8.875
1998-12-04,16100,8.875,9.0,9.25,8.875,9.0
1998-12-03,98400,8.25,8.625,8.625,8.25,8.625
1998-12-02,300,8.25,8.25,8.25,8.25,8.25
1998-12-01,7600,9.0,8.5,9.0,8.25,8.5
1998-11-30,15000,9.0,9.0,9.0,9.0,9.0
1998-11-27,3700,8.5,9.0,9.0,8.5,9.0
1998-11-25,12600,8.5625,8.5,8.6875,8.5,8.5
1998-11-24,0,8.375,8.375,8.375,8.375,8.375
1998-11-23,4100,8.375,8.375,9.1875,8.375,8.375
1998-11-20,600,8.25,8.375,8.375,8.25,8.375
1998-11-19,10200,8.3125,8.4375,8.4375,8.25,8.4375
1998-11-18,12700,8.25,8.3125,8.375,8.25,8.3125
1998-11-17,15500,8.5625,8.4375,8.5625,8.3125,8.4375
1998-11-16,10500,8.625,8.75,9.125,8.625,8.75
1998-11-13,28800,8.8125,8.75,9.125,8.75,8.75
1998-11-12,3100,8.8125,9.0,9.0,8.8125,9.0
1998-11-11,3200,8.875,8.8125,8.875,8.8125,8.8125
1998-11-10,2500,8.8125,8.8125,9.125,8.75,8.8125
1998-11-09,2500,9.0625,9.0625,9.0625,9.0625,9.0625
1998-11-06,15300,9.0,9.0,9.0,8.875,9.0
1998-11-05,2300,9.25,9.0,9.25,9.0,9.0
1998-11-04,16400,9.0,9.375,10.0625,9.0,9.375
1998-11-03,6900,8.625,9.0,9.0,8.625,9.0
1998-11-02,8300,8.375,8.5,8.5,8.375,8.5
1998-10-30,10000,8.0625,8.375,8.375,8.0625,8.375
1998-10-29,11400,8.125,8.0,8.25,8.0,8.0
1998-10-28,8400,8.0,8.25,8.25,8.0,8.25
1998-10-27,14900,8.125,8.0,8.5,8.0,8.0
1998-10-26,17600,7.25,8.0625,8.125,7.25,8.0625
1998-10-23,94000,7.0,7.625,7.75,6.875,7.625
1998-10-22,6800,7.25,6.875,7.25,6.875,6.875
1998-10-21,0,7.25,7.25,7.25,7.25,7.25
1998-10-20,5300,6.75,7.25,7.25,6.75,7.25
1998-10-19,0,6.75,6.75,6.75,6.75,6.75
1998-10-16,15000,6.375,6.75,7.0,6.375,6.75
1998-10-15,1000,6.0,6.0,6.0,6.0,6.0
1998-10-14,3400,6.0,6.0,6.25,6.0,6.0
1998-10-13,1600,6.25,6.25,6.25,6.25,6.25
1998-10-12,300,6.25,6.25,6.25,6.25,6.25
1998-10-09,6300,6.25,6.25,6.25,6.25,6.25
1998-10-08,17900,6.5,6.0,6.5625,6.0,6.0
1998-10-07,6300,7.5,6.875,7.5,6.875,6.875
1998-10-06,6100,7.3125,7.375,7.5,7.3125,7.375
1998-10-05,500,7.4375,7.4375,7.4375,7.4375,7.4375
1998-10-02,6900,7.375,7.625,7.625,7.375,7.625
1998-10-01,0,7.75,7.75,7.75,7.75,7.75
1998-09-30,2000,7.75,7.75,7.75,7.75,7.75
1998-09-29,2500,8.0,8.0,8.0,8.0,8.0
1998-09-28,600,7.875,7.5,7.875,7.5,7.5
1998-09-25,7200,8.0,7.5,8.0,7.4375,7.5
1998-09-24,20300,8.3125,8.125,8.3125,7.6875,8.125
1998-09-23,52000,7.5,8.093700408935547,8.25,7.5,8.093700408935547
1998-09-22,17300,7.0,7.25,7.5,7.0,7.25
1998-09-21,0,7.25,7.25,7.25,7.25,7.25
1998-09-18,53100,6.75,7.25,7.25,6.5,7.25
1998-09-17,3600,6.125,6.5,6.5,6.125,6.5
1998-09-16,15900,5.75,6.625,6.625,5.75,6.625
1998-09-15,11500,6.0,6.125,6.125,5.625,6.125
1998-09-14,19300,5.6875,5.625,5.6875,5.625,5.625
1998-09-11,14800,5.625,5.5,5.6875,5.5,5.5
1998-09-10,41400,6.0,6.0,6.0625,5.5,6.0
1998-09-09,85100,6.3125,6.25,6.3125,6.25,6.25
1998-09-08,22600,6.25,6.25,6.3125,6.125,6.25
1998-09-04,21300,6.25,6.125,6.25,6.125,6.125
1998-09-03,6800,6.25,6.125,6.25,6.125,6.125
1998-09-02,18200,6.25,6.25,6.5,6.25,6.25
1998-09-01,50400,6.625,6.5625,6.75,6.4375,6.5625
1998-08-31,6300,7.0,6.625,7.0,6.625,6.625
1998-08-28,2500,7.25,7.0,7.25,7.0,7.0
1998-08-27,37300,7.75,7.25,7.75,7.0,7.25
1998-08-26,9500,8.0,8.0,8.25,8.0,8.0
1998-08-25,18400,8.0625,8.375,8.375,8.0625,8.375
1998-08-24,2200,8.0,8.125,8.125,8.0,8.125
1998-08-21,29500,8.375,8.0,8.375,8.0,8.0
1998-08-20,12700,8.625,8.375,8.625,8.375,8.375
1998-08-19,3500,8.625,8.75,8.75,8.625,8.75
1998-08-18,20700,8.75,8.625,8.875,8.625,8.625
1998-08-17,34500,8.875,9.0,9.0,8.75,9.0
1998-08-14,22500,9.1875,9.0,9.1875,9.0,9.0
1998-08-13,6100,9.1875,9.0,9.1875,9.0,9.0
1998-08-12,11000,9.0,9.1875,9.1875,9.0,9.1875
1998-08-11,44700,9.4375,9.0,9.4375,9.0,9.0
1998-08-10,81800,9.75,9.625,9.75,9.625,9.625
1998-08-07,97200,9.625,9.625,9.625,9.5,9.625
1998-08-06,159900,9.75,9.5,10.125,9.5,9.5
1998-08-05,18700,10.0,9.75,10.0,9.75,9.75
1998-08-04,25700,10.25,9.875,10.25,9.875,9.875
1998-08-03,6200,10.5,10.375,10.5,10.375,10.375
1998-07-31,4600,10.875,10.75,10.875,10.75,10.75
1998-07-30,27300,9.875,10.875,10.875,9.875,10.875
1998-07-29,111900,9.875,9.75,9.875,9.5,9.75
1998-07-28,25900,10.125,9.5,10.125,9.375,9.5
1998-07-27,9300,10.25,9.75,10.25,9.625,9.75
1998-07-24,22700,10.375,10.25,10.375,10.0,10.25
1998-07-23,47500,10.0625,10.125,10.625,10.0,10.125
1998-07-22,22300,9.625,10.1875,10.25,9.625,10.1875
1998-07-21,30400,10.125,10.0,10.25,10.0,10.0
1998-07-20,38800,9.875,10.125,10.1875,9.875,10.125
1998-07-17,4200,9.75,9.75,9.75,9.75,9.75
1998-07-16,13700,9.625,9.625,9.75,9.625,9.625
1998-07-15,61900,9.625,9.75,9.875,9.5,9.75
1998-07-14,60500,9.875,9.75,10.0,9.625,9.75
1998-07-13,93500,10.25,10.0,10.25,9.875,10.0
1998-07-10,96200,10.6875,9.75,10.6875,9.75,9.75
1998-07-09,15800,10.25,10.5,10.5,10.125,10.5
1998-07-08,86400,10.125,10.125,10.5,10.0,10.125
1998-07-07,20100,10.375,10.25,10.5,10.25,10.25
1998-07-06,188100,9.75,10.0625,10.625,9.75,10.0625
1998-07-02,36900,9.3125,9.75,9.75,9.1875,9.75
1998-07-01,752400,9.0,9.1875,9.5,9.0,9.1875
