date,volume,open,close,high,low,adjclose
2018-10-26,136000,79.30999755859375,78.33999633789062,79.38999938964844,77.38999938964844,78.33999633789062
2018-10-25,180600,80.66000366210938,79.11000061035156,80.69999694824219,78.63999938964844,79.11000061035156
2018-10-24,181300,79.81999969482422,80.81999969482422,81.80999755859375,79.55999755859375,80.81999969482422
2018-10-23,153500,80.08999633789062,79.63999938964844,80.55999755859375,78.87000274658203,79.63999938964844
2018-10-22,175900,80.76000213623047,80.30999755859375,81.55999755859375,80.0,80.30999755859375
2018-10-19,144200,79.0999984741211,80.5199966430664,81.20999908447266,79.0999984741211,80.5199966430664
2018-10-18,102600,79.58000183105469,79.33999633789062,80.55999755859375,79.11000061035156,79.33999633789062
2018-10-17,139700,79.13999938964844,79.66000366210938,79.72000122070312,78.2300033569336,79.66000366210938
2018-10-16,147400,78.61000061035156,79.55000305175781,79.94999694824219,78.27999877929688,79.55000305175781
2018-10-15,140600,77.66000366210938,78.86000061035156,79.38999938964844,77.66000366210938,78.86000061035156
2018-10-12,243900,79.9000015258789,77.73999786376953,80.3499984741211,77.08999633789062,77.73999786376953
2018-10-11,273300,81.4000015258789,79.76000213623047,81.61000061035156,79.66999816894531,79.76000213623047
2018-10-10,188700,81.62000274658203,81.43000030517578,83.06999969482422,81.26000213623047,81.43000030517578
2018-10-09,158300,82.22000122070312,82.05999755859375,83.1500015258789,81.87000274658203,82.05999755859375
2018-10-08,120700,81.0199966430664,82.23999786376953,82.56999969482422,80.98999786376953,82.23999786376953
2018-10-05,163700,80.19999694824219,80.66000366210938,81.1500015258789,80.13999938964844,80.66000366210938
2018-10-04,156000,79.31999969482422,80.08000183105469,80.54000091552734,78.91999816894531,80.08000183105469
2018-10-03,141200,80.37000274658203,79.44999694824219,80.8499984741211,79.02999877929688,79.44999694824219
2018-10-02,142300,78.69999694824219,79.26000213623047,79.77999877929688,78.5,79.26000213623047
2018-10-01,295100,79.08999633789062,78.66000366210938,79.36000061035156,78.08999633789062,78.66000366210938
2018-09-28,209500,77.75,79.02999877929688,79.19999694824219,77.54000091552734,79.02999877929688
2018-09-27,180000,76.94999694824219,77.87000274658203,78.22000122070312,76.94999694824219,77.87000274658203
2018-09-26,141900,78.04000091552734,76.80000305175781,78.44999694824219,76.69000244140625,76.80000305175781
2018-09-25,161700,78.69000244140625,78.04000091552734,78.98999786376953,77.81999969482422,78.04000091552734
2018-09-24,126000,79.23999786376953,78.52999877929688,79.23999786376953,77.97000122070312,78.52999877929688
2018-09-21,415200,79.5199966430664,79.4000015258789,80.05999755859375,79.25,79.4000015258789
2018-09-20,119800,78.94000244140625,79.72000122070312,79.75,78.41999816894531,79.72000122070312
2018-09-19,184900,81.62999725341797,78.63999938964844,81.62999725341797,78.29000091552734,78.63999938964844
2018-09-18,166200,82.2699966430664,81.66999816894531,82.44999694824219,81.63999938964844,81.66999816894531
2018-09-17,131600,82.25,82.18000030517578,82.5999984741211,81.75,82.18000030517578
2018-09-14,176000,82.23999786376953,82.12999725341797,82.79000091552734,81.69000244140625,82.12999725341797
2018-09-13,180000,82.22000122070312,82.79000091552734,82.8499984741211,81.04000091552734,82.79000091552734
2018-09-12,177600,82.83999633789062,82.1500015258789,83.19999694824219,82.13999938964844,82.1500015258789
2018-09-11,184900,81.7300033569336,82.91999816894531,83.08999633789062,81.7300033569336,82.91999816894531
2018-09-10,362400,80.55000305175781,82.08999633789062,82.87999725341797,80.3499984741211,82.08999633789062
2018-09-07,195900,79.91999816894531,80.37000274658203,80.72000122070312,79.91999816894531,80.37000274658203
2018-09-06,161500,79.68000030517578,80.6500015258789,80.80000305175781,79.66000366210938,80.6500015258789
2018-09-05,135700,78.3499984741211,79.54000091552734,79.58000183105469,78.3499984741211,79.54000091552734
2018-09-04,214100,77.61000061035156,78.27999877929688,78.6500015258789,77.61000061035156,78.27999877929688
2018-08-31,342800,77.23999786376953,77.31999969482422,77.55999755859375,76.83999633789062,77.31999969482422
2018-08-30,233700,77.41000366210938,76.9000015258789,77.5999984741211,76.69000244140625,76.9000015258789
2018-08-29,409300,76.88999938964844,77.22000122070312,77.77999877929688,76.22000122070312,77.22000122070312
2018-08-28,231400,77.26000213623047,76.6500015258789,77.51000213623047,76.47000122070312,76.6500015258789
2018-08-27,313300,78.43000030517578,77.16999816894531,78.58999633789062,77.0199966430664,77.16999816894531
2018-08-24,121100,78.30000305175781,78.43000030517578,78.63999938964844,77.76000213623047,78.43000030517578
2018-08-23,85600,78.95999908447266,78.22000122070312,78.95999908447266,78.06999969482422,78.22000122070312
2018-08-22,112700,80.18000030517578,78.88999938964844,80.18000030517578,78.38999938964844,78.88999938964844
2018-08-21,188200,79.98999786376953,79.73999786376953,80.2300033569336,79.30000305175781,79.73999786376953
2018-08-20,102700,81.05000305175781,79.94000244140625,81.41000366210938,79.91999816894531,79.94000244140625
2018-08-17,129100,81.05000305175781,80.91000366210938,81.66000366210938,80.58999633789062,80.91000366210938
2018-08-16,117200,79.9800033569336,81.33999633789062,81.41000366210938,79.86000061035156,81.33999633789062
2018-08-15,161800,79.62999725341797,80.04000091552734,80.63999938964844,78.68000030517578,80.04000091552734
2018-08-14,144200,78.58000183105469,79.22000122070312,80.19999694824219,78.55000305175781,79.22000122070312
2018-08-13,124700,78.87000274658203,78.45999908447266,78.87000274658203,77.91000366210938,77.94000244140625
2018-08-10,131200,79.01000213623047,78.91999816894531,80.05999755859375,78.83999633789062,78.3969497680664
2018-08-09,92400,78.30999755859375,78.7699966430664,79.01000213623047,78.30999755859375,78.24794006347656
2018-08-08,163100,78.37000274658203,78.51000213623047,79.25,75.16999816894531,77.98966979980469
2018-08-07,140700,78.68000030517578,78.29000091552734,79.55999755859375,77.7699966430664,77.77112579345703
2018-08-06,80300,78.04000091552734,78.54000091552734,78.79000091552734,77.08000183105469,78.01947021484375
2018-08-03,101500,78.95999908447266,77.93000030517578,79.80999755859375,77.8499984741211,77.41351318359375
2018-08-02,212200,77.33999633789062,79.18000030517578,79.18000030517578,76.94999694824219,78.65522766113281
2018-08-01,188400,77.62000274658203,77.79000091552734,78.0199966430664,77.08999633789062,77.27444458007812
2018-07-31,160200,76.69000244140625,78.19999694824219,78.38999938964844,76.23999786376953,77.68172454833984
2018-07-30,390400,75.63999938964844,76.5,76.91000366210938,74.77999877929688,75.99298858642578
2018-07-27,108800,78.55999755859375,77.47000122070312,78.81999969482422,77.2699966430664,76.9565658569336
2018-07-26,106100,78.44999694824219,78.48999786376953,79.2699966430664,78.05000305175781,77.96980285644531
2018-07-25,238400,78.13999938964844,78.22000122070312,79.3499984741211,78.0199966430664,77.70159149169922
2018-07-24,173700,78.12000274658203,78.3499984741211,78.52999877929688,77.33000183105469,77.83072662353516
2018-07-23,121900,78.66000366210938,78.1500015258789,79.05000305175781,77.80999755859375,77.6320571899414
2018-07-20,117500,78.91999816894531,78.72000122070312,78.91999816894531,77.76000213623047,78.19828033447266
2018-07-19,101500,77.80000305175781,79.08999633789062,79.1500015258789,77.44000244140625,78.56582641601562
2018-07-18,129900,77.58000183105469,77.52999877929688,77.58999633789062,76.63999938964844,77.01616668701172
2018-07-17,159900,78.72000122070312,77.52999877929688,78.72000122070312,77.44000244140625,77.01616668701172
2018-07-16,146900,79.72000122070312,78.54000091552734,79.72000122070312,78.29000091552734,78.01947021484375
2018-07-13,222900,80.08999633789062,79.72000122070312,80.66999816894531,79.6500015258789,79.191650390625
2018-07-12,233100,79.79000091552734,80.08000183105469,80.23999786376953,79.23999786376953,79.54927062988281
2018-07-11,161300,79.11000061035156,79.79000091552734,80.20999908447266,78.87999725341797,79.26118469238281
2018-07-10,160300,77.7699966430664,79.26000213623047,79.41999816894531,77.18000030517578,78.73470306396484
2018-07-09,338800,79.91999816894531,77.7699966430664,79.91999816894531,77.5199966430664,77.25457000732422
2018-07-06,373900,79.0999984741211,79.98999786376953,80.31999969482422,78.86000061035156,79.4598617553711
2018-07-05,495200,78.01000213623047,78.87999725341797,78.91000366210938,77.81999969482422,78.35721588134766
2018-07-03,184500,76.91000366210938,78.13999938964844,78.5,76.77999877929688,77.62212371826172
2018-07-02,232300,75.88999938964844,76.8499984741211,76.88999938964844,75.72000122070312,76.34066772460938
2018-06-29,173200,76.72000122070312,76.2699966430664,77.0,76.23999786376953,75.76451110839844
2018-06-28,303800,76.19000244140625,76.83000183105469,77.04000091552734,76.19000244140625,76.32080841064453
2018-06-27,192100,76.55000305175781,75.9800033569336,76.77999877929688,75.80999755859375,75.4764404296875
2018-06-26,279500,76.69999694824219,76.58999633789062,77.1500015258789,76.4000015258789,76.08238983154297
2018-06-25,335700,77.95999908447266,76.80999755859375,78.13999938964844,76.58999633789062,76.30093383789062
2018-06-22,461200,78.58000183105469,77.95999908447266,78.80999755859375,77.48999786376953,77.44331359863281
2018-06-21,222800,78.33000183105469,78.29000091552734,78.80999755859375,77.77999877929688,77.77112579345703
2018-06-20,278300,77.80999755859375,78.26000213623047,78.41999816894531,77.5199966430664,77.7413330078125
2018-06-19,312800,76.08999633789062,77.94000244140625,78.02999877929688,75.72000122070312,77.42344665527344
2018-06-18,239900,74.58999633789062,75.86000061035156,76.12000274658203,74.58999633789062,75.35723114013672
2018-06-15,361800,74.2300033569336,74.5999984741211,75.41000366210938,73.7699966430664,74.10558319091797
2018-06-14,184500,73.30000305175781,74.13999938964844,74.1500015258789,72.95999908447266,73.64863586425781
2018-06-13,271100,73.56999969482422,72.98999786376953,73.6500015258789,72.73999786376953,72.50625610351562
2018-06-12,264200,72.70999908447266,73.55000305175781,73.75,72.62000274658203,73.06254577636719
2018-06-11,219300,74.0,72.58999633789062,74.31999969482422,72.44999694824219,72.10890197753906
2018-06-08,281800,74.45999908447266,73.88999938964844,74.97000122070312,73.80999755859375,73.4002914428711
2018-06-07,411800,73.5199966430664,74.19000244140625,74.27999877929688,72.61000061035156,73.69830322265625
2018-06-06,384800,75.38999938964844,73.33000183105469,75.6500015258789,73.20999908447266,72.84400177001953
2018-06-05,378200,76.2699966430664,75.36000061035156,76.2699966430664,75.29000091552734,74.86054992675781
2018-06-04,298300,76.48999786376953,76.23999786376953,76.77999877929688,75.98999786376953,75.73471069335938
2018-06-01,359200,75.77999877929688,76.25,76.56999969482422,75.11000061035156,75.7446517944336
2018-05-31,242200,75.94000244140625,75.69999694824219,76.5999984741211,75.48999786376953,75.19828796386719
2018-05-30,296100,74.44000244140625,75.93000030517578,76.5199966430664,74.4000015258789,75.42677307128906
2018-05-29,326300,73.5199966430664,74.69000244140625,75.01000213623047,73.19000244140625,74.19499206542969
2018-05-25,173000,73.94999694824219,73.55000305175781,73.94999694824219,73.26000213623047,73.06254577636719
2018-05-24,451600,73.04000091552734,73.55000305175781,73.6500015258789,72.26000213623047,73.06254577636719
2018-05-23,386000,71.29000091552734,72.43000030517578,72.55000305175781,70.9000015258789,71.94996643066406
2018-05-22,225100,70.69999694824219,70.95999908447266,71.75,70.45999908447266,70.48970794677734
2018-05-21,170700,70.86000061035156,70.70999908447266,70.86000061035156,70.33999633789062,70.24136352539062
2018-05-18,295600,71.63999938964844,70.79000091552734,71.87000274658203,70.62000274658203,70.32083892822266
2018-05-17,115700,71.48999786376953,71.0999984741211,71.80000305175781,70.94000244140625,70.62877655029297
2018-05-16,212000,72.7699966430664,71.44000244140625,73.0199966430664,71.18000030517578,70.9665298461914
2018-05-15,249300,72.63999938964844,72.55000305175781,72.95999908447266,71.9800033569336,72.06917572021484
2018-05-14,379100,72.73999786376953,73.13999938964844,73.33000183105469,72.51000213623047,72.65525817871094
2018-05-11,134300,73.08999633789062,72.81999969482422,73.23999786376953,72.23999786376953,71.82083129882812
2018-05-10,158800,72.70999908447266,72.91999816894531,73.08000183105469,72.22000122070312,71.9194564819336
2018-05-09,229500,72.68000030517578,71.9000015258789,73.2300033569336,71.52999877929688,70.9134521484375
2018-05-08,339900,73.19000244140625,72.91999816894531,73.19999694824219,71.6500015258789,71.9194564819336
2018-05-07,233300,74.48999786376953,73.48999786376953,74.55000305175781,73.19000244140625,72.48163604736328
2018-05-04,139400,73.2300033569336,74.31999969482422,74.7300033569336,72.3499984741211,73.30024719238281
2018-05-03,180200,72.87000274658203,73.30999755859375,73.37999725341797,71.94000244140625,72.3041000366211
2018-05-02,274500,72.94999694824219,73.2300033569336,73.48999786376953,72.43000030517578,72.22520446777344
2018-05-01,226300,72.98999786376953,72.79000091552734,72.98999786376953,72.30999755859375,71.79124450683594
2018-04-30,233400,74.79000091552734,72.98999786376953,74.79000091552734,72.98999786376953,71.98849487304688
2018-04-27,191700,74.18000030517578,74.69999694824219,75.38999938964844,74.05000305175781,73.6750259399414
2018-04-26,249300,73.13999938964844,74.19999694824219,74.37000274658203,72.58000183105469,73.18189239501953
2018-04-25,272800,72.72000122070312,72.62000274658203,73.16000366210938,72.33999633789062,71.62357330322266
2018-04-24,125200,72.37999725341797,72.56999969482422,72.75,72.06999969482422,71.57426452636719
2018-04-23,274200,70.97000122070312,72.11000061035156,72.22000122070312,70.97000122070312,71.12056732177734
2018-04-20,206900,71.25,71.01000213623047,71.80000305175781,70.83000183105469,70.0356674194336
2018-04-19,182400,70.66000366210938,71.26000213623047,71.43000030517578,70.30000305175781,70.28223419189453
2018-04-18,227700,71.01000213623047,70.79000091552734,71.43000030517578,70.79000091552734,69.81868743896484
2018-04-17,243700,70.86000061035156,71.05999755859375,71.47000122070312,70.55999755859375,70.08497619628906
2018-04-16,148200,68.80999755859375,70.72000122070312,70.80999755859375,68.69999694824219,69.74964141845703
2018-04-13,135400,68.72000122070312,68.95999908447266,69.0999984741211,68.20999908447266,68.0137939453125
2018-04-12,210400,69.5199966430664,68.61000061035156,69.55999755859375,68.2300033569336,67.66859436035156
2018-04-11,139100,69.22000122070312,69.29000091552734,70.19999694824219,68.4800033569336,68.33926391601562
2018-04-10,372100,69.52999877929688,69.51000213623047,69.87000274658203,69.33000183105469,68.5562515258789
2018-04-09,356000,69.3499984741211,69.41999816894531,69.87999725341797,68.44999694824219,68.46747589111328
2018-04-06,251500,68.62999725341797,69.06999969482422,69.7300033569336,68.52999877929688,68.12228393554688
2018-04-05,291900,67.41999816894531,68.66999816894531,68.8499984741211,66.94999694824219,67.72776794433594
2018-04-04,268100,67.1500015258789,67.29000091552734,67.56999969482422,66.48999786376953,66.36670684814453
2018-04-03,283200,67.79000091552734,67.55999755859375,68.08000183105469,67.05000305175781,66.63300323486328
2018-04-02,285000,67.58999633789062,67.6500015258789,68.08999633789062,66.8499984741211,66.72177124023438
2018-03-29,290700,67.9000015258789,67.62999725341797,68.5,67.55000305175781,66.70203399658203
2018-03-28,227500,67.37999725341797,67.62000274658203,68.02999877929688,66.63999938964844,66.69218444824219
2018-03-27,244300,66.69000244140625,67.19000244140625,68.12000274658203,66.08999633789062,66.26808166503906
2018-03-26,424200,66.41999816894531,66.68000030517578,66.75,65.19999694824219,65.76508331298828
2018-03-23,305200,67.43000030517578,66.19999694824219,67.97000122070312,66.12999725341797,65.29166412353516
2018-03-22,312000,68.41999816894531,67.20999908447266,69.26000213623047,67.19000244140625,66.28780364990234
2018-03-21,146800,68.73999786376953,68.5199966430664,69.22000122070312,68.30000305175781,67.57982635498047
2018-03-20,180300,69.0199966430664,68.56999969482422,69.87000274658203,67.66000366210938,67.62914276123047
2018-03-19,219300,70.38999938964844,69.4800033569336,70.38999938964844,68.6500015258789,68.52666473388672
2018-03-16,485800,69.8499984741211,70.41999816894531,70.5999984741211,69.5199966430664,69.4537582397461
2018-03-15,269600,70.4000015258789,69.94000244140625,70.52999877929688,69.58000183105469,68.9803466796875
2018-03-14,281400,70.87000274658203,70.29000091552734,71.0,69.5999984741211,69.32554626464844
2018-03-13,247700,71.05000305175781,70.6500015258789,71.11000061035156,70.27999877929688,69.68060302734375
2018-03-12,342000,69.33999633789062,70.69000244140625,71.0,69.33999633789062,69.72005462646484
2018-03-09,266900,67.87000274658203,69.26000213623047,69.33000183105469,67.12999725341797,68.30967712402344
2018-03-08,294000,67.80999755859375,67.86000061035156,68.23999786376953,67.30999755859375,66.92888641357422
2018-03-07,293400,66.87000274658203,67.61000061035156,68.19000244140625,66.87000274658203,66.68231201171875
2018-03-06,270800,67.55000305175781,67.2300033569336,67.55000305175781,66.5999984741211,66.30753326416016
2018-03-05,316400,64.12999725341797,67.55999755859375,68.0,63.90999984741211,66.63300323486328
2018-03-02,649700,63.689998626708984,64.13999938964844,64.37000274658203,62.540000915527344,63.25992965698242
2018-03-01,261500,65.81999969482422,65.36000061035156,66.94000244140625,65.12000274658203,64.46318817138672
2018-02-28,307600,70.0,65.87999725341797,70.0,65.75,64.9760513305664
2018-02-27,198200,68.83000183105469,68.19999694824219,69.94999694824219,67.75,67.26422119140625
2018-02-26,111500,69.5199966430664,68.87999725341797,70.02999877929688,68.05999755859375,67.93488311767578
2018-02-23,135900,68.02999877929688,69.16999816894531,69.23999786376953,67.70999908447266,68.22090911865234
2018-02-22,164400,66.94999694824219,67.5199966430664,68.04000091552734,66.73999786376953,66.59354400634766
2018-02-21,189400,68.08000183105469,66.87000274658203,68.5999984741211,66.83000183105469,65.95247650146484
2018-02-20,176600,68.66999816894531,68.04000091552734,68.76000213623047,67.22000122070312,67.1064224243164
2018-02-16,204900,68.58000183105469,68.8499984741211,69.29000091552734,67.77999877929688,67.90530395507812
2018-02-15,165400,67.51000213623047,68.37999725341797,68.41000366210938,67.05000305175781,67.44174194335938
2018-02-14,147900,67.30000305175781,67.05000305175781,67.97000122070312,66.9800033569336,66.12999725341797
2018-02-13,224800,69.45999908447266,68.33000183105469,69.6500015258789,67.56999969482422,66.90422821044922
2018-02-12,236700,69.94000244140625,69.80000305175781,70.18000030517578,68.55000305175781,68.34355926513672
2018-02-09,310400,67.0,69.91000366210938,70.61000061035156,66.93000030517578,68.45126342773438
2018-02-08,281600,67.94999694824219,66.68000030517578,68.91000366210938,66.61000061035156,65.28866577148438
2018-02-07,230400,67.6500015258789,68.29000091552734,69.02999877929688,67.33000183105469,66.86506652832031
2018-02-06,389300,68.69999694824219,67.95999908447266,69.61000061035156,66.91000366210938,66.54195404052734
2018-02-05,325200,71.7699966430664,69.51000213623047,72.08000183105469,69.44000244140625,68.05961608886719
2018-02-02,155300,72.95999908447266,72.22000122070312,73.30999755859375,72.12000274658203,70.71305847167969
2018-02-01,228700,73.4000015258789,73.29000091552734,74.27999877929688,72.83000183105469,71.7607421875
2018-01-31,241100,73.66999816894531,73.58000183105469,73.66999816894531,72.51000213623047,72.044677734375
2018-01-30,201200,74.23999786376953,73.44999694824219,74.80999755859375,73.43000030517578,71.91739654541016
2018-01-29,146100,75.0199966430664,74.19999694824219,75.93000030517578,74.0999984741211,72.65174865722656
2018-01-26,215000,75.66000366210938,75.19000244140625,75.93000030517578,74.43000030517578,73.62110137939453
2018-01-25,139300,74.80999755859375,75.7699966430664,75.7699966430664,74.37999725341797,74.1889877319336
2018-01-24,115100,75.54000091552734,74.7699966430664,75.9000015258789,74.73999786376953,73.20985412597656
2018-01-23,169000,74.69999694824219,75.45999908447266,75.8499984741211,74.55000305175781,73.88545989990234
2018-01-22,128600,74.30999755859375,74.5,75.08000183105469,74.08000183105469,72.94548797607422
2018-01-19,167600,74.08999633789062,74.23999786376953,75.11000061035156,73.87000274658203,72.69091033935547
2018-01-18,204600,75.66000366210938,74.30000305175781,76.08999633789062,73.5199966430664,72.74966430664062
2018-01-17,181000,75.27999877929688,76.06999969482422,76.61000061035156,75.22000122070312,74.48272705078125
2018-01-16,141700,75.94999694824219,75.04000091552734,76.55000305175781,75.04000091552734,73.4742202758789
2018-01-12,147700,76.66999816894531,75.75,76.9800033569336,75.58000183105469,74.16940307617188
2018-01-11,151700,76.01000213623047,76.80999755859375,76.91999816894531,76.01000213623047,75.20728302001953
2018-01-10,175700,77.19000244140625,76.08000183105469,77.19000244140625,75.79000091552734,74.49251556396484
2018-01-09,154400,79.1500015258789,77.69000244140625,79.1500015258789,77.33000183105469,76.06893157958984
2018-01-08,152900,78.5999984741211,79.27999877929688,79.44000244140625,78.1500015258789,77.62574005126953
2018-01-05,158300,79.25,78.83999633789062,79.69999694824219,78.51000213623047,77.1949234008789
2018-01-04,143700,79.1500015258789,79.12999725341797,79.98999786376953,79.0199966430664,77.4788818359375
2018-01-03,152000,79.87000274658203,79.11000061035156,79.94000244140625,78.56999969482422,77.45929718017578
2018-01-02,195300,80.66000366210938,79.73999786376953,81.19000244140625,79.44000244140625,78.07615661621094
2017-12-29,138000,80.9000015258789,80.4800033569336,81.30999755859375,80.43000030517578,78.80071258544922
2017-12-28,76200,80.41000366210938,80.9000015258789,80.9800033569336,80.26000213623047,79.21194458007812
2017-12-27,117900,79.9800033569336,80.36000061035156,80.87999725341797,79.70999908447266,78.68321990966797
2017-12-26,104500,80.30999755859375,80.0,80.6500015258789,79.86000061035156,78.33071899414062
2017-12-22,113800,80.98999786376953,80.2300033569336,81.0199966430664,80.19999694824219,78.5559310913086
2017-12-21,140500,81.45999908447266,80.81999969482422,82.06999969482422,80.81999969482422,79.13361358642578
2017-12-20,232400,82.87999725341797,81.73999786376953,82.93000030517578,81.68000030517578,80.034423828125
2017-12-19,346100,80.94999694824219,82.45999908447266,83.01000213623047,80.94999694824219,80.73939514160156
2017-12-18,158200,80.33999633789062,79.66999816894531,80.54000091552734,79.41000366210938,78.00760650634766
2017-12-15,698800,79.5199966430664,80.11000061035156,80.94999694824219,79.5199966430664,78.43843078613281
2017-12-14,164700,80.54000091552734,79.4000015258789,80.69999694824219,79.33999633789062,77.74324798583984
2017-12-13,169600,80.9800033569336,80.52999877929688,81.22000122070312,80.0199966430664,78.84966278076172
2017-12-12,177100,82.98999786376953,80.4800033569336,83.08000183105469,80.44999694824219,78.80071258544922
2017-12-11,196200,82.91000366210938,82.94999694824219,83.13999938964844,82.08999633789062,81.21916198730469
2017-12-08,183300,82.5999984741211,82.80999755859375,83.0199966430664,81.80999755859375,81.08208465576172
2017-12-07,255600,82.66999816894531,82.66999816894531,83.08000183105469,82.19000244140625,80.94500732421875
2017-12-06,121300,83.33000183105469,82.73999786376953,83.44999694824219,82.5199966430664,81.0135498046875
2017-12-05,198400,85.73999786376953,83.4000015258789,85.73999786376953,83.12000274658203,81.65978240966797
2017-12-04,381300,85.9800033569336,85.66000366210938,86.87000274658203,85.43000030517578,83.87262725830078
2017-12-01,356400,86.16999816894531,86.2300033569336,86.29000091552734,85.2699966430664,84.43073272705078
2017-11-30,294600,85.1500015258789,85.94000244140625,86.16999816894531,84.9800033569336,84.14678192138672
2017-11-29,291300,83.87999725341797,84.95999908447266,85.13999938964844,83.1500015258789,83.18722534179688
2017-11-28,245100,82.9800033569336,84.12000274658203,84.4000015258789,82.75,82.36476135253906
2017-11-27,234300,81.87999725341797,82.95999908447266,83.18000030517578,81.5,81.22895812988281
2017-11-24,41500,82.4000015258789,81.69999694824219,82.4000015258789,81.55000305175781,79.99524688720703
2017-11-22,217600,82.19000244140625,82.26000213623047,82.4000015258789,81.95999908447266,80.54357147216797
2017-11-21,236000,82.19000244140625,82.29000091552734,82.29000091552734,81.9000015258789,80.57293701171875
2017-11-20,464900,82.4800033569336,82.12999725341797,82.4800033569336,81.48999786376953,80.41627502441406
2017-11-17,180900,82.36000061035156,82.69000244140625,83.11000061035156,81.69999694824219,80.964599609375
2017-11-16,192000,82.76000213623047,82.8499984741211,83.06999969482422,81.77999877929688,81.12125396728516
2017-11-15,452900,82.5199966430664,82.44999694824219,82.93000030517578,81.97000122070312,80.72959899902344
2017-11-14,295100,79.16000366210938,82.69999694824219,82.7300033569336,79.16000366210938,80.9743881225586
2017-11-13,215700,79.80000305175781,79.68000030517578,80.2699966430664,79.31999969482422,77.53273010253906
2017-11-10,255600,81.22000122070312,80.08000183105469,82.08999633789062,80.02999877929688,77.92195129394531
2017-11-09,143800,82.8499984741211,81.80000305175781,83.4000015258789,81.44999694824219,79.5956039428711
2017-11-08,207500,81.23999786376953,83.19999694824219,83.27999877929688,81.01000213623047,80.9578628540039
2017-11-07,234500,80.23999786376953,81.86000061035156,82.58000183105469,79.4000015258789,79.65398406982422
2017-11-06,139900,80.73999786376953,79.93000030517578,81.16000366210938,79.87000274658203,77.7760009765625
2017-11-03,243600,81.63999938964844,80.5,81.97000122070312,80.38999938964844,78.33063507080078
2017-11-02,211200,81.66000366210938,81.83000183105469,82.41999816894531,81.2300033569336,79.62478637695312
2017-11-01,206100,82.4000015258789,81.94999694824219,82.5,81.37999725341797,79.7415542602539
2017-10-31,300900,82.19999694824219,82.38999938964844,82.80999755859375,81.86000061035156,80.1697006225586
2017-10-30,325400,82.11000061035156,82.22000122070312,82.4000015258789,81.5999984741211,80.00428009033203
2017-10-27,239200,81.25,82.19999694824219,82.2300033569336,80.45999908447266,79.98480987548828
2017-10-26,188800,80.75,80.87999725341797,81.0199966430664,79.93000030517578,78.70038604736328
2017-10-25,229000,80.05000305175781,80.19999694824219,80.61000061035156,78.83000183105469,78.03870391845703
2017-10-24,145500,80.33999633789062,80.02999877929688,80.52999877929688,79.68000030517578,77.87329864501953
2017-10-23,113100,80.37000274658203,80.4800033569336,80.48999786376953,79.76000213623047,78.31117248535156
2017-10-20,161100,79.91999816894531,80.37999725341797,80.38999938964844,79.19999694824219,78.2138671875
2017-10-19,88900,79.72000122070312,79.91000366210938,79.91000366210938,79.02999877929688,77.75653839111328
2017-10-18,143200,78.9800033569336,79.83000183105469,80.11000061035156,78.76000213623047,77.67869567871094
2017-10-17,172700,79.05999755859375,79.13999938964844,80.04000091552734,78.91000366210938,77.00727844238281
2017-10-16,158100,80.01000213623047,79.26000213623047,80.45999908447266,79.1500015258789,77.1240463256836
2017-10-13,343700,80.94000244140625,79.88999938964844,81.0999984741211,79.70999908447266,77.73706817626953
2017-10-12,195200,79.93000030517578,80.54000091552734,81.04000091552734,79.77999877929688,78.36955261230469
2017-10-11,219600,79.68000030517578,79.88999938964844,80.23999786376953,79.55999755859375,77.73706817626953
2017-10-10,214300,78.44999694824219,79.54000091552734,79.58999633789062,77.41999816894531,77.3965072631836
2017-10-09,122400,77.5999984741211,77.83999633789062,78.27999877929688,77.58999633789062,75.7423095703125
2017-10-06,124200,77.26000213623047,77.66999816894531,77.91999816894531,77.05000305175781,75.57689666748047
2017-10-05,130000,77.91999816894531,77.62999725341797,78.02999877929688,77.20999908447266,75.53797149658203
2017-10-04,356000,77.30999755859375,77.81999969482422,77.94999694824219,76.68000030517578,75.72284698486328
2017-10-03,182800,77.87999725341797,77.18000030517578,78.12999725341797,76.5999984741211,75.10010528564453
2017-10-02,205300,77.62000274658203,77.81999969482422,78.16000366210938,77.29000091552734,75.72284698486328
2017-09-29,176500,78.27999877929688,77.62000274658203,78.37999725341797,77.56999969482422,75.52824401855469
2017-09-28,117800,78.20999908447266,78.38999938964844,78.44000244140625,77.54000091552734,76.27749633789062
2017-09-27,200200,78.05000305175781,78.38999938964844,78.72000122070312,77.05999755859375,76.27749633789062
2017-09-26,149600,78.16999816894531,78.20999908447266,79.36000061035156,77.95999908447266,76.10234069824219
2017-09-25,126700,77.29000091552734,78.11000061035156,78.52999877929688,77.29000091552734,76.00503540039062
2017-09-22,112000,78.2300033569336,77.37000274658203,78.54000091552734,77.30999755859375,75.28498077392578
2017-09-21,121200,78.19999694824219,78.05000305175781,78.79000091552734,77.86000061035156,75.9466552734375
2017-09-20,158700,79.26000213623047,78.23999786376953,79.26000213623047,77.88999938964844,76.13153076171875
2017-09-19,123200,79.69000244140625,79.1500015258789,79.95999908447266,79.01000213623047,77.01701354980469
2017-09-18,96900,80.5999984741211,79.79000091552734,80.81999969482422,79.41000366210938,77.6397705078125
2017-09-15,356000,80.4800033569336,80.4800033569336,80.5999984741211,79.72000122070312,78.31117248535156
2017-09-14,191800,79.41000366210938,80.30000305175781,80.48999786376953,79.33000183105469,78.13602447509766
2017-09-13,175500,79.4000015258789,79.26000213623047,79.7300033569336,78.8499984741211,77.1240463256836
2017-09-12,127400,80.77999877929688,79.5,80.8499984741211,78.91999816894531,77.35757446289062
2017-09-11,196400,80.38999938964844,81.06999969482422,81.20999908447266,79.98999786376953,78.8852767944336
2017-09-08,145700,79.9000015258789,80.0,80.08999633789062,79.27999877929688,77.84410095214844
2017-09-07,130100,79.61000061035156,79.97000122070312,79.9800033569336,78.81999969482422,77.8149185180664
2017-09-06,162200,79.66000366210938,79.41000366210938,79.69000244140625,78.79000091552734,77.27001953125
2017-09-05,177000,79.72000122070312,79.30999755859375,80.29000091552734,79.16000366210938,77.17269897460938
2017-09-01,188900,79.83999633789062,79.58999633789062,79.87999725341797,79.38999938964844,77.44514465332031
2017-08-31,163900,79.8499984741211,79.5199966430664,80.29000091552734,79.43000030517578,77.37703704833984
2017-08-30,185300,80.04000091552734,79.5999984741211,80.20999908447266,79.5999984741211,77.45488739013672
2017-08-29,186900,80.45999908447266,80.19999694824219,80.45999908447266,79.86000061035156,78.03870391845703
2017-08-28,404800,80.29000091552734,80.23999786376953,80.98999786376953,79.83000183105469,78.07763671875
2017-08-25,180800,80.04000091552734,80.2300033569336,80.48999786376953,79.94999694824219,78.06790924072266
2017-08-24,146300,79.5,80.08999633789062,80.23999786376953,79.29000091552734,77.93167877197266
2017-08-23,132500,79.5,79.44999694824219,79.8499984741211,78.93000030517578,77.30892181396484
2017-08-22,187900,78.4800033569336,79.48999786376953,79.55000305175781,77.9800033569336,77.34784698486328
2017-08-21,126400,78.37999725341797,78.45999908447266,78.91000366210938,78.0999984741211,76.34561157226562
2017-08-18,371700,78.33999633789062,78.38999938964844,79.0,77.97000122070312,76.27749633789062
2017-08-17,178400,80.01000213623047,78.7300033569336,80.1500015258789,78.70999908447266,76.60832977294922
2017-08-16,165900,80.33999633789062,80.0,80.61000061035156,79.80000305175781,77.84410095214844
2017-08-15,318300,80.72000122070312,80.25,81.22000122070312,80.22000122070312,78.0873794555664
2017-08-14,168200,81.25,81.06999969482422,81.5199966430664,80.80999755859375,78.8852767944336
2017-08-11,286200,80.31999969482422,81.1500015258789,81.19000244140625,80.19000244140625,78.9631118774414
2017-08-10,259600,81.25,81.16999816894531,81.45999908447266,80.76000213623047,78.50090789794922
2017-08-09,224100,81.7699966430664,81.45999908447266,81.80999755859375,80.97000122070312,78.7813720703125
2017-08-08,282900,82.3499984741211,81.97000122070312,82.37000274658203,80.45999908447266,79.27461242675781
2017-08-07,224200,80.18000030517578,80.37000274658203,80.93000030517578,80.05000305175781,77.72722625732422
2017-08-04,184000,79.37999725341797,80.37000274658203,80.41999816894531,79.36000061035156,77.72722625732422
2017-08-03,215200,80.01000213623047,79.58000183105469,80.31999969482422,79.29000091552734,76.96320343017578
2017-08-02,222400,80.5,80.23999786376953,80.68000030517578,79.91000366210938,77.60149383544922
2017-08-01,255000,80.22000122070312,80.6500015258789,80.83000183105469,79.91999816894531,77.99800872802734
2017-07-31,200700,80.44000244140625,80.0999984741211,80.56999969482422,79.66999816894531,77.46609497070312
2017-07-28,204200,81.08999633789062,80.30999755859375,81.30000305175781,80.13999938964844,77.66919708251953
2017-07-27,476900,81.88999938964844,81.43000030517578,81.91000366210938,81.01000213623047,78.75236511230469
2017-07-26,283200,82.33999633789062,81.83999633789062,82.33999633789062,81.44000244140625,79.14888000488281
2017-07-25,342500,81.52999877929688,82.48999786376953,82.7699966430664,81.37000274658203,79.77751159667969
2017-07-24,305400,82.05000305175781,81.55999755859375,82.29000091552734,80.83000183105469,78.87808990478516
2017-07-21,289800,80.70999908447266,81.87999725341797,81.94000244140625,80.44000244140625,79.18756866455078
2017-07-20,328300,79.72000122070312,80.37000274658203,80.77999877929688,79.38999938964844,77.72722625732422
2017-07-19,455300,79.12999725341797,79.48999786376953,79.87000274658203,78.69000244140625,76.87615966796875
2017-07-18,705000,78.05000305175781,78.94999694824219,79.04000091552734,77.5199966430664,76.35391998291016
2017-07-17,312200,77.58999633789062,77.83999633789062,78.05999755859375,77.37999725341797,75.28040313720703
2017-07-14,371900,77.18000030517578,77.58999633789062,78.19000244140625,77.08000183105469,75.03863525390625
2017-07-13,493700,77.31999969482422,76.83999633789062,77.7300033569336,76.55999755859375,74.31328582763672
2017-07-12,641300,75.9000015258789,77.41999816894531,77.5999984741211,75.66000366210938,74.87422180175781
2017-07-11,402400,74.22000122070312,74.30000305175781,74.44000244140625,73.55999755859375,71.85681915283203
2017-07-10,278900,73.7699966430664,74.0199966430664,74.26000213623047,73.62000274658203,71.58601379394531
2017-07-07,251400,73.4000015258789,73.9800033569336,74.30999755859375,73.25,71.5473403930664
2017-07-06,317000,72.66999816894531,73.30999755859375,73.54000091552734,72.55000305175781,70.89937591552734
2017-07-05,320200,73.7300033569336,73.16999816894531,74.06999969482422,72.62000274658203,70.76397705078125
2017-07-03,164600,73.41999816894531,73.88999938964844,74.30999755859375,73.27999877929688,71.46029663085938
2017-06-30,307900,73.0,73.05999755859375,73.5199966430664,72.94999694824219,70.6575927734375
2017-06-29,287300,73.13999938964844,72.83000183105469,73.1500015258789,72.31999969482422,70.43516540527344
2017-06-28,313800,73.47000122070312,73.37000274658203,74.19999694824219,73.25,70.95740509033203
2017-06-27,358200,72.94999694824219,73.16000366210938,73.48999786376953,72.44999694824219,70.75430297851562
2017-06-26,307900,73.41000366210938,73.36000061035156,73.69000244140625,72.87999725341797,70.9477310180664
2017-06-23,555800,73.8499984741211,73.44999694824219,74.13999938964844,73.12000274658203,71.03475952148438
2017-06-22,323300,74.30999755859375,73.76000213623047,74.86000061035156,73.52999877929688,71.3345718383789
2017-06-21,158600,75.33999633789062,74.41000366210938,75.33999633789062,74.0999984741211,71.96320343017578
2017-06-20,208900,76.37000274658203,75.23999786376953,76.51000213623047,75.01000213623047,72.76589965820312
2017-06-19,220700,78.04000091552734,76.48999786376953,78.04000091552734,76.2699966430664,73.97480010986328
2017-06-16,784400,77.43000030517578,77.80999755859375,78.16999816894531,76.44999694824219,75.25139617919922
2017-06-15,168300,77.04000091552734,77.0999984741211,77.76000213623047,76.66999816894531,74.56475067138672
2017-06-14,148500,78.54000091552734,77.81999969482422,78.54000091552734,77.37000274658203,75.26107025146484
2017-06-13,187700,77.62999725341797,77.87000274658203,78.11000061035156,77.31999969482422,75.30944061279297
2017-06-12,244400,78.11000061035156,77.51000213623047,78.94999694824219,77.51000213623047,74.96126556396484
2017-06-09,250900,77.4800033569336,78.0999984741211,78.38999938964844,77.22000122070312,75.53186798095703
2017-06-08,225800,77.13999938964844,77.66999816894531,77.75,76.54000091552734,75.11601257324219
2017-06-07,207700,77.98999786376953,77.44999694824219,78.27999877929688,77.33000183105469,74.90322875976562
2017-06-06,243200,78.97000122070312,77.79000091552734,79.12999725341797,77.4800033569336,75.23206329345703
2017-06-05,247300,80.45999908447266,78.66999816894531,80.58999633789062,78.6500015258789,76.08311462402344
2017-06-02,266300,81.33000183105469,80.69999694824219,81.97000122070312,80.44999694824219,78.04637145996094
2017-06-01,262700,79.77999877929688,80.66999816894531,80.69000244140625,79.16000366210938,78.0173568725586
2017-05-31,335400,79.56999969482422,79.56999969482422,80.12999725341797,79.45999908447266,76.95352172851562
2017-05-30,527100,79.22000122070312,79.58999633789062,79.7699966430664,79.20999908447266,76.97286987304688
2017-05-26,264800,79.52999877929688,79.3499984741211,79.7300033569336,78.7300033569336,76.74076843261719
2017-05-25,428800,78.11000061035156,79.5199966430664,79.75,77.8499984741211,76.90516662597656
2017-05-24,366800,77.08000183105469,77.73999786376953,78.05999755859375,77.08000183105469,75.18370056152344
2017-05-23,322300,77.55999755859375,77.16000366210938,77.6500015258789,76.97000122070312,74.62276458740234
2017-05-22,390300,77.37999725341797,77.29000091552734,77.77999877929688,76.80999755859375,74.74850463867188
2017-05-19,506000,77.04000091552734,77.44000244140625,77.9800033569336,76.58000183105469,74.89356994628906
2017-05-18,435600,77.87999725341797,77.18000030517578,77.91999816894531,77.01000213623047,74.64210510253906
2017-05-17,322200,78.05999755859375,77.83999633789062,78.19000244140625,77.31999969482422,75.28040313720703
2017-05-16,217600,79.62000274658203,78.05999755859375,79.80000305175781,77.91000366210938,75.49317932128906
2017-05-15,142900,79.5999984741211,79.58999633789062,80.20999908447266,79.3499984741211,76.97286987304688
2017-05-12,147400,79.43000030517578,79.56999969482422,80.04000091552734,79.25,76.95352172851562
2017-05-11,213700,80.0199966430664,79.55999755859375,80.0199966430664,78.9800033569336,76.94384765625
2017-05-10,200000,80.5199966430664,80.81999969482422,81.0999984741211,80.29000091552734,77.68370056152344
2017-05-09,282900,82.16999816894531,80.45999908447266,82.5999984741211,80.12000274658203,77.3376693725586
2017-05-08,139600,83.52999877929688,83.22000122070312,84.30999755859375,82.56999969482422,79.99057006835938
2017-05-05,186400,83.69999694824219,84.11000061035156,84.37000274658203,83.30999755859375,80.84603118896484
2017-05-04,119200,82.98999786376953,83.54000091552734,83.61000061035156,82.33999633789062,80.29814910888672
2017-05-03,145600,83.4800033569336,83.13999938964844,83.73999786376953,82.9000015258789,79.91366577148438
2017-05-02,183100,83.30999755859375,83.93000030517578,85.23999786376953,83.26000213623047,80.67300415039062
2017-05-01,206800,83.75,83.62999725341797,83.98999786376953,82.97000122070312,80.38465881347656
2017-04-28,189300,84.05000305175781,83.76000213623047,84.06999969482422,83.43000030517578,80.50961303710938
2017-04-27,181700,84.58999633789062,84.2300033569336,85.55999755859375,84.16999816894531,80.96137237548828
2017-04-26,357900,84.08999633789062,84.4800033569336,85.0,83.87999725341797,81.2016830444336
2017-04-25,314400,83.12999725341797,84.05999755859375,84.44000244140625,83.12999725341797,80.79795837402344
2017-04-24,396700,83.9800033569336,83.19999694824219,83.9800033569336,83.05999755859375,79.97134399414062
2017-04-21,419300,83.16000366210938,83.43000030517578,84.08000183105469,83.16000366210938,80.19241333007812
2017-04-20,392100,83.27999877929688,83.3499984741211,83.44999694824219,82.44999694824219,80.11552429199219
2017-04-19,236000,84.33000183105469,83.44000244140625,84.33000183105469,83.25,80.20204162597656
2017-04-18,413800,85.29000091552734,84.16999816894531,85.41000366210938,84.01000213623047,80.90370178222656
2017-04-17,214100,83.83999633789062,85.16999816894531,85.20999908447266,83.83999633789062,81.8648910522461
2017-04-13,218700,84.6500015258789,83.83999633789062,84.76000213623047,83.69999694824219,80.58650970458984
2017-04-12,268100,84.80999755859375,84.81999969482422,84.93000030517578,84.2300033569336,81.52847290039062
2017-04-11,396500,84.56999969482422,84.91999816894531,85.47000122070312,84.3499984741211,81.62459564208984
2017-04-10,299800,84.44999694824219,84.62000274658203,85.12999725341797,83.80000305175781,81.33623504638672
2017-04-07,231500,84.41999816894531,84.38999938964844,85.2300033569336,84.33999633789062,81.11515808105469
2017-04-06,297200,84.62999725341797,84.61000061035156,85.0,83.91000366210938,81.32662963867188
2017-04-05,369600,83.87000274658203,84.62000274658203,84.7699966430664,83.5,81.33623504638672
2017-04-04,423800,83.01000213623047,83.55999755859375,84.08999633789062,82.62999725341797,80.31736755371094
2017-04-03,474800,82.61000061035156,83.12999725341797,83.4000015258789,82.22000122070312,79.904052734375
2017-03-31,338100,83.05999755859375,82.91000366210938,83.75,82.87999725341797,79.69259643554688
2017-03-30,233400,83.13999938964844,83.13999938964844,83.38999938964844,82.58000183105469,79.91366577148438
2017-03-29,170300,83.83000183105469,83.58000183105469,83.98999786376953,83.36000061035156,80.33660125732422
2017-03-28,264100,83.37000274658203,84.0,84.1500015258789,83.05000305175781,80.74029541015625
2017-03-27,338900,83.75,83.75,84.79000091552734,82.55000305175781,80.5
2017-03-24,398100,83.77999877929688,83.33999633789062,83.87000274658203,82.81999969482422,80.10591125488281
2017-03-23,262100,82.73999786376953,83.29000091552734,84.1500015258789,82.43000030517578,80.05785369873047
2017-03-22,347100,82.94000244140625,82.77999877929688,83.0199966430664,82.13999938964844,79.56764221191406
2017-03-21,315700,81.8499984741211,82.62000274658203,83.4000015258789,81.70999908447266,79.41384887695312
2017-03-20,269400,82.2699966430664,81.7300033569336,82.69999694824219,81.43000030517578,78.55838775634766
2017-03-17,1372000,82.0199966430664,82.25,82.86000061035156,80.11000061035156,79.05819702148438
2017-03-16,362900,81.87999725341797,81.8499984741211,82.02999877929688,81.51000213623047,78.6737289428711
2017-03-15,999900,81.94000244140625,82.25,82.87000274658203,81.7300033569336,79.05819702148438
2017-03-14,614200,81.93000030517578,81.62999725341797,82.05999755859375,81.33000183105469,78.46226501464844
2017-03-13,407600,82.44999694824219,82.1500015258789,82.91000366210938,82.11000061035156,78.96208953857422
2017-03-10,326300,82.91000366210938,82.66000366210938,83.4800033569336,82.2300033569336,79.45230102539062
2017-03-09,312700,83.05000305175781,82.30999755859375,83.58000183105469,82.23999786376953,79.11587524414062
2017-03-08,209500,84.0999984741211,82.95999908447266,84.33000183105469,82.91000366210938,79.74065399169922
2017-03-07,192100,84.63999938964844,84.80000305175781,85.33000183105469,84.55000305175781,81.50926208496094
2017-03-06,217200,85.44999694824219,84.93000030517578,85.91000366210938,84.58999633789062,81.63420867919922
2017-03-03,213700,86.18000030517578,86.2699966430664,86.58999633789062,85.68000030517578,82.92220306396484
2017-03-02,173600,85.30999755859375,86.0999984741211,86.58000183105469,84.95999908447266,82.75880432128906
2017-03-01,342900,84.52999877929688,85.76000213623047,86.05000305175781,84.05000305175781,82.43199920654297
2017-02-28,355600,85.51000213623047,85.52999877929688,86.6500015258789,84.8499984741211,82.21092224121094
2017-02-27,308000,85.62000274658203,85.54000091552734,85.7699966430664,85.0,82.22053527832031
2017-02-24,182300,85.62999725341797,85.30000305175781,86.3499984741211,85.12000274658203,81.98985290527344
2017-02-23,212200,85.02999877929688,85.44000244140625,85.52999877929688,84.5999984741211,82.12442779541016
2017-02-22,158100,83.83000183105469,84.5,84.68000030517578,83.29000091552734,81.22089385986328
2017-02-21,294600,82.66999816894531,83.83000183105469,84.0,82.41000366210938,80.57689666748047
2017-02-17,186700,83.91999816894531,83.18000030517578,83.91999816894531,82.47000122070312,79.95211791992188
2017-02-16,181100,83.12999725341797,83.51000213623047,83.52999877929688,82.7300033569336,80.26931762695312
2017-02-15,98100,82.4000015258789,82.93000030517578,83.05000305175781,80.48999786376953,79.7118148803711
2017-02-14,257000,82.55999755859375,82.8499984741211,82.98999786376953,82.13999938964844,79.63491821289062
2017-02-13,132700,82.29000091552734,82.87000274658203,82.94000244140625,81.69999694824219,79.65414428710938
2017-02-10,126000,81.72000122070312,82.80999755859375,82.94000244140625,81.4800033569336,79.16393280029297
2017-02-09,254500,81.61000061035156,81.72000122070312,82.16999816894531,81.44999694824219,78.12193298339844
2017-02-08,193300,81.80999755859375,81.66999816894531,82.80999755859375,81.5199966430664,78.07412719726562
2017-02-07,208300,81.75,81.7699966430664,82.25,81.11000061035156,78.16972351074219
2017-02-06,189500,82.0999984741211,81.55999755859375,82.30999755859375,81.20999908447266,77.96896362304688
2017-02-03,197400,80.87999725341797,81.88999938964844,82.05999755859375,80.4000015258789,78.2844467163086
2017-02-02,274200,79.4000015258789,80.26000213623047,80.33999633789062,79.04000091552734,76.72621154785156
2017-02-01,210600,79.9800033569336,78.93000030517578,80.5,78.55999755859375,75.45478057861328
2017-01-31,321200,78.48999786376953,80.56999969482422,80.76000213623047,78.45999908447266,77.0225601196289
2017-01-30,276800,78.76000213623047,78.41000366210938,78.76000213623047,77.88999938964844,74.95767211914062
2017-01-27,157300,79.91999816894531,79.11000061035156,80.11000061035156,78.86000061035156,75.62683868408203
2017-01-26,175200,78.87999725341797,79.83000183105469,80.44000244140625,78.87999725341797,76.31513977050781
2017-01-25,300500,79.12000274658203,78.91999816894531,79.72000122070312,78.80000305175781,75.4452133178711
2017-01-24,190100,78.23999786376953,79.13999938964844,79.62000274658203,78.23999786376953,75.65552520751953
2017-01-23,173800,78.18000030517578,78.48999786376953,78.61000061035156,77.97000122070312,75.03414154052734
2017-01-20,291100,77.37000274658203,77.97000122070312,78.3499984741211,77.37000274658203,74.53703308105469
2017-01-19,176600,77.76000213623047,77.37000274658203,78.4000015258789,77.30000305175781,73.96347045898438
2017-01-18,225000,77.94999694824219,78.25,78.98999786376953,77.76000213623047,74.8047103881836
2017-01-17,229300,78.51000213623047,78.0,78.87999725341797,77.91000366210938,74.56571960449219
2017-01-13,228400,78.25,78.31999969482422,78.95999908447266,77.97000122070312,74.87162017822266
2017-01-12,448700,76.58000183105469,78.44000244140625,78.51000213623047,76.0,74.98634338378906
2017-01-11,203700,76.94999694824219,77.58000183105469,77.79000091552734,76.80999755859375,74.1642074584961
2017-01-10,204000,75.87000274658203,76.86000061035156,77.06999969482422,75.62999725341797,73.47589874267578
2017-01-09,269700,77.88999938964844,76.0199966430664,77.88999938964844,75.86000061035156,72.67289733886719
2017-01-06,234500,77.20999908447266,77.5999984741211,78.23999786376953,77.20999908447266,74.18334197998047
2017-01-05,156200,78.52999877929688,77.83000183105469,78.63999938964844,77.3499984741211,74.40320587158203
2017-01-04,353800,76.9000015258789,78.44000244140625,78.73999786376953,76.9000015258789,74.98634338378906
2017-01-03,247800,76.98999786376953,76.41000366210938,77.19000244140625,75.66000366210938,73.04572296142578
2016-12-30,198000,76.52999877929688,76.62000274658203,77.02999877929688,76.06999969482422,73.24647521972656
2016-12-29,119900,75.98999786376953,76.55999755859375,76.88999938964844,75.95999908447266,73.1891098022461
2016-12-28,142800,76.69999694824219,75.43000030517578,76.7300033569336,75.30000305175781,72.1088638305664
2016-12-27,166200,76.04000091552734,76.56999969482422,76.91000366210938,71.51000213623047,73.19866943359375
2016-12-23,144800,76.33000183105469,76.04000091552734,76.44999694824219,75.55000305175781,72.69202423095703
2016-12-22,186300,76.26000213623047,76.01000213623047,76.37999725341797,75.6500015258789,72.66333770751953
2016-12-21,213200,76.22000122070312,76.05999755859375,77.0199966430664,75.97000122070312,72.71112823486328
2016-12-20,202100,76.33999633789062,76.41999816894531,76.76000213623047,75.7300033569336,73.0552749633789
2016-12-19,319300,76.47000122070312,76.4800033569336,76.73999786376953,75.37000274658203,73.11265563964844
2016-12-16,880800,76.63999938964844,76.0199966430664,77.54000091552734,75.66999816894531,72.67289733886719
2016-12-15,274000,74.45999908447266,75.69000244140625,76.02999877929688,74.13999938964844,72.35743713378906
2016-12-14,347100,77.3499984741211,74.4800033569336,77.9000015258789,74.4800033569336,71.2007064819336
2016-12-13,517800,75.87999725341797,76.63999938964844,76.66999816894531,74.80000305175781,73.26559448242188
2016-12-12,464500,74.56999969482422,75.19000244140625,75.41999816894531,73.97000122070312,71.87944793701172
2016-12-09,375500,75.87999725341797,74.87000274658203,75.9800033569336,74.5,71.57352447509766
2016-12-08,402200,73.75,75.54000091552734,75.91000366210938,73.27999877929688,72.21403503417969
2016-12-07,229200,74.13999938964844,74.76000213623047,74.86000061035156,73.83999633789062,71.46837615966797
2016-12-06,290800,74.19000244140625,73.81999969482422,74.77999877929688,73.58999633789062,70.56975555419922
2016-12-05,180600,73.76000213623047,74.0,74.06999969482422,72.91999816894531,70.74182891845703
2016-12-02,443300,74.13999938964844,73.76000213623047,74.13999938964844,72.9000015258789,70.51239776611328
2016-12-01,308500,73.44000244140625,73.33000183105469,75.18000030517578,72.72000122070312,70.10133361816406
2016-11-30,287500,75.11000061035156,74.12999725341797,75.79000091552734,74.12000274658203,70.86610412597656
2016-11-29,270700,75.30999755859375,76.19999694824219,76.61000061035156,75.08000183105469,72.84496307373047
2016-11-28,218600,75.06999969482422,75.44000244140625,75.66000366210938,74.76000213623047,72.1184310913086
2016-11-25,109900,73.98999786376953,74.87000274658203,75.04000091552734,73.98999786376953,71.57352447509766
2016-11-23,482000,74.4800033569336,73.94999694824219,75.06999969482422,73.38999938964844,70.69402313232422
2016-11-22,165300,74.6500015258789,75.68000030517578,75.83999633789062,74.04000091552734,72.34786987304688
2016-11-21,249500,73.29000091552734,74.44999694824219,74.44999694824219,72.87000274658203,71.17201232910156
2016-11-18,360600,72.0999984741211,72.86000061035156,73.12000274658203,71.88999938964844,69.65203094482422
2016-11-17,160100,72.58000183105469,72.0999984741211,73.20999908447266,71.94000244140625,68.92548370361328
2016-11-16,259800,72.75,72.58999633789062,73.22000122070312,71.66000366210938,69.39391326904297
2016-11-15,165000,72.41999816894531,72.93000030517578,73.41999816894531,72.37000274658203,69.71894836425781
2016-11-14,242600,71.12999725341797,72.33000183105469,72.3499984741211,70.83000183105469,69.14535522460938
2016-11-11,359800,70.94000244140625,71.58999633789062,72.37999725341797,70.68000030517578,68.43795776367188
2016-11-10,451000,71.58000183105469,71.25,72.62999725341797,69.8499984741211,68.11290740966797
2016-11-09,274500,71.58999633789062,71.95999908447266,72.52999877929688,70.4800033569336,68.36146545410156
2016-11-08,236900,72.48999786376953,73.13999938964844,74.31999969482422,71.83999633789062,69.48246002197266
2016-11-07,213300,71.25,72.33999633789062,72.79000091552734,70.81999969482422,68.72245788574219
2016-11-04,281300,71.69000244140625,70.47000122070312,72.04000091552734,70.45999908447266,66.94599151611328
2016-11-03,175500,70.52999877929688,71.30999755859375,71.41000366210938,70.12000274658203,67.74395751953125
2016-11-02,279200,71.23999786376953,70.55000305175781,71.30000305175781,70.0999984741211,67.02198791503906
2016-11-01,277000,72.30000305175781,71.25,72.88999938964844,71.0999984741211,67.68696594238281
2016-10-31,270000,71.58000183105469,72.45999908447266,73.2300033569336,71.58000183105469,68.83646392822266
2016-10-28,169800,70.94000244140625,71.41000366210938,72.01000213623047,70.81999969482422,67.8389892578125
2016-10-27,273400,70.30000305175781,70.94000244140625,71.08999633789062,70.13999938964844,67.39247131347656
2016-10-26,179500,70.26000213623047,70.62999725341797,71.16999816894531,69.94000244140625,67.09796905517578
2016-10-25,286300,69.5999984741211,70.62999725341797,70.63999938964844,69.56999969482422,67.09796905517578
2016-10-24,265400,70.2300033569336,69.5999984741211,70.26000213623047,69.4000015258789,66.1194839477539
2016-10-21,240900,69.0199966430664,69.51000213623047,69.77999877929688,69.0199966430664,66.03398132324219
2016-10-20,161400,69.62999725341797,69.52999877929688,69.81999969482422,69.08000183105469,66.052978515625
2016-10-19,218800,68.93000030517578,69.37999725341797,69.83999633789062,68.7699966430664,65.91048431396484
2016-10-18,262600,68.37999725341797,69.02999877929688,69.19999694824219,67.58000183105469,65.57798767089844
2016-10-17,204900,66.83999633789062,67.9000015258789,67.93000030517578,66.83999633789062,64.50450134277344
2016-10-14,185500,66.93000030517578,66.7699966430664,67.45999908447266,66.55000305175781,63.430999755859375
2016-10-13,619300,66.98999786376953,67.01000213623047,67.68000030517578,66.0999984741211,63.65900421142578
2016-10-12,160900,64.3499984741211,65.70999908447266,65.83000183105469,64.3499984741211,62.42402648925781
2016-10-11,139000,65.66999816894531,64.3499984741211,65.66999816894531,64.26000213623047,61.132022857666016
2016-10-10,235600,65.12999725341797,65.94999694824219,66.3499984741211,65.12999725341797,62.65200424194336
2016-10-07,174500,66.37000274658203,65.12999725341797,66.51000213623047,64.77999877929688,61.87301254272461
2016-10-06,148100,65.3499984741211,65.94999694824219,66.19999694824219,65.0999984741211,62.65200424194336
2016-10-05,251000,65.77999877929688,65.68000030517578,66.12000274658203,64.87999725341797,62.3955192565918
2016-10-04,456800,68.44999694824219,65.56999969482422,68.44999694824219,65.0,62.291019439697266
2016-10-03,162100,69.70999908447266,68.52999877929688,69.70999908447266,68.37000274658203,65.10298919677734
2016-09-30,239400,71.13999938964844,69.86000061035156,71.13999938964844,69.30999755859375,66.3664779663086
2016-09-29,165700,71.66999816894531,70.54000091552734,71.66999816894531,70.11000061035156,67.0124740600586
2016-09-28,169800,72.04000091552734,72.0,72.33000183105469,71.12000274658203,68.39946746826172
2016-09-27,113400,72.91000366210938,72.22000122070312,73.06999969482422,72.0,68.60846710205078
2016-09-26,143500,73.08999633789062,72.58000183105469,73.08999633789062,72.18000030517578,68.9504623413086
2016-09-23,154000,73.3499984741211,73.12999725341797,73.7699966430664,73.0999984741211,69.47296905517578
2016-09-22,183600,73.0199966430664,73.88999938964844,74.02999877929688,72.76000213623047,70.19495391845703
2016-09-21,238600,70.41000366210938,72.62999725341797,72.63999938964844,70.18000030517578,68.99795532226562
2016-09-20,157800,70.48999786376953,70.1500015258789,70.80000305175781,70.08999633789062,66.64197540283203
2016-09-19,213500,69.37999725341797,70.16999816894531,70.27999877929688,69.23999786376953,66.6609878540039
2016-09-16,469900,68.66000366210938,69.0199966430664,69.16000366210938,67.97000122070312,65.5684814453125
2016-09-15,248100,68.41999816894531,68.55000305175781,68.75,68.06999969482422,65.12200927734375
2016-09-14,188300,68.75,68.33000183105469,69.06999969482422,68.05000305175781,64.9129867553711
2016-09-13,211500,69.43000030517578,68.62000274658203,69.6500015258789,68.51000213623047,65.18849182128906
2016-09-12,193600,69.2699966430664,69.62999725341797,69.66000366210938,69.0,66.1479721069336
2016-09-09,220700,71.73999786376953,69.05999755859375,71.73999786376953,69.05999755859375,65.60648345947266
2016-09-08,164700,72.23999786376953,72.41000366210938,72.81999969482422,72.0,68.7889633178711
2016-09-07,201300,71.5,72.47000122070312,72.48999786376953,70.72000122070312,68.8459701538086
2016-09-06,148200,71.05000305175781,71.41000366210938,71.5199966430664,70.69999694824219,67.8389892578125
2016-09-02,231500,70.23999786376953,70.81999969482422,70.9000015258789,69.76000213623047,67.2784652709961
2016-09-01,173000,69.83000183105469,69.81999969482422,70.04000091552734,69.45999908447266,66.32848358154297
2016-08-31,193900,70.12999725341797,69.81999969482422,70.31999969482422,69.69000244140625,66.32848358154297
2016-08-30,144600,70.94999694824219,70.04000091552734,71.18000030517578,69.77999877929688,66.53748321533203
2016-08-29,119700,70.44000244140625,70.76000213623047,71.5,70.44000244140625,67.22148132324219
2016-08-26,135400,72.25,70.37999725341797,72.76000213623047,70.26000213623047,66.8604736328125
2016-08-25,161200,71.69999694824219,72.12000274658203,72.33999633789062,71.69999694824219,68.51347351074219
2016-08-24,193200,71.66999816894531,71.63999938964844,71.69999694824219,71.16999816894531,68.0574722290039
2016-08-23,123200,72.55000305175781,71.94999694824219,72.91000366210938,71.93000030517578,68.35196685791016
2016-08-22,149800,72.19999694824219,72.4800033569336,72.62000274658203,71.91000366210938,68.85546875
2016-08-19,363100,72.54000091552734,72.02999877929688,72.62999725341797,71.63999938964844,68.42796325683594
2016-08-18,192300,71.55999755859375,72.9000015258789,72.91999816894531,71.55999755859375,69.25446319580078
2016-08-17,238900,70.43000030517578,71.45999908447266,71.5,70.04000091552734,67.88646697998047
2016-08-16,230500,72.0,70.7699966430664,72.0,70.73999786376953,67.23097229003906
2016-08-15,229300,73.0199966430664,72.12999725341797,73.55000305175781,72.08999633789062,68.52296447753906
2016-08-12,230400,72.91000366210938,73.04000091552734,74.08000183105469,72.87999725341797,69.38746643066406
2016-08-11,301500,73.1500015258789,72.7300033569336,73.23999786376953,72.5199966430664,69.09295654296875
2016-08-10,277000,74.5199966430664,73.68000030517578,74.72000122070312,73.52999877929688,69.56795501708984
2016-08-09,368400,75.22000122070312,74.37000274658203,75.68000030517578,73.75,70.21945190429688
2016-08-08,252600,75.55999755859375,75.43000030517578,76.61000061035156,75.05999755859375,71.22027587890625
2016-08-05,234600,76.05000305175781,75.9000015258789,76.05000305175781,75.16999816894531,71.66407012939453
2016-08-04,166400,76.19000244140625,76.25,76.76000213623047,75.61000061035156,71.9945297241211
2016-08-03,121700,77.19999694824219,76.23999786376953,77.19999694824219,75.87000274658203,71.98509216308594
2016-08-02,205100,76.69999694824219,76.97000122070312,77.19999694824219,76.66999816894531,72.67435455322266
2016-08-01,216900,77.30999755859375,77.08999633789062,77.45999908447266,76.70999908447266,72.78764343261719
2016-07-29,221800,77.08999633789062,77.5,78.08999633789062,77.05000305175781,73.17476654052734
2016-07-28,230500,76.3499984741211,77.06999969482422,77.2300033569336,76.29000091552734,72.76876068115234
2016-07-27,276300,77.30000305175781,76.3499984741211,77.37000274658203,75.5,72.08895111083984
2016-07-26,323900,77.72000122070312,77.33999633789062,77.83999633789062,76.87999725341797,73.02369689941406
2016-07-25,330500,77.06999969482422,77.88999938964844,78.2699966430664,76.94999694824219,73.54299926757812
2016-07-22,236500,77.83000183105469,78.83000183105469,78.97000122070312,77.83000183105469,74.4305419921875
2016-07-21,274600,77.11000061035156,77.73999786376953,77.80000305175781,75.94999694824219,73.40137481689453
2016-07-20,204900,77.91999816894531,77.43000030517578,77.91999816894531,77.36000061035156,73.10867309570312
2016-07-19,227000,78.38999938964844,77.94999694824219,78.38999938964844,77.63999938964844,73.59963989257812
2016-07-18,211800,78.41000366210938,78.16999816894531,78.80000305175781,77.91000366210938,73.80736541748047
2016-07-15,413300,77.8499984741211,78.08000183105469,78.19999694824219,77.43000030517578,73.7223892211914
2016-07-14,328300,77.98999786376953,77.55000305175781,78.16999816894531,77.13999938964844,73.22197723388672
2016-07-13,276700,77.87999725341797,77.98999786376953,78.41000366210938,77.79000091552734,73.63741302490234
2016-07-12,389200,77.45999908447266,77.43000030517578,78.30999755859375,76.58999633789062,73.10867309570312
2016-07-11,250300,76.77999877929688,77.48999786376953,77.58000183105469,75.80000305175781,73.16532135009766
2016-07-08,577000,76.5999984741211,76.8499984741211,77.0,75.58999633789062,72.56102752685547
2016-07-07,630200,77.55000305175781,76.44999694824219,77.9000015258789,76.37999725341797,72.18335723876953
2016-07-06,407400,77.7699966430664,77.80999755859375,78.69999694824219,77.36000061035156,73.46745300292969
2016-07-05,567500,78.2699966430664,77.9000015258789,79.27999877929688,77.5999984741211,73.55245208740234
2016-07-01,626900,78.83999633789062,78.12999725341797,79.58000183105469,77.69999694824219,73.76960754394531
2016-06-30,8465800,77.13999938964844,78.70999908447266,79.43000030517578,77.13999938964844,74.3172378540039
2016-06-29,247100,76.41000366210938,76.68000030517578,77.44000244140625,76.41000366210938,72.40052795410156
2016-06-28,301900,75.80000305175781,75.91000366210938,76.20999908447266,74.69000244140625,71.67350769042969
2016-06-27,275300,74.69999694824219,75.58000183105469,75.87999725341797,74.43000030517578,71.36192321777344
2016-06-24,553400,73.2300033569336,74.72000122070312,75.30999755859375,73.16000366210938,70.54991912841797
2016-06-23,144400,74.66999816894531,74.76000213623047,74.91999816894531,74.2300033569336,70.58768463134766
2016-06-22,137400,74.8499984741211,74.45999908447266,74.97000122070312,74.0999984741211,70.30442810058594
2016-06-21,224500,74.73999786376953,74.8499984741211,75.12999725341797,74.38999938964844,70.67266082763672
2016-06-20,228000,75.18000030517578,74.76000213623047,75.30000305175781,73.94999694824219,70.58768463134766
2016-06-17,289000,74.91999816894531,74.7300033569336,75.19000244140625,73.75,70.55935668945312
2016-06-16,150100,74.44000244140625,74.73999786376953,75.0,74.43000030517578,70.56879425048828
2016-06-15,150600,74.8499984741211,74.30000305175781,74.91999816894531,73.72000122070312,70.15335845947266
2016-06-14,149400,74.04000091552734,74.8499984741211,74.93000030517578,73.80000305175781,70.67266082763672
2016-06-13,122100,74.18000030517578,74.0999984741211,74.70999908447266,73.91999816894531,69.96451568603516
2016-06-10,134300,74.58000183105469,74.16000366210938,74.69999694824219,73.77999877929688,70.02117919921875
2016-06-09,178200,73.41999816894531,74.66999816894531,74.83999633789062,73.11000061035156,70.50270080566406
2016-06-08,152400,72.72000122070312,73.58000183105469,73.6500015258789,72.69000244140625,69.4735336303711
2016-06-07,165500,72.41000366210938,72.7699966430664,72.94999694824219,71.83000183105469,68.708740234375
2016-06-06,194200,71.69999694824219,72.2699966430664,72.5,71.37999725341797,68.23664093017578
2016-06-03,210200,71.12000274658203,71.72000122070312,72.08999633789062,70.8499984741211,67.71734619140625
2016-06-02,118300,70.36000061035156,70.58999633789062,70.83999633789062,69.7699966430664,66.65040588378906
2016-06-01,225500,69.33000183105469,70.52999877929688,70.58999633789062,69.18000030517578,66.59375762939453
2016-05-31,243000,69.62999725341797,69.43000030517578,69.62999725341797,68.4000015258789,65.5551528930664
2016-05-27,144500,69.25,69.98999786376953,70.02999877929688,68.87000274658203,66.08389282226562
2016-05-26,149300,68.97000122070312,69.22000122070312,69.61000061035156,67.69000244140625,65.35686492919922
2016-05-25,161600,69.06999969482422,68.9800033569336,69.3499984741211,68.58000183105469,65.1302719116211
2016-05-24,247800,67.7300033569336,69.19000244140625,69.22000122070312,67.5999984741211,65.32853698730469
2016-05-23,210100,68.19000244140625,67.58999633789062,68.83000183105469,67.37000274658203,63.81783676147461
2016-05-20,186500,68.13999938964844,68.04000091552734,68.26000213623047,67.56999969482422,64.24272155761719
2016-05-19,149800,67.44999694824219,67.80999755859375,67.94000244140625,67.12999725341797,64.02555847167969
2016-05-18,230300,67.91000366210938,67.5999984741211,69.20999908447266,67.37999725341797,63.8272705078125
2016-05-17,333700,70.0,68.05000305175781,70.38999938964844,67.70999908447266,64.25216674804688
2016-05-16,177800,70.0,70.30999755859375,70.51000213623047,69.31999969482422,66.38602447509766
2016-05-13,351500,68.81999969482422,69.88999938964844,69.97000122070312,68.30999755859375,65.98947143554688
2016-05-12,269100,68.61000061035156,69.19000244140625,69.52999877929688,67.94000244140625,65.32853698730469
2016-05-11,175500,68.0,69.05000305175781,69.05999755859375,68.0,64.77146911621094
2016-05-10,179100,67.81999969482422,68.12000274658203,68.27999877929688,67.19000244140625,63.89909362792969
2016-05-09,207900,66.91999816894531,67.76000213623047,68.04000091552734,66.55000305175781,63.5614013671875
2016-05-06,206400,66.52999877929688,66.98999786376953,67.13999938964844,66.0,62.83910369873047
2016-05-05,152800,66.95999908447266,66.80000305175781,68.1500015258789,66.55000305175781,62.66088104248047
2016-05-04,214500,65.97000122070312,67.25,67.77999877929688,64.47000122070312,63.083003997802734
2016-05-03,106800,66.0,65.97000122070312,66.30000305175781,65.38999938964844,61.88232421875
2016-05-02,152400,65.05000305175781,66.06999969482422,66.2699966430664,64.38999938964844,61.97612380981445
2016-04-29,176300,64.69999694824219,64.91000366210938,65.13999938964844,64.1500015258789,60.887996673583984
2016-04-28,174100,63.720001220703125,64.81999969482422,65.08999633789062,63.720001220703125,60.8035774230957
2016-04-27,170700,64.5999984741211,64.0999984741211,64.72000122070312,63.56999969482422,60.1281852722168
2016-04-26,153000,64.08000183105469,64.0999984741211,64.43000030517578,63.810001373291016,60.1281852722168
2016-04-25,148500,63.7400016784668,64.0,64.16999816894531,63.5,60.03438186645508
2016-04-22,304100,63.119998931884766,63.939998626708984,64.3499984741211,63.119998931884766,59.97809600830078
2016-04-21,193200,64.25,62.880001068115234,64.44000244140625,62.75,58.9837760925293
2016-04-20,152100,65.69000244140625,64.55000305175781,66.25,64.43000030517578,60.5503044128418
2016-04-19,145000,65.43000030517578,65.81999969482422,65.93000030517578,65.0,61.74160385131836
2016-04-18,124900,64.22000122070312,65.33000183105469,65.33999633789062,64.05000305175781,61.28197479248047
2016-04-15,313800,64.05000305175781,64.44000244140625,64.7699966430664,63.81999969482422,60.44711685180664
2016-04-14,158400,64.2699966430664,64.0999984741211,64.48999786376953,63.84000015258789,60.1281852722168
2016-04-13,213500,64.48999786376953,64.33000183105469,64.48999786376953,63.720001220703125,60.343929290771484
2016-04-12,267500,63.810001373291016,64.41000366210938,64.69000244140625,63.529998779296875,60.41897964477539
2016-04-11,251400,65.0,63.790000915527344,65.19999694824219,63.650001525878906,59.83739471435547
2016-04-08,157300,64.37000274658203,64.9000015258789,65.16999816894531,64.3499984741211,60.87861251831055
2016-04-07,429900,64.0999984741211,64.0999984741211,64.73999786376953,63.88999938964844,60.1281852722168
2016-04-06,147000,64.19999694824219,64.18000030517578,64.80999755859375,64.02999877929688,60.20322799682617
2016-04-05,222700,65.63999938964844,64.25,65.63999938964844,64.18000030517578,60.26889419555664
2016-04-04,149000,66.4000015258789,65.69999694824219,66.41000366210938,65.54000091552734,61.62904739379883
2016-04-01,325600,65.62999725341797,66.37000274658203,66.5999984741211,65.48999786376953,62.257530212402344
2016-03-31,299200,66.48999786376953,65.8499984741211,66.5,65.7699966430664,61.769744873046875
2016-03-30,175800,66.76000213623047,66.55999755859375,67.29000091552734,66.20999908447266,62.43575668334961
2016-03-29,280200,65.16000366210938,66.68000030517578,66.91000366210938,65.0999984741211,62.548316955566406
2016-03-28,204800,65.55000305175781,64.88999938964844,66.33000183105469,64.61000061035156,60.86922836303711
2016-03-24,171700,64.68000030517578,65.58000183105469,65.80999755859375,64.62000274658203,61.516483306884766
2016-03-23,209400,64.5,64.81999969482422,65.19000244140625,64.3499984741211,60.8035774230957
2016-03-22,132300,64.63999938964844,64.66000366210938,65.33999633789062,64.4800033569336,60.65349578857422
2016-03-21,153400,64.13999938964844,64.7300033569336,65.18000030517578,63.52000045776367,60.71915054321289
2016-03-18,434000,65.9000015258789,64.29000091552734,65.9000015258789,64.05000305175781,60.30641174316406
2016-03-17,191800,64.47000122070312,65.52999877929688,65.81999969482422,64.36000061035156,61.46957778930664
2016-03-16,199200,64.38999938964844,64.52999877929688,64.80000305175781,63.56999969482422,60.53154373168945
2016-03-15,214900,63.189998626708984,64.47000122070312,64.69999694824219,63.189998626708984,60.47526168823242
2016-03-14,238700,63.83000183105469,63.369998931884766,63.939998626708984,63.0099983215332,59.44342041015625
2016-03-11,245300,63.81999969482422,63.540000915527344,64.29000091552734,63.279998779296875,59.60288619995117
2016-03-10,238700,63.88999938964844,63.189998626708984,63.959999084472656,62.900001525878906,59.274574279785156
2016-03-09,188000,63.2599983215332,63.900001525878906,64.0,63.2599983215332,59.94057846069336
2016-03-08,195200,63.22999954223633,63.31999969482422,63.65999984741211,63.029998779296875,59.396514892578125
2016-03-07,203400,62.83000183105469,63.02000045776367,63.310001373291016,62.18000030517578,59.115108489990234
2016-03-04,214100,61.349998474121094,62.97999954223633,63.02000045776367,61.04999923706055,59.07758712768555
2016-03-03,211000,61.65999984741211,61.56999969482422,61.7400016784668,60.93000030517578,57.75495147705078
2016-03-02,213400,60.5,61.70000076293945,62.09000015258789,59.4900016784668,57.87690734863281
2016-03-01,300900,61.290000915527344,60.7400016784668,62.310001373291016,60.599998474121094,56.976383209228516
2016-02-29,357400,59.439998626708984,61.0,61.439998626708984,59.2599983215332,57.22026443481445
2016-02-26,176700,60.79999923706055,59.56999969482422,60.79999923706055,59.15999984741211,55.878875732421875
2016-02-25,238500,61.150001525878906,60.91999816894531,62.43000030517578,58.939998626708984,57.14522933959961
2016-02-24,180100,59.70000076293945,60.290000915527344,60.34000015258789,59.029998779296875,56.554264068603516
2016-02-23,155900,59.150001525878906,59.04999923706055,59.66999816894531,58.849998474121094,55.391090393066406
2016-02-22,123100,59.08000183105469,59.470001220703125,60.119998931884766,59.0099983215332,55.78507614135742
2016-02-19,207600,59.439998626708984,59.04999923706055,60.06999969482422,58.849998474121094,55.391090393066406
2016-02-18,299200,58.66999816894531,59.45000076293945,59.58000183105469,58.5,55.76631164550781
2016-02-17,188800,59.56999969482422,58.709999084472656,59.70000076293945,58.66999816894531,55.072166442871094
2016-02-16,165400,59.68000030517578,59.560001373291016,60.02000045776367,59.060001373291016,55.86949920654297
2016-02-12,169800,59.97999954223633,59.470001220703125,60.45000076293945,59.029998779296875,55.78507614135742
2016-02-11,180400,59.77000045776367,59.970001220703125,60.16999816894531,59.619998931884766,56.25409698486328
2016-02-10,235700,59.75,60.540000915527344,60.72999954223633,59.150001525878906,56.40887451171875
2016-02-09,189600,59.22999954223633,59.7599983215332,59.779998779296875,58.84000015258789,55.68209457397461
2016-02-08,197400,59.0,59.41999816894531,59.4900016784668,58.70000076293945,55.365291595458984
2016-02-05,239300,58.79999923706055,59.13999938964844,59.68000030517578,58.279998779296875,55.10439682006836
2016-02-04,192800,59.849998474121094,59.119998931884766,59.970001220703125,58.54999923706055,55.08576202392578
2016-02-03,260300,59.63999938964844,59.880001068115234,60.06999969482422,59.08000183105469,55.79389953613281
2016-02-02,205900,58.38999938964844,59.40999984741211,59.630001068115234,58.06999969482422,55.35597610473633
2016-02-01,196100,58.97999954223633,58.59000015258789,59.06999969482422,58.43000030517578,54.59192657470703
2016-01-29,468300,57.400001525878906,58.83000183105469,58.91999816894531,57.400001525878906,54.8155632019043
2016-01-28,227000,56.2400016784668,57.119998931884766,57.290000915527344,56.2400016784668,53.22224426269531
2016-01-27,223000,56.790000915527344,55.97999954223633,57.0,55.47999954223633,52.16004180908203
2016-01-26,177800,56.36000061035156,56.79999923706055,57.04999923706055,56.279998779296875,52.924076080322266
2016-01-25,168100,56.540000915527344,56.119998931884766,56.88999938964844,55.900001525878906,52.29047775268555
2016-01-22,401100,55.599998474121094,56.79999923706055,56.79999923706055,55.4900016784668,52.924076080322266
2016-01-21,288900,55.90999984741211,55.540000915527344,56.220001220703125,55.220001220703125,51.75006103515625
2016-01-20,309000,57.43000030517578,55.81999969482422,57.43000030517578,54.869998931884766,52.01095199584961
2016-01-19,298800,57.619998931884766,57.5,58.040000915527344,56.869998931884766,53.576316833496094
2016-01-15,341600,56.630001068115234,57.20000076293945,57.849998474121094,55.36000061035156,53.29677963256836
2016-01-14,340800,56.95000076293945,58.0,58.560001373291016,56.72999954223633,54.04219055175781
2016-01-13,308800,56.33000183105469,56.93000030517578,57.220001220703125,56.33000183105469,53.04521179199219
2016-01-12,291100,57.5099983215332,56.33000183105469,57.560001373291016,55.93000030517578,52.48615646362305
2016-01-11,272300,56.349998474121094,57.09000015258789,57.349998474121094,56.349998474121094,53.19428634643555
2016-01-08,368700,55.959999084472656,56.36000061035156,56.869998931884766,55.790000915527344,52.514102935791016
2016-01-07,326600,55.060001373291016,56.0,56.060001373291016,54.84000015258789,52.178672790527344
2016-01-06,218700,54.310001373291016,55.599998474121094,55.849998474121094,54.310001373291016,51.80595779418945
2016-01-05,154600,53.939998626708984,54.70000076293945,54.75,53.5099983215332,50.967376708984375
2016-01-04,224000,54.619998931884766,53.86000061035156,54.849998474121094,53.7599983215332,50.184696197509766
2015-12-31,199900,56.11000061035156,55.15999984741211,56.619998931884766,54.939998626708984,51.39598846435547
2015-12-30,131300,56.220001220703125,55.90999984741211,56.630001068115234,55.900001525878906,52.09480667114258
2015-12-29,162500,55.810001373291016,56.27000045776367,56.709999084472656,55.810001373291016,52.43024444580078
2015-12-28,566700,54.150001525878906,55.540000915527344,56.0,54.099998474121094,51.75006103515625
2015-12-24,44200,54.220001220703125,54.290000915527344,54.61000061035156,54.099998474121094,50.58535385131836
2015-12-23,126500,53.70000076293945,54.349998474121094,54.36000061035156,53.65999984741211,50.64126205444336
2015-12-22,225700,52.65999984741211,53.52000045776367,53.59000015258789,52.130001068115234,49.86790466308594
2015-12-21,145500,52.90999984741211,52.65999984741211,53.16999816894531,52.40999984741211,49.06658172607422
2015-12-18,698200,52.439998626708984,52.65999984741211,53.150001525878906,52.209999084472656,49.06658172607422
2015-12-17,168400,52.900001525878906,52.790000915527344,53.099998474121094,52.400001525878906,49.187713623046875
2015-12-16,243500,51.27000045776367,52.79999923706055,52.939998626708984,51.099998474121094,49.1970329284668
2015-12-15,171500,50.66999816894531,51.060001373291016,51.279998779296875,50.66999816894531,47.57576370239258
2015-12-14,170600,50.970001220703125,50.779998779296875,51.4900016784668,50.529998779296875,47.31486892700195
2015-12-11,210900,51.02000045776367,51.09000015258789,51.75,50.849998474121094,47.60371398925781
2015-12-10,194000,52.06999969482422,51.47999954223633,52.459999084472656,51.349998474121094,47.967105865478516
2015-12-09,191000,52.209999084472656,52.18000030517578,52.68000030517578,51.970001220703125,48.61933898925781
2015-12-08,131300,52.150001525878906,52.31999969482422,52.58000183105469,51.970001220703125,48.74979019165039
2015-12-07,256800,52.040000915527344,52.470001220703125,52.4900016784668,51.619998931884766,48.88954544067383
2015-12-04,363300,52.54999923706055,52.20000076293945,52.95000076293945,51.630001068115234,48.63797378540039
2015-12-03,642500,54.09000015258789,52.5,54.130001068115234,52.08000183105469,48.91750717163086
2015-12-02,226200,55.779998779296875,54.61000061035156,55.779998779296875,54.15999984741211,50.88352584838867
2015-12-01,225500,56.150001525878906,56.02000045776367,56.439998626708984,55.619998931884766,52.197303771972656
2015-11-30,176200,56.630001068115234,56.08000183105469,56.7400016784668,55.900001525878906,52.253211975097656
2015-11-27,52400,56.060001373291016,56.52000045776367,56.59000015258789,56.0099983215332,52.663185119628906
2015-11-25,132600,56.779998779296875,56.08000183105469,56.81999969482422,56.0,52.253211975097656
2015-11-24,134200,56.59000015258789,56.869998931884766,57.150001525878906,56.099998474121094,52.98930358886719
2015-11-23,91400,56.5099983215332,56.72999954223633,57.09000015258789,56.4900016784668,52.85885238647461
2015-11-20,139700,56.560001373291016,56.52000045776367,57.06999969482422,56.36000061035156,52.663185119628906
2015-11-19,107000,55.7599983215332,56.189998626708984,56.380001068115234,55.7599983215332,52.3557014465332
2015-11-18,185900,54.75,55.689998626708984,55.790000915527344,54.43000030517578,51.88982391357422
2015-11-17,131000,55.220001220703125,54.66999816894531,55.75,54.439998626708984,50.939430236816406
2015-11-16,240000,54.56999969482422,55.34000015258789,55.5,54.56999969482422,51.5637092590332
2015-11-13,158900,55.09000015258789,54.560001373291016,55.81999969482422,54.5,50.83693313598633
2015-11-12,252000,56.29999923706055,55.279998779296875,56.869998931884766,55.220001220703125,51.507789611816406
2015-11-11,170500,56.65999984741211,56.849998474121094,57.22999954223633,56.65999984741211,52.59330749511719
2015-11-10,242400,55.70000076293945,56.65999984741211,56.66999816894531,55.70000076293945,52.41753005981445
2015-11-09,264400,56.4900016784668,55.97999954223633,56.75,55.61000061035156,51.788448333740234
2015-11-06,662900,58.0,56.779998779296875,58.02000045776367,55.79999923706055,52.52854537963867
2015-11-05,617000,60.9900016784668,58.290000915527344,62.15999984741211,56.63999938964844,53.92548751831055
2015-11-04,222800,60.9900016784668,61.380001068115234,62.33000183105469,60.939998626708984,56.784122467041016
2015-11-03,285200,60.810001373291016,61.02000045776367,61.11000061035156,60.41999816894531,56.45106887817383
2015-11-02,249300,61.36000061035156,60.900001525878906,61.7599983215332,60.84000015258789,56.340057373046875
2015-10-30,151600,61.040000915527344,61.459999084472656,61.81999969482422,60.61000061035156,56.85811996459961
2015-10-29,267200,60.84000015258789,60.97999954223633,61.0099983215332,60.150001525878906,56.4140625
2015-10-28,383100,61.029998779296875,60.849998474121094,61.5099983215332,59.7599983215332,56.293800354003906
2015-10-27,213600,61.880001068115234,60.959999084472656,61.91999816894531,60.86000061035156,56.39555740356445
2015-10-26,197900,61.29999923706055,61.9900016784668,62.13999938964844,60.959999084472656,57.348445892333984
2015-10-23,110100,61.95000076293945,61.22999954223633,61.9900016784668,60.689998626708984,56.64534378051758
2015-10-22,197900,61.77000045776367,61.95000076293945,62.25,61.68000030517578,57.311439514160156
2015-10-21,125400,62.560001373291016,61.77000045776367,62.599998474121094,61.68000030517578,57.14491653442383
2015-10-20,142900,62.130001068115234,62.560001373291016,62.880001068115234,61.939998626708984,57.875755310058594
2015-10-19,150500,61.790000915527344,62.310001373291016,62.540000915527344,61.790000915527344,57.64448165893555
2015-10-16,219200,62.279998779296875,61.869998931884766,62.88999938964844,61.650001525878906,57.237422943115234
2015-10-15,320200,59.650001525878906,62.11000061035156,62.13999938964844,59.599998474121094,57.45945739746094
2015-10-14,109800,60.31999969482422,59.70000076293945,60.43000030517578,59.58000183105469,55.22990798950195
2015-10-13,148900,60.70000076293945,60.150001525878906,61.06999969482422,60.13999938964844,55.64621353149414
2015-10-12,204300,59.79999923706055,60.810001373291016,61.349998474121094,59.56999969482422,56.256797790527344
2015-10-09,204900,60.20000076293945,59.470001220703125,60.209999084472656,59.43000030517578,55.01713180541992
2015-10-08,492500,59.2400016784668,60.20000076293945,60.209999084472656,56.43000030517578,55.69247055053711
2015-10-07,214000,60.31999969482422,59.90999984741211,60.59000015258789,59.77000045776367,55.42418670654297
2015-10-06,382100,60.88999938964844,60.290000915527344,61.09000015258789,59.70000076293945,55.775733947753906
2015-10-05,263600,60.43000030517578,60.95000076293945,60.959999084472656,59.9900016784668,56.38631057739258
2015-10-02,266100,58.83000183105469,60.119998931884766,60.13999938964844,58.630001068115234,55.61846160888672
2015-10-01,212700,58.459999084472656,58.619998931884766,58.810001373291016,57.900001525878906,54.23077392578125
2015-09-30,252400,57.18000030517578,58.31999969482422,58.400001525878906,57.0,53.9532356262207
2015-09-29,141900,57.5,57.040000915527344,57.88999938964844,56.63999938964844,52.769081115722656
2015-09-28,289500,57.2599983215332,57.369998931884766,57.790000915527344,56.880001068115234,53.074371337890625
2015-09-25,277200,56.470001220703125,57.290000915527344,58.15999984741211,56.22999954223633,53.00035858154297
2015-09-24,152600,55.29999923706055,56.279998779296875,56.400001525878906,55.08000183105469,52.06597900390625
2015-09-23,112600,55.65999984741211,55.290000915527344,55.97999954223633,55.20000076293945,51.150115966796875
2015-09-22,188100,55.540000915527344,55.5099983215332,55.65999984741211,55.11000061035156,51.35363006591797
2015-09-21,161800,55.61000061035156,55.56999969482422,55.959999084472656,55.22999954223633,51.40914535522461
2015-09-18,534400,54.880001068115234,55.400001525878906,55.939998626708984,54.61000061035156,51.25187683105469
2015-09-17,162900,54.220001220703125,55.33000183105469,55.959999084472656,54.220001220703125,51.187110900878906
2015-09-16,109300,53.599998474121094,54.369998931884766,54.5099983215332,53.11000061035156,50.29899215698242
2015-09-15,182400,53.16999816894531,53.349998474121094,53.43000030517578,53.0,49.35537338256836
2015-09-14,139000,53.43000030517578,53.22999954223633,53.70000076293945,52.86000061035156,49.24435806274414
2015-09-11,154200,53.31999969482422,53.400001525878906,53.58000183105469,52.959999084472656,49.40163040161133
2015-09-10,136500,54.09000015258789,53.4900016784668,54.4900016784668,53.290000915527344,49.48488998413086
2015-09-09,209400,54.43000030517578,54.13999938964844,54.52000045776367,53.900001525878906,50.086212158203125
2015-09-08,199200,53.849998474121094,54.150001525878906,54.349998474121094,53.310001373291016,50.0954704284668
2015-09-04,190800,53.439998626708984,53.38999938964844,53.790000915527344,53.220001220703125,49.392372131347656
2015-09-03,167000,54.130001068115234,53.84000015258789,54.290000915527344,53.5099983215332,49.80868148803711
2015-09-02,214300,54.869998931884766,53.79999923706055,54.90999984741211,53.380001068115234,49.77168273925781
2015-09-01,314800,54.40999984741211,54.41999816894531,55.209999084472656,54.290000915527344,50.34524917602539
2015-08-31,208400,55.2400016784668,55.09000015258789,55.279998779296875,54.2599983215332,50.965087890625
2015-08-28,161300,55.45000076293945,55.470001220703125,56.04999923706055,54.869998931884766,51.31663513183594
2015-08-27,239900,55.560001373291016,55.79999923706055,55.939998626708984,54.91999816894531,51.62192153930664
2015-08-26,220200,56.619998931884766,55.5,56.619998931884766,54.540000915527344,51.344390869140625
2015-08-25,518000,58.34000015258789,55.720001220703125,58.34000015258789,55.599998474121094,51.54792022705078
2015-08-24,658900,55.79999923706055,56.91999816894531,58.0,54.310001373291016,52.65806198120117
2015-08-21,273300,55.15999984741211,55.95000076293945,56.720001220703125,54.310001373291016,51.76068878173828
2015-08-20,188700,56.20000076293945,55.83000183105469,56.619998931884766,55.790000915527344,51.649681091308594
2015-08-19,224800,56.22999954223633,56.54999923706055,56.810001373291016,55.66999816894531,52.31576156616211
2015-08-18,171000,56.369998931884766,56.59000015258789,56.66999816894531,56.09000015258789,52.3527717590332
2015-08-17,124600,55.38999938964844,56.459999084472656,56.459999084472656,55.38999938964844,52.23250198364258
2015-08-14,172300,54.77000045776367,55.59000015258789,55.599998474121094,54.77000045776367,51.427642822265625
2015-08-13,174100,54.68000030517578,54.790000915527344,55.380001068115234,54.380001068115234,50.68754196166992
2015-08-12,247500,54.529998779296875,55.189998626708984,55.63999938964844,54.529998779296875,50.68292236328125
2015-08-11,144100,54.150001525878906,54.97999954223633,55.0,53.54999923706055,50.49007034301758
2015-08-10,259100,54.310001373291016,54.290000915527344,54.88999938964844,53.939998626708984,49.856414794921875
2015-08-07,429300,54.060001373291016,54.08000183105469,54.2599983215332,53.61000061035156,49.663578033447266
2015-08-06,369000,55.0,54.31999969482422,55.22999954223633,51.2599983215332,49.88397216796875
2015-08-05,125700,56.029998779296875,55.45000076293945,56.439998626708984,55.38999938964844,50.92168426513672
2015-08-04,144200,56.02000045776367,55.540000915527344,56.13999938964844,55.15999984741211,51.004337310791016
2015-08-03,155300,56.209999084472656,56.11000061035156,56.650001525878906,55.75,51.527793884277344
2015-07-31,159800,56.150001525878906,56.34000015258789,56.880001068115234,55.93000030517578,51.739009857177734
2015-07-30,110300,55.470001220703125,55.65999984741211,56.08000183105469,55.470001220703125,51.114540100097656
2015-07-29,159100,55.5099983215332,55.7599983215332,55.880001068115234,55.349998474121094,51.20637130737305
2015-07-28,142800,55.849998474121094,55.77000045776367,55.900001525878906,55.349998474121094,51.2155647277832
2015-07-27,213400,55.29999923706055,55.720001220703125,56.130001068115234,55.0,51.16964340209961
2015-07-24,191600,54.939998626708984,55.209999084472656,55.52000045776367,54.72999954223633,50.7012825012207
2015-07-23,123400,55.29999923706055,54.369998931884766,55.720001220703125,54.099998474121094,49.92988204956055
2015-07-22,99800,54.7599983215332,55.400001525878906,55.5099983215332,54.75,50.87577819824219
2015-07-21,85900,55.59000015258789,55.060001373291016,55.849998474121094,54.90999984741211,50.56354904174805
2015-07-20,120400,55.72999954223633,55.59000015258789,55.9900016784668,55.349998474121094,51.05025863647461
2015-07-17,123800,56.13999938964844,56.029998779296875,56.5,56.0099983215332,51.454322814941406
2015-07-16,134800,55.349998474121094,56.310001373291016,56.41999816894531,55.349998474121094,51.711456298828125
2015-07-15,157800,55.45000076293945,55.43000030517578,55.7599983215332,54.880001068115234,50.90332794189453
2015-07-14,111100,55.2400016784668,55.380001068115234,55.599998474121094,54.70000076293945,50.85740661621094
2015-07-13,114600,55.220001220703125,55.06999969482422,55.63999938964844,54.86000061035156,50.572723388671875
2015-07-10,121300,54.560001373291016,55.15999984741211,55.31999969482422,54.349998474121094,50.65536880493164
2015-07-09,225500,55.38999938964844,54.2599983215332,55.38999938964844,54.0099983215332,49.82887268066406
2015-07-08,340500,54.619998931884766,54.97999954223633,55.52000045776367,54.54999923706055,50.49007034301758
2015-07-07,372600,55.060001373291016,55.58000183105469,55.90999984741211,55.060001373291016,51.041072845458984
2015-07-06,144000,53.849998474121094,55.0099983215332,55.029998779296875,53.7599983215332,50.51762008666992
2015-07-02,125900,53.84000015258789,54.150001525878906,54.310001373291016,53.45000076293945,49.72785186767578
2015-07-01,146200,53.560001373291016,53.43000030517578,53.560001373291016,53.08000183105469,49.066654205322266
2015-06-30,285600,53.58000183105469,53.209999084472656,53.709999084472656,53.04999923706055,48.8646125793457
2015-06-29,169400,53.58000183105469,53.31999969482422,54.369998931884766,53.290000915527344,48.965633392333984
2015-06-26,361500,53.369998931884766,53.65999984741211,54.04999923706055,52.970001220703125,49.277870178222656
2015-06-25,183200,53.36000061035156,53.2400016784668,53.41999816894531,52.75,48.89216613769531
2015-06-24,251200,53.380001068115234,53.08000183105469,53.599998474121094,52.9900016784668,48.745235443115234
2015-06-23,384500,54.20000076293945,53.459999084472656,54.20000076293945,53.25,49.094200134277344
2015-06-22,222900,54.599998474121094,54.209999084472656,54.599998474121094,53.81999969482422,49.78295135498047
2015-06-19,275700,54.59000015258789,54.439998626708984,55.060001373291016,54.41999816894531,49.99416732788086
2015-06-18,166400,54.369998931884766,54.90999984741211,55.369998931884766,54.369998931884766,50.425785064697266
2015-06-17,144500,54.13999938964844,54.22999954223633,54.540000915527344,53.599998474121094,49.801326751708984
2015-06-16,162000,52.33000183105469,53.33000183105469,53.439998626708984,52.2599983215332,48.97481155395508
2015-06-15,120800,52.79999923706055,52.43000030517578,52.9900016784668,52.130001068115234,48.148311614990234
2015-06-12,97500,53.25,52.959999084472656,53.349998474121094,52.84000015258789,48.63503646850586
2015-06-11,101000,53.709999084472656,53.400001525878906,54.18000030517578,53.2400016784668,49.039100646972656
2015-06-10,293800,52.20000076293945,53.369998931884766,53.86000061035156,52.04999923706055,49.011558532714844
2015-06-09,83900,52.130001068115234,51.720001220703125,52.349998474121094,51.689998626708984,47.49630355834961
2015-06-08,75400,52.06999969482422,52.220001220703125,52.4900016784668,51.79999923706055,47.955467224121094
2015-06-05,167800,52.459999084472656,52.18000030517578,52.599998474121094,51.709999084472656,47.91873550415039
2015-06-04,235700,53.84000015258789,52.939998626708984,54.02000045776367,52.779998779296875,48.61666488647461
2015-06-03,207500,54.54999923706055,54.02000045776367,54.689998626708984,53.86000061035156,49.60847091674805
2015-06-02,238100,54.83000183105469,54.58000183105469,54.97999954223633,54.22999954223633,50.122745513916016
2015-06-01,153100,54.619998931884766,55.209999084472656,55.630001068115234,54.04999923706055,50.7012825012207
2015-05-29,161600,54.63999938964844,54.459999084472656,54.939998626708984,54.380001068115234,50.01253128051758
2015-05-28,174200,53.97999954223633,54.779998779296875,54.84000015258789,53.70000076293945,50.306396484375
2015-05-27,127500,53.15999984741211,53.689998626708984,53.790000915527344,53.029998779296875,49.305416107177734
2015-05-26,123400,53.5099983215332,53.0099983215332,53.59000015258789,52.4900016784668,48.680946350097656
2015-05-22,134900,53.83000183105469,53.83000183105469,54.0,53.52000045776367,49.433990478515625
2015-05-21,100900,54.060001373291016,53.93000030517578,54.310001373291016,53.66999816894531,49.525821685791016
2015-05-20,115800,53.88999938964844,54.04999923706055,54.29999923706055,53.5,49.63602066040039
2015-05-19,89400,53.81999969482422,53.75,54.029998779296875,53.439998626708984,49.36051559448242
2015-05-18,115100,53.15999984741211,53.91999816894531,54.02000045776367,53.04999923706055,49.516632080078125
2015-05-15,112000,53.2599983215332,53.400001525878906,53.689998626708984,53.119998931884766,49.039100646972656
2015-05-14,121600,52.369998931884766,53.189998626708984,53.25,52.2400016784668,48.84624481201172
2015-05-13,107400,52.81999969482422,52.20000076293945,53.08000183105469,52.08000183105469,47.937103271484375
2015-05-12,166700,52.83000183105469,53.0,53.119998931884766,52.310001373291016,48.299842834472656
2015-05-11,219700,53.06999969482422,53.08000183105469,53.959999084472656,52.84000015258789,48.37274932861328
2015-05-08,236800,53.11000061035156,53.310001373291016,53.59000015258789,52.849998474121094,48.58235168457031
2015-05-07,215500,52.61000061035156,52.61000061035156,53.099998474121094,52.0,47.94442367553711
2015-05-06,244700,53.40999984741211,52.68000030517578,54.04999923706055,51.70000076293945,48.00822830200195
2015-05-05,242100,55.369998931884766,53.41999816894531,55.369998931884766,53.0,48.68259811401367
2015-05-04,284600,54.900001525878906,55.209999084472656,55.970001220703125,54.900001525878906,50.3138542175293
2015-05-01,303800,54.939998626708984,54.95000076293945,55.38999938964844,54.400001525878906,50.07691192626953
2015-04-30,279500,56.5,55.0,57.0,54.459999084472656,50.122474670410156
2015-04-29,93500,57.56999969482422,56.86000061035156,57.720001220703125,56.599998474121094,51.81753158569336
2015-04-28,151800,56.900001525878906,57.779998779296875,57.79999923706055,56.70000076293945,52.65593719482422
2015-04-27,175600,58.43000030517578,56.900001525878906,58.43000030517578,56.5099983215332,51.853981018066406
2015-04-24,94700,57.88999938964844,58.2599983215332,58.459999084472656,57.84000015258789,53.09336853027344
2015-04-23,81500,57.189998626708984,57.689998626708984,57.86000061035156,56.970001220703125,52.57392120361328
2015-04-22,108400,57.439998626708984,57.189998626708984,57.5099983215332,56.79999923706055,52.11825942993164
2015-04-21,138600,57.869998931884766,57.54999923706055,58.13999938964844,57.29999923706055,52.44633865356445
2015-04-20,100800,56.72999954223633,57.79999923706055,58.369998931884766,56.72999954223633,52.67416763305664
2015-04-17,137800,56.880001068115234,56.400001525878906,57.41999816894531,56.20000076293945,51.39832305908203
2015-04-16,99700,57.43000030517578,57.279998779296875,57.599998474121094,56.599998474121094,52.20028305053711
2015-04-15,152400,57.939998626708984,57.63999938964844,58.33000183105469,57.58000183105469,52.52836227416992
2015-04-14,92100,57.630001068115234,57.619998931884766,57.7400016784668,57.130001068115234,52.510128021240234
2015-04-13,112600,57.54999923706055,57.36000061035156,57.810001373291016,57.18000030517578,52.27318572998047
2015-04-10,117900,57.5,57.689998626708984,57.97999954223633,57.310001373291016,52.57392120361328
2015-04-09,111800,58.349998474121094,57.5,58.470001220703125,57.2599983215332,52.40077209472656
2015-04-08,125200,58.61000061035156,58.349998474121094,58.61000061035156,58.0099983215332,53.17539596557617
2015-04-07,184700,59.33000183105469,58.540000915527344,59.33000183105469,58.40999984741211,53.34854507446289
2015-04-06,135100,58.79999923706055,59.310001373291016,59.75,58.66999816894531,54.050262451171875
2015-04-02,135800,58.81999969482422,58.81999969482422,59.0,58.34000015258789,53.60371017456055
2015-04-01,131300,57.939998626708984,58.709999084472656,58.720001220703125,57.72999954223633,53.50345993041992
2015-03-31,169800,57.54999923706055,58.16999816894531,58.20000076293945,57.459999084472656,53.01136016845703
2015-03-30,128400,57.7599983215332,57.939998626708984,58.279998779296875,57.54999923706055,52.80175018310547
2015-03-27,104400,56.9900016784668,57.52000045776367,57.689998626708984,56.65999984741211,52.41899871826172
2015-03-26,132200,57.650001525878906,56.970001220703125,57.9900016784668,56.91999816894531,51.91777420043945
2015-03-25,285400,58.2599983215332,57.66999816894531,58.38999938964844,57.58000183105469,52.555694580078125
2015-03-24,249000,58.13999938964844,58.099998474121094,58.29999923706055,57.84000015258789,52.94755935668945
2015-03-23,121400,57.84000015258789,58.08000183105469,58.279998779296875,57.560001373291016,52.92933654785156
2015-03-20,428300,57.0099983215332,58.13999938964844,58.18000030517578,57.0099983215332,52.98401641845703
2015-03-19,232000,57.59000015258789,57.04999923706055,57.970001220703125,56.650001525878906,51.990684509277344
2015-03-18,273800,56.86000061035156,57.779998779296875,58.0,56.470001220703125,52.65593719482422
2015-03-17,207400,56.790000915527344,56.849998474121094,57.47999954223633,56.599998474121094,51.808414459228516
2015-03-16,235500,56.43000030517578,56.790000915527344,56.97999954223633,56.06999969482422,51.75373840332031
2015-03-13,336300,55.599998474121094,56.119998931884766,56.27000045776367,54.869998931884766,51.143150329589844
2015-03-12,251000,54.61000061035156,55.72999954223633,56.11000061035156,54.459999084472656,50.787742614746094
2015-03-11,164900,54.20000076293945,54.25,54.5099983215332,53.380001068115234,49.438987731933594
2015-03-10,212800,53.61000061035156,54.040000915527344,54.84000015258789,53.290000915527344,49.24760818481445
2015-03-09,357000,53.939998626708984,54.0,54.439998626708984,53.650001525878906,49.21115493774414
2015-03-06,364900,55.38999938964844,53.83000183105469,55.38999938964844,52.939998626708984,49.05624008178711
2015-03-05,259400,55.34000015258789,54.88999938964844,55.560001373291016,54.65999984741211,50.022239685058594
2015-03-04,144100,55.880001068115234,55.41999816894531,55.880001068115234,55.22999954223633,50.50522994995117
2015-03-03,90900,55.720001220703125,55.93000030517578,56.209999084472656,55.38999938964844,50.970001220703125
2015-03-02,286500,57.16999816894531,55.88999938964844,57.16999816894531,55.810001373291016,50.93354797363281
2015-02-27,175200,57.31999969482422,57.2599983215332,58.09000015258789,56.93000030517578,52.18206024169922
2015-02-26,126700,58.189998626708984,57.560001373291016,58.5,57.040000915527344,52.4554557800293
2015-02-25,77200,57.9900016784668,57.43000030517578,58.11000061035156,57.130001068115234,52.336978912353516
2015-02-24,115100,57.709999084472656,57.95000076293945,58.31999969482422,57.439998626708984,52.81086730957031
2015-02-23,82300,57.2599983215332,57.560001373291016,57.61000061035156,56.790000915527344,52.4554557800293
2015-02-20,120600,57.209999084472656,57.25,57.630001068115234,56.5,52.172943115234375
2015-02-19,120100,58.2400016784668,57.43000030517578,58.400001525878906,57.150001525878906,52.336978912353516
2015-02-18,171700,56.529998779296875,58.209999084472656,58.27000045776367,56.38999938964844,53.047813415527344
2015-02-17,119400,57.56999969482422,56.72999954223633,57.59000015258789,56.36000061035156,51.69905090332031
2015-02-13,158100,58.22999954223633,57.599998474121094,58.290000915527344,57.13999938964844,52.49190902709961
2015-02-12,100500,58.33000183105469,58.279998779296875,58.52000045776367,58.02000045776367,53.11160659790039
2015-02-11,104300,59.29999923706055,58.529998779296875,59.29999923706055,58.25,53.00679016113281
2015-02-10,177300,59.0,59.56999969482422,59.810001373291016,58.59000015258789,53.94866180419922
2015-02-09,172000,59.810001373291016,58.97999954223633,60.15999984741211,58.52000045776367,53.41433334350586
2015-02-06,159600,62.59000015258789,59.959999084472656,62.59000015258789,59.54999923706055,54.30186080932617
2015-02-05,105300,62.720001220703125,62.75,63.20000076293945,62.400001525878906,56.82856750488281
2015-02-04,127100,62.880001068115234,62.369998931884766,63.68000030517578,62.119998931884766,56.48443603515625
2015-02-03,180800,62.36000061035156,63.380001068115234,63.66999816894531,62.36000061035156,57.39912033081055
2015-02-02,137600,61.58000183105469,62.29999923706055,62.369998931884766,61.040000915527344,56.42104721069336
2015-01-30,184800,62.54999923706055,61.459999084472656,62.650001525878906,61.27000045776367,55.66030502319336
2015-01-29,148700,61.81999969482422,62.849998474121094,62.93000030517578,61.59000015258789,56.91914367675781
2015-01-28,173000,63.2400016784668,62.0099983215332,63.45000076293945,61.68000030517578,56.15840530395508
2015-01-27,207700,62.61000061035156,62.93000030517578,63.06999969482422,62.29999923706055,56.99159622192383
2015-01-26,199800,62.75,63.09000015258789,63.09000015258789,61.43000030517578,57.13648986816406
2015-01-23,165000,62.66999816894531,62.84000015258789,63.029998779296875,62.40999984741211,56.91007614135742
2015-01-22,173300,63.0,62.779998779296875,63.0,62.119998931884766,56.85574722290039
2015-01-21,145600,62.560001373291016,62.5099983215332,62.970001220703125,61.869998931884766,56.61122131347656
2015-01-20,177600,62.689998626708984,62.88999938964844,63.06999969482422,62.2400016784668,56.955360412597656
2015-01-16,250400,62.0,62.65999984741211,62.86000061035156,61.70000076293945,56.747066497802734
2015-01-15,198000,62.790000915527344,62.209999084472656,63.029998779296875,61.84000015258789,56.33953857421875
2015-01-14,113500,61.65999984741211,62.63999938964844,62.709999084472656,61.470001220703125,56.72895431518555
2015-01-13,250300,62.060001373291016,62.16999816894531,63.16999816894531,61.38999938964844,56.30330276489258
2015-01-12,169600,61.77000045776367,61.65999984741211,62.0,60.75,55.84143829345703
2015-01-09,286400,61.650001525878906,61.77000045776367,62.40999984741211,61.25,55.941062927246094
2015-01-08,152800,61.11000061035156,61.790000915527344,61.900001525878906,61.099998474121094,55.95917892456055
2015-01-07,284400,59.779998779296875,60.7599983215332,60.779998779296875,59.41999816894531,55.02635955810547
2015-01-06,179600,60.36000061035156,59.5,61.06999969482422,59.349998474121094,53.88526153564453
2015-01-05,172200,61.040000915527344,60.369998931884766,61.06999969482422,59.880001068115234,54.67316818237305
2015-01-02,186300,61.959999084472656,61.52000045776367,62.540000915527344,60.72999954223633,55.71464538574219
2014-12-31,184600,63.130001068115234,61.810001373291016,63.849998474121094,61.77000045776367,55.97727966308594
2014-12-30,221900,63.7400016784668,62.84000015258789,64.19999694824219,62.83000183105469,56.91007614135742
2014-12-29,208200,62.13999938964844,64.04000091552734,64.1500015258789,62.13999938964844,57.996849060058594
2014-12-26,89000,61.56999969482422,61.939998626708984,62.459999084472656,61.54999923706055,56.09501266479492
2014-12-24,80200,60.349998474121094,61.2400016784668,61.349998474121094,60.349998474121094,55.461063385009766
2014-12-23,286300,60.11000061035156,60.56999969482422,61.0099983215332,59.900001525878906,54.85429763793945
2014-12-22,237900,58.15999984741211,59.79999923706055,59.939998626708984,58.119998931884766,54.156951904296875
2014-12-19,649800,57.86000061035156,58.25,58.47999954223633,57.54999923706055,52.75322341918945
2014-12-18,278200,58.25,58.0,58.4900016784668,57.91999816894531,52.52681350708008
2014-12-17,237400,57.54999923706055,57.7599983215332,57.880001068115234,56.83000183105469,52.3094596862793
2014-12-16,221300,56.63999938964844,57.31999969482422,57.70000076293945,55.93000030517578,51.910980224609375
2014-12-15,193800,57.619998931884766,56.540000915527344,57.619998931884766,56.27000045776367,51.204593658447266
2014-12-12,202400,57.540000915527344,57.189998626708984,57.900001525878906,56.959999084472656,51.793243408203125
2014-12-11,181800,57.790000915527344,58.279998779296875,58.88999938964844,57.61000061035156,52.7803955078125
2014-12-10,144200,59.099998474121094,57.720001220703125,59.099998474121094,57.65999984741211,52.27323532104492
2014-12-09,231200,57.77000045776367,59.34000015258789,59.349998474121094,57.77000045776367,53.74036407470703
2014-12-08,226100,58.47999954223633,58.27000045776367,58.93000030517578,57.619998931884766,52.771331787109375
2014-12-05,230400,58.34000015258789,58.5099983215332,59.06999969482422,58.189998626708984,52.98868942260742
2014-12-04,173600,58.720001220703125,58.58000183105469,59.13999938964844,58.29999923706055,53.05208206176758
2014-12-03,182600,57.86000061035156,58.68000030517578,58.9900016784668,57.86000061035156,53.142642974853516
2014-12-02,138700,57.68000030517578,57.959999084472656,58.2400016784668,57.5,52.49058151245117
2014-12-01,168800,57.72999954223633,57.970001220703125,58.5,57.470001220703125,52.49964141845703
2014-11-28,95400,58.11000061035156,57.88999938964844,59.15999984741211,57.84000015258789,52.42719268798828
2014-11-26,97600,57.72999954223633,58.0099983215332,58.16999816894531,57.61000061035156,52.535865783691406
2014-11-25,134700,57.900001525878906,57.66999816894531,57.900001525878906,57.369998931884766,52.22794723510742
2014-11-24,116400,57.86000061035156,57.72999954223633,58.04999923706055,57.349998474121094,52.28229522705078
2014-11-21,185200,58.02000045776367,57.77000045776367,58.040000915527344,57.41999816894531,52.318519592285156
2014-11-20,64300,57.189998626708984,57.4900016784668,57.560001373291016,56.959999084472656,52.064937591552734
2014-11-19,165800,57.27000045776367,57.349998474121094,57.54999923706055,56.970001220703125,51.938148498535156
2014-11-18,149500,57.40999984741211,57.2599983215332,57.810001373291016,57.2400016784668,51.856651306152344
2014-11-17,139000,57.0,57.34000015258789,57.47999954223633,56.77000045776367,51.92909622192383
2014-11-14,257200,57.66999816894531,57.0,57.83000183105469,56.779998779296875,51.621177673339844
2014-11-13,110300,58.77000045776367,57.630001068115234,58.9900016784668,57.45000076293945,52.19172668457031
2014-11-12,221800,59.189998626708984,58.959999084472656,59.209999084472656,58.349998474121094,53.0656623840332
2014-11-11,186900,59.31999969482422,59.58000183105469,59.7599983215332,58.939998626708984,53.62367248535156
2014-11-10,157500,58.91999816894531,59.27000045776367,59.290000915527344,58.40999984741211,53.34467697143555
2014-11-07,132100,58.7400016784668,59.06999969482422,59.22999954223633,58.45000076293945,53.1646728515625
2014-11-06,199100,59.34000015258789,58.61000061035156,59.599998474121094,57.790000915527344,52.75065612792969
2014-11-05,222100,58.33000183105469,59.380001068115234,59.540000915527344,58.13999938964844,53.44367599487305
2014-11-04,216400,58.0,58.40999984741211,58.63999938964844,57.72999954223633,52.57064437866211
2014-11-03,305000,58.290000915527344,58.130001068115234,58.529998779296875,57.66999816894531,52.318641662597656
2014-10-31,314900,58.40999984741211,58.09000015258789,58.529998779296875,57.81999969482422,52.282630920410156
2014-10-30,252200,57.20000076293945,58.08000183105469,58.18000030517578,57.130001068115234,52.27363586425781
2014-10-29,290600,57.79999923706055,57.38999938964844,58.25,56.709999084472656,51.652618408203125
2014-10-28,191300,56.77000045776367,57.779998779296875,57.790000915527344,56.150001525878906,52.003623962402344
2014-10-27,157600,56.040000915527344,56.33000183105469,56.459999084472656,55.72999954223633,50.69859313964844
2014-10-24,106600,56.0099983215332,55.95000076293945,56.150001525878906,55.560001373291016,50.3565673828125
2014-10-23,212700,55.27000045776367,55.779998779296875,56.099998474121094,54.939998626708984,50.20356750488281
2014-10-22,225300,54.95000076293945,54.900001525878906,55.630001068115234,54.83000183105469,49.41155242919922
2014-10-21,256600,54.2599983215332,54.90999984741211,55.31999969482422,54.130001068115234,49.42054748535156
2014-10-20,291200,53.36000061035156,54.130001068115234,54.189998626708984,53.36000061035156,48.71853256225586
2014-10-17,212800,53.41999816894531,53.2599983215332,53.41999816894531,52.88999938964844,47.93550491333008
2014-10-16,284100,52.72999954223633,53.09000015258789,53.470001220703125,52.22999954223633,47.782493591308594
2014-10-15,557300,52.70000076293945,53.349998474121094,53.7599983215332,52.33000183105469,48.016510009765625
2014-10-14,479700,52.040000915527344,53.0099983215332,53.34000015258789,51.72999954223633,47.710487365722656
2014-10-13,342300,51.38999938964844,51.61000061035156,52.310001373291016,51.16999816894531,46.45045471191406
2014-10-10,566200,50.75,51.40999984741211,51.720001220703125,50.560001373291016,46.270450592041016
2014-10-09,476600,50.86000061035156,50.689998626708984,51.369998931884766,50.31999969482422,45.622432708740234
2014-10-08,318700,48.709999084472656,50.66999816894531,50.7599983215332,48.58000183105469,45.60443115234375
2014-10-07,125100,48.83000183105469,48.79999923706055,49.47999954223633,48.61000061035156,43.9213752746582
2014-10-06,115700,48.83000183105469,49.040000915527344,49.220001220703125,48.7599983215332,44.13738250732422
2014-10-03,157700,48.84000015258789,48.849998474121094,49.04999923706055,48.29999923706055,43.96637725830078
2014-10-02,154100,48.290000915527344,48.45000076293945,48.81999969482422,48.22999954223633,43.60636901855469
2014-10-01,196700,48.56999969482422,48.349998474121094,49.09000015258789,48.2599983215332,43.516361236572266
2014-09-30,225200,48.97999954223633,48.58000183105469,49.380001068115234,48.56999969482422,43.7233772277832
2014-09-29,150000,48.61000061035156,48.900001525878906,49.060001373291016,48.540000915527344,44.01138687133789
2014-09-26,161700,48.959999084472656,49.04999923706055,49.34000015258789,48.619998931884766,44.14636993408203
2014-09-25,178300,49.279998779296875,48.93000030517578,49.41999816894531,48.7400016784668,44.03837203979492
2014-09-24,147700,49.36000061035156,49.209999084472656,49.540000915527344,48.79999923706055,44.29038619995117
2014-09-23,213800,49.95000076293945,49.400001525878906,49.95000076293945,49.290000915527344,44.461395263671875
2014-09-22,133100,50.34000015258789,49.97999954223633,50.41999816894531,49.90999984741211,44.9834098815918
2014-09-19,348300,50.83000183105469,50.4900016784668,51.27000045776367,50.45000076293945,45.44242477416992
2014-09-18,134000,51.25,50.83000183105469,51.630001068115234,50.4900016784668,45.74843215942383
2014-09-17,241300,51.56999969482422,50.970001220703125,51.56999969482422,50.810001373291016,45.87444305419922
2014-09-16,150700,51.290000915527344,51.43000030517578,51.779998779296875,51.040000915527344,46.2884521484375
2014-09-15,123400,51.7599983215332,51.349998474121094,52.09000015258789,51.349998474121094,46.21644973754883
2014-09-12,238300,52.56999969482422,51.7599983215332,52.56999969482422,51.72999954223633,46.5854606628418
2014-09-11,120600,51.959999084472656,52.7400016784668,52.849998474121094,51.779998779296875,47.46747970581055
2014-09-10,154200,52.34000015258789,52.119998931884766,52.54999923706055,51.83000183105469,46.90946578979492
2014-09-09,238000,52.650001525878906,52.279998779296875,52.77000045776367,52.13999938964844,47.0534782409668
2014-09-08,144200,52.810001373291016,52.7599983215332,53.029998779296875,52.619998931884766,47.48548126220703
2014-09-05,124300,52.369998931884766,52.83000183105469,52.880001068115234,52.310001373291016,47.54848861694336
2014-09-04,183400,52.400001525878906,52.56999969482422,52.650001525878906,52.150001525878906,47.314483642578125
2014-09-03,188100,52.54999923706055,52.34000015258789,52.720001220703125,52.119998931884766,47.10747528076172
2014-09-02,284900,52.279998779296875,52.220001220703125,52.619998931884766,52.0,46.99946975708008
2014-08-29,131300,52.06999969482422,52.209999084472656,52.27000045776367,51.869998931884766,46.9904670715332
2014-08-28,189500,51.880001068115234,51.95000076293945,52.130001068115234,51.81999969482422,46.756465911865234
2014-08-27,266800,51.70000076293945,51.939998626708984,52.09000015258789,51.70000076293945,46.747459411621094
2014-08-26,218800,51.9900016784668,51.709999084472656,52.29999923706055,51.65999984741211,46.540462493896484
2014-08-25,185600,52.41999816894531,52.060001373291016,52.56999969482422,51.86000061035156,46.855472564697266
2014-08-22,188300,52.619998931884766,52.150001525878906,52.619998931884766,51.790000915527344,46.93647766113281
2014-08-21,204100,52.70000076293945,52.529998779296875,52.79999923706055,52.189998626708984,47.27848434448242
2014-08-20,218200,52.4900016784668,52.70000076293945,52.77000045776367,52.130001068115234,47.43148422241211
2014-08-19,212400,51.779998779296875,52.45000076293945,52.47999954223633,51.689998626708984,47.206478118896484
2014-08-18,255300,51.779998779296875,51.72999954223633,51.91999816894531,51.369998931884766,46.55846405029297
2014-08-15,326800,51.13999938964844,51.369998931884766,51.56999969482422,50.88999938964844,46.23444747924805
2014-08-14,297300,49.79999923706055,50.83000183105469,50.900001525878906,49.54999923706055,45.74843215942383
2014-08-13,225000,49.560001373291016,49.779998779296875,50.060001373291016,49.40999984741211,44.80340576171875
2014-08-12,317200,49.84000015258789,49.849998474121094,50.0,49.5099983215332,44.53790283203125
2014-08-11,419000,49.41999816894531,49.88999938964844,49.939998626708984,49.209999084472656,44.57363510131836
2014-08-08,195000,47.650001525878906,49.04999923706055,49.119998931884766,47.650001525878906,43.823150634765625
2014-08-07,234300,47.7400016784668,47.650001525878906,47.869998931884766,47.209999084472656,42.57233428955078
2014-08-06,174500,47.810001373291016,47.619998931884766,48.290000915527344,47.290000915527344,42.545528411865234
2014-08-05,206300,48.4900016784668,47.95000076293945,48.90999984741211,47.7599983215332,42.840370178222656
2014-08-04,269800,49.61000061035156,48.959999084472656,49.79999923706055,47.79999923706055,43.74272918701172
2014-08-01,192500,49.599998474121094,49.40999984741211,49.779998779296875,49.279998779296875,44.14478302001953
2014-07-31,250200,50.099998474121094,49.529998779296875,50.380001068115234,49.2599983215332,44.25199508666992
2014-07-30,196100,51.33000183105469,50.33000183105469,51.369998931884766,50.150001525878906,44.96675491333008
2014-07-29,99300,51.599998474121094,51.15999984741211,51.720001220703125,50.95000076293945,45.708290100097656
2014-07-28,159300,50.86000061035156,51.459999084472656,51.630001068115234,50.720001220703125,45.97632598876953
2014-07-25,176700,51.189998626708984,50.91999816894531,51.66999816894531,50.84000015258789,45.49387741088867
2014-07-24,159800,51.599998474121094,51.5,52.029998779296875,51.459999084472656,46.01206588745117
2014-07-23,109400,51.880001068115234,51.619998931884766,51.90999984741211,51.47999954223633,46.11927795410156
2014-07-22,89600,52.0,51.72999954223633,52.029998779296875,51.689998626708984,46.21756362915039
2014-07-21,113700,51.900001525878906,51.75,51.97999954223633,51.599998474121094,46.23543930053711
2014-07-18,272300,51.36000061035156,52.150001525878906,52.27000045776367,51.290000915527344,46.59280776977539
2014-07-17,243000,51.56999969482422,51.439998626708984,51.790000915527344,51.33000183105469,45.958457946777344
2014-07-16,156200,51.900001525878906,51.58000183105469,51.900001525878906,51.15999984741211,46.08354949951172
2014-07-15,309400,51.72999954223633,51.63999938964844,52.150001525878906,51.59000015258789,46.137142181396484
2014-07-14,184900,52.2599983215332,51.900001525878906,52.290000915527344,51.83000183105469,46.36944580078125
2014-07-11,183500,51.970001220703125,51.9900016784668,52.43000030517578,51.90999984741211,46.44985580444336
2014-07-10,190100,51.54999923706055,52.150001525878906,52.27000045776367,51.54999923706055,46.59280776977539
2014-07-09,343800,51.75,52.08000183105469,52.22999954223633,51.5,46.53026580810547
2014-07-08,330000,51.41999816894531,51.72999954223633,51.849998474121094,51.290000915527344,46.21756362915039
2014-07-07,258200,51.279998779296875,51.45000076293945,51.790000915527344,51.150001525878906,45.96739959716797
2014-07-03,133500,51.65999984741211,51.31999969482422,51.779998779296875,51.09000015258789,45.85124969482422
2014-07-02,213000,52.58000183105469,51.70000076293945,52.599998474121094,51.63999938964844,46.19076156616211
2014-07-01,354200,52.970001220703125,52.68000030517578,53.34000015258789,52.650001525878906,47.06631851196289
2014-06-30,201600,52.529998779296875,52.790000915527344,52.849998474121094,52.22999954223633,47.164608001708984
2014-06-27,263700,52.2599983215332,52.7400016784668,53.0099983215332,52.2599983215332,47.119937896728516
2014-06-26,132400,53.040000915527344,52.540000915527344,53.040000915527344,52.45000076293945,46.941246032714844
2014-06-25,249600,52.060001373291016,52.88999938964844,52.93000030517578,52.060001373291016,47.25394821166992
2014-06-24,279100,52.040000915527344,52.34000015258789,52.9900016784668,52.040000915527344,46.76255798339844
2014-06-23,220400,52.27000045776367,52.08000183105469,52.41999816894531,51.779998779296875,46.53026580810547
2014-06-20,317600,52.18000030517578,52.060001373291016,52.25,51.900001525878906,46.51240158081055
2014-06-19,160400,52.099998474121094,51.9900016784668,52.22999954223633,51.869998931884766,46.44985580444336
2014-06-18,210500,52.040000915527344,52.09000015258789,52.34000015258789,51.779998779296875,46.53920364379883
2014-06-17,216100,51.84000015258789,52.0,52.540000915527344,51.84000015258789,46.45879364013672
2014-06-16,150100,51.65999984741211,51.95000076293945,52.150001525878906,51.61000061035156,46.414119720458984
2014-06-13,94800,51.91999816894531,51.63999938964844,51.939998626708984,51.529998779296875,46.137142181396484
2014-06-12,140500,51.56999969482422,51.720001220703125,51.900001525878906,50.959999084472656,46.208621978759766
2014-06-11,94900,52.130001068115234,51.56999969482422,52.27000045776367,51.540000915527344,46.074607849121094
2014-06-10,90400,52.4900016784668,52.22999954223633,52.5099983215332,51.970001220703125,46.66427993774414
2014-06-09,105600,52.790000915527344,52.529998779296875,53.220001220703125,52.4900016784668,46.93231201171875
2014-06-06,178500,53.0099983215332,52.95000076293945,53.0099983215332,52.66999816894531,47.307559967041016
2014-06-05,124900,51.779998779296875,52.709999084472656,52.720001220703125,51.58000183105469,47.09312438964844
2014-06-04,130100,51.720001220703125,51.75,52.060001373291016,51.400001525878906,46.23543930053711
2014-06-03,139000,52.290000915527344,51.83000183105469,52.41999816894531,51.779998779296875,46.30690002441406
2014-06-02,180600,52.5,52.31999969482422,52.529998779296875,51.97999954223633,46.744686126708984
2014-05-30,215500,52.2599983215332,52.36000061035156,52.5099983215332,52.099998474121094,46.78042984008789
2014-05-29,97900,52.54999923706055,52.150001525878906,52.54999923706055,51.93000030517578,46.59280776977539
2014-05-28,132500,52.630001068115234,52.33000183105469,52.81999969482422,52.150001525878906,46.753623962402344
2014-05-27,119300,52.52000045776367,52.650001525878906,52.93000030517578,52.38999938964844,47.039520263671875
2014-05-23,117300,51.619998931884766,52.11000061035156,52.16999816894531,51.599998474121094,46.55706787109375
2014-05-22,91800,51.4900016784668,51.849998474121094,52.09000015258789,51.4900016784668,46.32476806640625
2014-05-21,121000,51.849998474121094,51.47999954223633,52.209999084472656,51.22999954223633,45.99420166015625
2014-05-20,253700,51.86000061035156,51.75,52.040000915527344,51.11000061035156,46.23543930053711
2014-05-19,215500,52.63999938964844,52.0099983215332,52.75,51.86000061035156,46.46772766113281
2014-05-16,181000,52.18000030517578,52.939998626708984,52.97999954223633,52.15999984741211,47.298622131347656
2014-05-15,210700,52.0,52.310001373291016,52.349998474121094,51.77000045776367,46.735755920410156
2014-05-14,186100,52.52000045776367,52.220001220703125,53.029998779296875,52.150001525878906,46.655338287353516
2014-05-13,337700,53.400001525878906,52.52000045776367,53.619998931884766,52.43000030517578,46.92337417602539
2014-05-12,257000,53.75,53.619998931884766,54.2400016784668,53.599998474121094,47.58005142211914
2014-05-09,195400,53.43000030517578,53.650001525878906,54.279998779296875,53.43000030517578,47.60667419433594
2014-05-08,147200,55.099998474121094,54.349998474121094,55.4900016784668,54.119998931884766,48.22783279418945
2014-05-07,272400,53.529998779296875,55.0099983215332,55.20000076293945,53.45000076293945,48.8134765625
2014-05-06,172200,54.22999954223633,53.65999984741211,54.66999816894531,53.439998626708984,47.615543365478516
2014-05-05,150600,54.029998779296875,54.36000061035156,54.5099983215332,53.91999816894531,48.236698150634766
2014-05-02,209300,54.63999938964844,54.27000045776367,54.959999084472656,53.880001068115234,48.15684127807617
2014-05-01,277600,55.040000915527344,54.599998474121094,55.27000045776367,54.380001068115234,48.44966125488281
2014-04-30,181800,54.9900016784668,55.0099983215332,55.459999084472656,54.54999923706055,48.8134765625
2014-04-29,171500,55.439998626708984,54.97999954223633,55.689998626708984,54.79999923706055,48.786865234375
2014-04-28,147600,55.08000183105469,55.2400016784668,55.349998474121094,54.290000915527344,49.017574310302734
2014-04-25,191400,54.400001525878906,54.779998779296875,54.900001525878906,54.400001525878906,48.60939407348633
2014-04-24,106700,54.90999984741211,54.38999938964844,54.939998626708984,54.18000030517578,48.26332473754883
2014-04-23,184700,54.41999816894531,54.599998474121094,55.119998931884766,54.41999816894531,48.44966125488281
2014-04-22,196400,54.279998779296875,54.59000015258789,54.63999938964844,54.099998474121094,48.440792083740234
2014-04-21,94100,54.060001373291016,54.13999938964844,54.33000183105469,53.75,48.0414924621582
2014-04-17,197700,54.060001373291016,54.150001525878906,54.380001068115234,54.0099983215332,48.05036163330078
2014-04-16,76900,54.29999923706055,54.29999923706055,54.380001068115234,53.9900016784668,48.18344497680664
2014-04-15,149900,53.2599983215332,53.959999084472656,53.9900016784668,52.84000015258789,47.88175964355469
2014-04-14,150700,52.86000061035156,53.16999816894531,53.43000030517578,52.65999984741211,47.18074417114258
2014-04-11,266300,52.58000183105469,52.459999084472656,53.220001220703125,52.209999084472656,46.55072021484375
2014-04-10,321800,53.13999938964844,52.97999954223633,53.810001373291016,52.849998474121094,47.01214599609375
2014-04-09,139800,53.09000015258789,53.290000915527344,53.349998474121094,52.619998931884766,47.28722381591797
2014-04-08,225900,52.75,52.869998931884766,53.290000915527344,52.349998474121094,46.914546966552734
2014-04-07,134300,53.029998779296875,52.59000015258789,53.130001068115234,52.54999923706055,46.66607666015625
2014-04-04,214500,53.9900016784668,53.130001068115234,54.369998931884766,53.119998931884766,47.145263671875
2014-04-03,110400,53.72999954223633,53.650001525878906,53.97999954223633,53.380001068115234,47.60667419433594
2014-04-02,250900,53.31999969482422,53.709999084472656,53.91999816894531,53.13999938964844,47.659912109375
2014-04-01,205300,53.650001525878906,53.54999923706055,53.650001525878906,53.119998931884766,47.5179328918457
2014-03-31,343500,53.130001068115234,53.45000076293945,53.7400016784668,52.810001373291016,47.42920684814453
2014-03-28,120200,52.849998474121094,52.869998931884766,53.13999938964844,52.56999969482422,46.914546966552734
2014-03-27,194300,52.68000030517578,52.91999816894531,53.27000045776367,52.5099983215332,46.958900451660156
2014-03-26,184000,53.63999938964844,52.560001373291016,53.63999938964844,52.4900016784668,46.63945770263672
2014-03-25,171400,53.380001068115234,53.209999084472656,53.560001373291016,52.849998474121094,47.21623611450195
2014-03-24,199800,53.189998626708984,52.959999084472656,53.41999816894531,52.4900016784668,46.9943962097168
2014-03-21,323600,53.79999923706055,53.0099983215332,54.0099983215332,52.97999954223633,47.03876876831055
2014-03-20,124200,53.650001525878906,53.459999084472656,53.81999969482422,53.290000915527344,47.438079833984375
2014-03-19,225500,54.5,53.650001525878906,54.72999954223633,53.4900016784668,47.60667419433594
2014-03-18,266800,54.2599983215332,54.52000045776367,54.52000045776367,53.7599983215332,48.37867736816406
2014-03-17,150000,54.040000915527344,54.11000061035156,54.349998474121094,53.88999938964844,48.01485824584961
2014-03-14,222400,53.13999938964844,53.720001220703125,54.0,53.13999938964844,47.668792724609375
2014-03-13,219300,53.220001220703125,53.310001373291016,53.63999938964844,52.959999084472656,47.304969787597656
2014-03-12,172200,52.41999816894531,53.189998626708984,53.22999954223633,52.41999816894531,47.198490142822266
2014-03-11,117100,53.54999923706055,52.65999984741211,53.54999923706055,52.54999923706055,46.72819900512695
2014-03-10,136700,53.2400016784668,53.630001068115234,53.720001220703125,53.18000030517578,47.588932037353516
2014-03-07,172400,54.0099983215332,53.38999938964844,54.0099983215332,53.189998626708984,47.3759651184082
2014-03-06,104600,54.2400016784668,53.83000183105469,54.7400016784668,53.58000183105469,47.76639938354492
2014-03-05,141800,54.47999954223633,53.9900016784668,54.47999954223633,53.68000030517578,47.90837478637695
2014-03-04,323600,54.29999923706055,54.58000183105469,55.18000030517578,53.81999969482422,48.431907653808594
2014-03-03,193200,53.61000061035156,53.619998931884766,53.869998931884766,52.970001220703125,47.58005142211914
2014-02-28,250400,53.25,54.02000045776367,54.33000183105469,53.25,47.935001373291016
2014-02-27,162200,53.41999816894531,53.119998931884766,53.810001373291016,52.709999084472656,47.136383056640625
2014-02-26,134100,54.16999816894531,53.58000183105469,54.279998779296875,53.369998931884766,47.544559478759766
2014-02-25,90900,54.189998626708984,53.880001068115234,54.47999954223633,53.61000061035156,47.81077194213867
2014-02-24,111300,54.40999984741211,54.04999923706055,54.880001068115234,54.029998779296875,47.961612701416016
2014-02-21,153100,54.38999938964844,54.47999954223633,54.95000076293945,54.33000183105469,48.34318161010742
2014-02-20,93400,53.380001068115234,54.20000076293945,54.27000045776367,53.2599983215332,48.094722747802734
2014-02-19,153600,54.22999954223633,53.279998779296875,54.790000915527344,53.27000045776367,47.27834701538086
2014-02-18,123300,54.369998931884766,54.349998474121094,54.97999954223633,54.22999954223633,48.22783279418945
2014-02-14,132800,53.599998474121094,54.130001068115234,54.15999984741211,53.220001220703125,48.032615661621094
2014-02-13,180400,52.150001525878906,53.599998474121094,53.63999938964844,52.150001525878906,47.269474029541016
2014-02-12,115100,52.33000183105469,52.83000183105469,52.93000030517578,52.09000015258789,46.29939651489258
2014-02-11,136000,52.029998779296875,52.400001525878906,52.61000061035156,52.029998779296875,45.922550201416016
2014-02-10,129500,51.689998626708984,52.2400016784668,52.36000061035156,51.45000076293945,45.78232955932617
2014-02-07,109500,51.95000076293945,51.88999938964844,52.09000015258789,51.68000030517578,45.475589752197266
2014-02-06,127400,51.959999084472656,51.810001373291016,52.189998626708984,51.75,45.40548324584961
2014-02-05,100300,51.93000030517578,51.70000076293945,52.150001525878906,51.540000915527344,45.309078216552734
2014-02-04,102500,52.880001068115234,52.27000045776367,52.880001068115234,52.099998474121094,45.80862045288086
2014-02-03,195800,53.7400016784668,52.7599983215332,54.189998626708984,52.5099983215332,46.2380485534668
2014-01-31,190800,53.369998931884766,53.72999954223633,54.150001525878906,53.29999923706055,47.088138580322266
2014-01-30,161500,53.68000030517578,54.2400016784668,54.77000045776367,53.45000076293945,47.53509521484375
2014-01-29,168500,53.11000061035156,53.34000015258789,54.08000183105469,53.04999923706055,46.74635696411133
2014-01-28,132500,53.90999984741211,53.470001220703125,53.90999984741211,53.2400016784668,46.86027526855469
2014-01-27,124500,53.95000076293945,53.720001220703125,54.0,53.41999816894531,47.07938003540039
2014-01-24,128700,54.38999938964844,53.869998931884766,54.68000030517578,53.7599983215332,47.21083068847656
2014-01-23,115800,54.939998626708984,54.810001373291016,54.9900016784668,54.22999954223633,48.034637451171875
2014-01-22,120500,54.90999984741211,55.099998474121094,55.099998474121094,54.75,48.288795471191406
2014-01-21,110200,54.52000045776367,54.90999984741211,54.939998626708984,54.369998931884766,48.122276306152344
2014-01-17,90800,54.349998474121094,54.33000183105469,54.5,54.16999816894531,47.61397171020508
2014-01-16,77500,54.279998779296875,54.33000183105469,54.630001068115234,54.0099983215332,47.61397171020508
2014-01-15,82200,54.2599983215332,54.25,54.59000015258789,54.04999923706055,47.543861389160156
2014-01-14,119700,54.290000915527344,54.119998931884766,54.43000030517578,53.7599983215332,47.429931640625
2014-01-13,169100,54.70000076293945,53.900001525878906,54.72999954223633,53.81999969482422,47.23712921142578
2014-01-10,105100,54.790000915527344,54.959999084472656,55.279998779296875,54.77000045776367,48.16609191894531
2014-01-09,114300,54.709999084472656,54.63999938964844,54.91999816894531,54.25,47.885650634765625
2014-01-08,249000,55.04999923706055,54.599998474121094,55.380001068115234,54.06999969482422,47.850589752197266
2014-01-07,124200,54.5099983215332,55.33000183105469,55.349998474121094,54.13999938964844,48.49036407470703
2014-01-06,199200,55.22999954223633,54.47999954223633,55.22999954223633,54.400001525878906,47.74543762207031
2014-01-03,251200,55.599998474121094,54.86000061035156,55.599998474121094,54.47999954223633,48.078453063964844
2014-01-02,197500,55.599998474121094,54.56999969482422,56.0099983215332,54.18000030517578,47.82430648803711
2013-12-31,130300,55.650001525878906,55.90999984741211,56.029998779296875,55.400001525878906,48.9986572265625
2013-12-30,76300,55.68000030517578,55.58000183105469,55.90999984741211,55.310001373291016,48.70945739746094
2013-12-27,101500,55.75,55.86000061035156,55.86000061035156,55.290000915527344,48.95484161376953
2013-12-26,82500,55.72999954223633,55.5099983215332,55.79999923706055,54.88999938964844,48.64810562133789
2013-12-24,65300,55.279998779296875,55.66999816894531,55.86000061035156,55.209999084472656,48.78832244873047
2013-12-23,153500,55.439998626708984,55.38999938964844,55.790000915527344,55.189998626708984,48.542938232421875
2013-12-20,490100,53.4900016784668,55.400001525878906,55.5,53.279998779296875,48.551700592041016
2013-12-19,138500,53.900001525878906,53.59000015258789,53.900001525878906,53.189998626708984,46.965450286865234
2013-12-18,188900,53.02000045776367,53.849998474121094,53.869998931884766,51.93000030517578,47.19330596923828
2013-12-17,89300,53.13999938964844,52.81999969482422,53.16999816894531,52.63999938964844,46.29063415527344
2013-12-16,190000,52.56999969482422,53.0099983215332,53.220001220703125,52.290000915527344,46.45714569091797
2013-12-13,148600,52.400001525878906,52.41999816894531,52.86000061035156,52.11000061035156,45.94007873535156
2013-12-12,147600,51.7599983215332,52.38999938964844,52.560001373291016,51.630001068115234,45.91379165649414
2013-12-11,117200,51.959999084472656,51.61000061035156,51.959999084472656,51.36000061035156,45.230201721191406
2013-12-10,142600,52.86000061035156,52.029998779296875,52.86000061035156,52.0,45.598297119140625
2013-12-09,112900,53.29999923706055,52.77000045776367,53.4900016784668,52.36000061035156,46.24681091308594
2013-12-06,79500,52.91999816894531,53.150001525878906,53.2599983215332,52.650001525878906,46.57984161376953
2013-12-05,105100,51.93000030517578,52.439998626708984,52.540000915527344,51.790000915527344,45.957603454589844
2013-12-04,79200,52.150001525878906,52.099998474121094,52.560001373291016,51.38999938964844,45.659637451171875
2013-12-03,97800,52.189998626708984,52.36000061035156,52.939998626708984,51.900001525878906,45.88749313354492
2013-12-02,121400,52.959999084472656,52.38999938964844,53.08000183105469,52.279998779296875,45.91379165649414
2013-11-29,57600,53.310001373291016,53.060001373291016,53.47999954223633,53.0099983215332,46.50096130371094
2013-11-27,74900,52.790000915527344,52.97999954223633,53.150001525878906,52.540000915527344,46.43085861206055
2013-11-26,96800,52.91999816894531,52.90999984741211,53.029998779296875,52.52000045776367,46.3695068359375
2013-11-25,86000,52.81999969482422,52.91999816894531,53.400001525878906,52.779998779296875,46.378265380859375
2013-11-22,90500,52.7400016784668,52.90999984741211,53.099998474121094,52.380001068115234,46.3695068359375
2013-11-21,128600,52.43000030517578,52.709999084472656,52.790000915527344,52.040000915527344,46.1942253112793
2013-11-20,91500,52.52000045776367,52.220001220703125,52.91999816894531,51.970001220703125,45.764808654785156
2013-11-19,142900,52.720001220703125,52.459999084472656,53.099998474121094,52.25,45.975135803222656
2013-11-18,120200,53.369998931884766,52.90999984741211,53.38999938964844,52.810001373291016,46.3695068359375
2013-11-15,107800,53.22999954223633,53.290000915527344,53.310001373291016,52.86000061035156,46.7025260925293
2013-11-14,85100,53.529998779296875,53.33000183105469,53.939998626708984,53.279998779296875,46.73759078979492
2013-11-13,84100,52.93000030517578,53.54999923706055,53.58000183105469,52.720001220703125,46.930389404296875
2013-11-12,67500,53.93000030517578,53.459999084472656,53.95000076293945,53.16999816894531,46.56231689453125
2013-11-11,64300,53.95000076293945,53.95000076293945,54.279998779296875,53.31999969482422,46.98908996582031
2013-11-08,139600,53.599998474121094,54.11000061035156,54.189998626708984,52.810001373291016,47.12845230102539
2013-11-07,159200,54.81999969482422,53.66999816894531,54.9900016784668,53.47999954223633,46.745208740234375
2013-11-06,61300,54.5,54.689998626708984,54.900001525878906,54.38999938964844,47.63360595703125
2013-11-05,205400,54.209999084472656,54.58000183105469,54.970001220703125,54.16999816894531,47.53780746459961
2013-11-04,233700,54.459999084472656,54.45000076293945,54.560001373291016,53.77000045776367,47.42457962036133
2013-11-01,174500,54.08000183105469,54.349998474121094,54.689998626708984,53.900001525878906,47.337486267089844
2013-10-31,140500,54.400001525878906,54.2599983215332,54.7599983215332,53.81999969482422,47.25909423828125
2013-10-30,245400,54.529998779296875,54.52000045776367,54.83000183105469,54.15999984741211,47.48554611206055
2013-10-29,149900,54.310001373291016,54.36000061035156,54.68000030517578,54.040000915527344,47.34619140625
2013-10-28,156200,54.060001373291016,54.310001373291016,54.40999984741211,53.91999816894531,47.302635192871094
2013-10-25,109600,53.869998931884766,54.099998474121094,54.150001525878906,53.47999954223633,47.11973190307617
2013-10-24,147700,53.810001373291016,53.63999938964844,53.88999938964844,53.380001068115234,46.719085693359375
2013-10-23,134200,53.150001525878906,53.810001373291016,53.9900016784668,53.150001525878906,46.86715316772461
2013-10-22,127000,52.65999984741211,53.27000045776367,53.56999969482422,52.5,46.39683151245117
2013-10-21,115000,52.529998779296875,52.61000061035156,52.810001373291016,52.310001373291016,45.821983337402344
2013-10-18,136500,52.56999969482422,52.529998779296875,52.68000030517578,52.15999984741211,45.75230026245117
2013-10-17,195100,50.91999816894531,52.119998931884766,52.119998931884766,50.7400016784668,45.39520263671875
2013-10-16,97500,50.650001525878906,50.9900016784668,51.029998779296875,50.560001373291016,44.41100311279297
2013-10-15,196700,50.689998626708984,50.45000076293945,50.869998931884766,50.290000915527344,43.940673828125
2013-10-14,262200,50.79999923706055,50.88999938964844,50.90999984741211,50.130001068115234,44.323909759521484
2013-10-11,177000,50.400001525878906,50.9900016784668,51.25,50.220001220703125,44.41100311279297
2013-10-10,93300,50.08000183105469,50.58000183105469,50.79999923706055,49.72999954223633,44.05390167236328
2013-10-09,186600,49.33000183105469,49.599998474121094,50.209999084472656,49.029998779296875,43.20034408569336
2013-10-08,152600,49.04999923706055,49.279998779296875,49.56999969482422,48.7599983215332,42.921634674072266
2013-10-07,121900,49.08000183105469,49.040000915527344,49.27000045776367,48.91999816894531,42.71260452270508
2013-10-04,165300,49.20000076293945,49.38999938964844,49.58000183105469,49.130001068115234,43.01744842529297
2013-10-03,199200,49.66999816894531,49.25,50.08000183105469,48.970001220703125,42.8955078125
2013-10-02,181300,49.9900016784668,49.869998931884766,50.11000061035156,49.63999938964844,43.43551254272461
2013-10-01,211100,50.0,50.220001220703125,50.27000045776367,49.810001373291016,43.740352630615234
2013-09-30,245300,49.630001068115234,50.0,50.0099983215332,49.54999923706055,43.548744201660156
2013-09-27,163700,49.81999969482422,49.97999954223633,50.189998626708984,49.7400016784668,43.531314849853516
2013-09-26,148500,49.61000061035156,50.2599983215332,50.2599983215332,49.5099983215332,43.77519989013672
2013-09-25,148000,49.849998474121094,49.61000061035156,49.97999954223633,49.459999084472656,43.20906448364258
2013-09-24,149100,49.72999954223633,49.849998474121094,50.06999969482422,49.54999923706055,43.418094635009766
2013-09-23,212700,48.540000915527344,49.79999923706055,49.880001068115234,48.369998931884766,43.37454605102539
2013-09-20,414600,49.2599983215332,48.66999816894531,49.310001373291016,48.47999954223633,42.39033889770508
2013-09-19,212800,48.97999954223633,49.09000015258789,49.25,48.790000915527344,42.75615310668945
2013-09-18,184400,47.20000076293945,49.02000045776367,49.11000061035156,47.029998779296875,42.69517517089844
2013-09-17,242700,46.66999816894531,47.2599983215332,47.290000915527344,46.66999816894531,41.16227340698242
2013-09-16,150900,47.189998626708984,46.68000030517578,47.189998626708984,46.34000015258789,40.65709686279297
2013-09-13,171200,46.52000045776367,46.709999084472656,46.880001068115234,46.45000076293945,40.683231353759766
2013-09-12,120200,46.61000061035156,46.47999954223633,46.880001068115234,46.43000030517578,40.482913970947266
2013-09-11,136800,46.75,46.7599983215332,46.790000915527344,46.279998779296875,40.72678756713867
2013-09-10,122400,46.72999954223633,46.7400016784668,46.869998931884766,46.439998626708984,40.70936584472656
2013-09-09,146400,46.459999084472656,46.52000045776367,46.59000015258789,46.0,40.51774597167969
2013-09-06,178700,46.279998779296875,46.380001068115234,46.63999938964844,45.880001068115234,40.395809173583984
2013-09-05,98500,46.18000030517578,45.95000076293945,46.22999954223633,45.70000076293945,40.02129364013672
2013-09-04,131200,46.58000183105469,46.18000030517578,46.58000183105469,45.90999984741211,40.22161865234375
2013-09-03,197400,47.220001220703125,46.47999954223633,47.310001373291016,46.16999816894531,40.482913970947266
2013-08-30,201600,47.18000030517578,46.779998779296875,47.36000061035156,46.7599983215332,40.744197845458984
2013-08-29,126600,47.290000915527344,47.310001373291016,47.36000061035156,47.09000015258789,41.20582962036133
2013-08-28,125300,47.47999954223633,47.45000076293945,47.709999084472656,47.220001220703125,41.3277473449707
2013-08-27,154900,47.0,47.380001068115234,47.5099983215332,47.0,41.266788482666016
2013-08-26,69800,47.959999084472656,47.47999954223633,48.08000183105469,47.36000061035156,41.3538818359375
2013-08-23,122300,47.689998626708984,47.95000076293945,48.0,47.36000061035156,41.76323699951172
2013-08-22,85900,47.279998779296875,47.689998626708984,48.150001525878906,47.22999954223633,41.53678512573242
2013-08-21,62700,47.619998931884766,47.2400016784668,47.7599983215332,46.970001220703125,41.144840240478516
2013-08-20,114100,47.2599983215332,47.81999969482422,48.04999923706055,47.09000015258789,41.6500129699707
2013-08-19,91500,47.52000045776367,47.15999984741211,47.52000045776367,46.91999816894531,41.075172424316406
2013-08-16,124700,47.880001068115234,47.52000045776367,48.15999984741211,47.29999923706055,41.38872528076172
2013-08-15,116100,48.79999923706055,48.09000015258789,49.130001068115234,48.08000183105469,41.885169982910156
2013-08-14,145600,49.5,49.209999084472656,49.7599983215332,48.810001373291016,42.86066818237305
2013-08-13,82900,50.040000915527344,49.63999938964844,50.15999984741211,49.33000183105469,43.23518371582031
2013-08-12,139900,49.81999969482422,50.25,50.29999923706055,49.7599983215332,43.47905731201172
2013-08-09,97500,49.72999954223633,49.58000183105469,49.97999954223633,49.43000030517578,42.89934158325195
2013-08-08,74600,50.150001525878906,49.7599983215332,50.79999923706055,49.470001220703125,43.05508041381836
2013-08-07,70500,49.31999969482422,49.79999923706055,49.959999084472656,49.20000076293945,43.08969497680664
2013-08-06,67100,49.540000915527344,49.34000015258789,49.630001068115234,49.06999969482422,42.69166946411133
2013-08-05,102800,49.369998931884766,49.5099983215332,49.689998626708984,49.25,42.838775634765625
2013-08-02,52900,49.720001220703125,49.54999923706055,49.91999816894531,49.13999938964844,42.87337875366211
2013-08-01,112800,50.06999969482422,49.810001373291016,50.41999816894531,49.630001068115234,43.09834671020508
2013-07-31,83700,49.90999984741211,49.63999938964844,50.220001220703125,49.630001068115234,42.95125961303711
2013-07-30,77800,50.09000015258789,49.880001068115234,50.2599983215332,49.54999923706055,43.15892028808594
2013-07-29,171000,49.349998474121094,49.849998474121094,49.970001220703125,49.349998474121094,43.13295364379883
2013-07-26,167200,49.47999954223633,49.529998779296875,49.939998626708984,49.22999954223633,42.856075286865234
2013-07-25,294200,49.7599983215332,49.810001373291016,50.4900016784668,49.630001068115234,43.09834671020508
2013-07-24,134400,50.560001373291016,49.77000045776367,50.560001373291016,49.5,43.06373977661133
2013-07-23,90100,50.77000045776367,50.459999084472656,50.77000045776367,50.31999969482422,43.660762786865234
2013-07-22,121700,50.7599983215332,50.650001525878906,50.9900016784668,50.439998626708984,43.82516098022461
2013-07-19,90600,50.459999084472656,50.65999984741211,50.86000061035156,50.439998626708984,43.83382034301758
2013-07-18,82300,50.06999969482422,50.5099983215332,50.56999969482422,50.06999969482422,43.70402145385742
2013-07-17,107600,50.060001373291016,49.869998931884766,50.400001525878906,49.61000061035156,43.1502571105957
2013-07-16,158400,49.779998779296875,49.900001525878906,49.97999954223633,49.439998626708984,43.17621994018555
2013-07-15,112000,49.2599983215332,49.83000183105469,49.970001220703125,49.0,43.115657806396484
2013-07-12,118700,48.84000015258789,49.220001220703125,49.380001068115234,48.4900016784668,42.58784103393555
2013-07-11,127700,48.970001220703125,48.95000076293945,49.09000015258789,48.459999084472656,42.354225158691406
2013-07-10,82900,48.099998474121094,48.369998931884766,48.45000076293945,48.0,41.85237503051758
2013-07-09,129500,47.91999816894531,48.25,48.29999923706055,47.720001220703125,41.74855041503906
2013-07-08,106600,47.189998626708984,47.63999938964844,47.95000076293945,46.939998626708984,41.22075653076172
2013-07-05,101200,47.220001220703125,47.040000915527344,47.34000015258789,46.20000076293945,40.70159149169922
2013-07-03,44200,46.4900016784668,46.77000045776367,46.79999923706055,46.08000183105469,40.46796798706055
2013-07-02,77000,46.29999923706055,46.56999969482422,46.90999984741211,46.11000061035156,40.294921875
2013-07-01,161700,47.13999938964844,46.45000076293945,47.189998626708984,46.029998779296875,40.191097259521484
2013-06-28,265500,46.75,46.790000915527344,47.56999969482422,46.599998474121094,40.48527526855469
2013-06-27,118400,46.68000030517578,46.97999954223633,47.09000015258789,46.68000030517578,40.6496696472168
2013-06-26,100100,46.560001373291016,46.29999923706055,46.7599983215332,46.22999954223633,40.06130599975586
2013-06-25,113700,46.220001220703125,46.2599983215332,46.380001068115234,45.86000061035156,40.02668762207031
2013-06-24,105200,45.849998474121094,45.900001525878906,46.209999084472656,45.400001525878906,39.715213775634766
2013-06-21,280700,45.900001525878906,46.13999938964844,46.279998779296875,45.11000061035156,39.9228630065918
2013-06-20,184200,46.65999984741211,45.7599983215332,46.70000076293945,45.56999969482422,39.59406280517578
2013-06-19,131300,48.7599983215332,47.36000061035156,48.7599983215332,47.279998779296875,40.97846603393555
2013-06-18,82600,48.099998474121094,48.720001220703125,48.97999954223633,47.97999954223633,42.155216217041016
2013-06-17,82200,48.38999938964844,47.970001220703125,48.470001220703125,47.689998626708984,41.506290435791016
2013-06-14,60500,48.20000076293945,48.0,48.25,47.75,41.53224182128906
2013-06-13,138000,47.33000183105469,48.150001525878906,48.22999954223633,47.22999954223633,41.66203689575195
2013-06-12,92200,48.0,47.38999938964844,48.060001373291016,47.34000015258789,41.004425048828125
2013-06-11,62700,47.77000045776367,47.849998474121094,48.2599983215332,47.75,41.4024543762207
2013-06-10,68700,48.439998626708984,48.310001373291016,48.650001525878906,47.779998779296875,41.80047607421875
2013-06-07,95400,48.40999984741211,48.2400016784668,48.43000030517578,47.869998931884766,41.73989486694336
2013-06-06,96900,47.560001373291016,48.099998474121094,48.11000061035156,47.34000015258789,41.6187629699707
2013-06-05,95500,47.7599983215332,47.56999969482422,47.970001220703125,47.439998626708984,41.160179138183594
2013-06-04,154400,48.27000045776367,47.900001525878906,48.52000045776367,47.47999954223633,41.445709228515625
2013-06-03,329100,47.5099983215332,48.34000015258789,48.58000183105469,47.13999938964844,41.82642364501953
2013-05-31,132600,47.43000030517578,47.349998474121094,48.119998931884766,47.349998474121094,40.96981430053711
2013-05-30,378400,47.380001068115234,47.650001525878906,48.0,47.380001068115234,41.229408264160156
2013-05-29,234200,48.099998474121094,47.13999938964844,48.18000030517578,46.65999984741211,40.78812026977539
2013-05-28,273200,49.22999954223633,48.41999816894531,49.310001373291016,48.060001373291016,41.895652770996094
2013-05-24,72300,48.70000076293945,48.720001220703125,48.720001220703125,48.290000915527344,42.155216217041016
2013-05-23,261500,48.97999954223633,48.849998474121094,49.310001373291016,48.5099983215332,42.267704010009766
2013-05-22,196100,50.66999816894531,49.43000030517578,50.970001220703125,49.380001068115234,42.769554138183594
2013-05-21,161900,50.709999084472656,50.720001220703125,51.0,50.5099983215332,43.885738372802734
2013-05-20,126400,50.45000076293945,50.790000915527344,50.9900016784668,50.349998474121094,43.94629669189453
2013-05-17,159900,50.40999984741211,50.630001068115234,50.650001525878906,50.310001373291016,43.80785369873047
2013-05-16,157900,50.099998474121094,50.08000183105469,50.5099983215332,49.91999816894531,43.331966400146484
2013-05-15,159800,49.959999084472656,50.33000183105469,50.63999938964844,49.79999923706055,43.548282623291016
2013-05-14,162000,49.41999816894531,49.959999084472656,50.27000045776367,49.290000915527344,43.22813034057617
2013-05-13,183700,49.68000030517578,49.5,49.869998931884766,48.470001220703125,42.83012771606445
2013-05-10,306200,50.63999938964844,50.22999954223633,50.63999938964844,49.939998626708984,43.17621612548828
2013-05-09,130200,51.209999084472656,50.41999816894531,51.209999084472656,50.380001068115234,43.33953094482422
2013-05-08,228200,50.9900016784668,51.16999816894531,51.52000045776367,50.95000076293945,43.984214782714844
2013-05-07,165900,50.5,50.959999084472656,50.970001220703125,50.33000183105469,43.80370330810547
2013-05-06,96100,50.4900016784668,50.439998626708984,50.619998931884766,50.31999969482422,43.356727600097656
2013-05-03,140200,50.95000076293945,50.36000061035156,51.18000030517578,50.349998474121094,43.287967681884766
2013-05-02,120900,49.959999084472656,50.150001525878906,50.45000076293945,49.65999984741211,43.107460021972656
2013-05-01,248000,50.66999816894531,49.70000076293945,50.66999816894531,49.66999816894531,42.72065734863281
2013-04-30,151200,50.060001373291016,50.66999816894531,50.66999816894531,49.599998474121094,43.55443572998047
2013-04-29,127600,49.72999954223633,50.22999954223633,50.41999816894531,49.650001525878906,43.17621612548828
2013-04-26,120600,50.04999923706055,49.689998626708984,50.400001525878906,49.650001525878906,42.71205520629883
2013-04-25,80700,50.45000076293945,50.099998474121094,50.709999084472656,49.959999084472656,43.06447219848633
2013-04-24,87900,50.130001068115234,50.33000183105469,50.349998474121094,49.849998474121094,43.26217269897461
2013-04-23,138500,49.86000061035156,50.06999969482422,50.08000183105469,49.54999923706055,43.03868865966797
2013-04-22,103300,49.61000061035156,49.52000045776367,49.7400016784668,48.720001220703125,42.56592559814453
2013-04-19,119600,48.689998626708984,49.470001220703125,49.61000061035156,48.59000015258789,42.522945404052734
2013-04-18,177000,48.54999923706055,48.650001525878906,48.72999954223633,48.20000076293945,41.8181037902832
2013-04-17,185300,48.65999984741211,48.369998931884766,48.72999954223633,47.779998779296875,41.57742691040039
2013-04-16,216200,47.869998931884766,48.869998931884766,48.900001525878906,47.56999969482422,42.00720977783203
2013-04-15,194500,48.869998931884766,47.709999084472656,49.08000183105469,47.560001373291016,41.010108947753906
2013-04-12,99100,49.189998626708984,49.2599983215332,49.290000915527344,48.91999816894531,42.34243392944336
2013-04-11,109700,49.099998474121094,49.27000045776367,49.34000015258789,48.900001525878906,42.35102844238281
2013-04-10,317300,48.4900016784668,49.13999938964844,49.2400016784668,48.41999816894531,42.23927688598633
2013-04-09,181000,48.599998474121094,48.27000045776367,48.599998474121094,48.15999984741211,41.49146270751953
2013-04-08,257700,47.95000076293945,48.470001220703125,48.59000015258789,47.83000183105469,41.663387298583984
2013-04-05,123700,47.34000015258789,47.970001220703125,48.06999969482422,47.34000015258789,41.23359680175781
2013-04-04,103100,47.56999969482422,48.06999969482422,48.06999969482422,47.29999923706055,41.319541931152344
2013-04-03,153000,47.72999954223633,47.40999984741211,47.91999816894531,47.209999084472656,40.752227783203125
2013-04-02,174200,47.720001220703125,47.66999816894531,48.11000061035156,47.4900016784668,40.9757194519043
2013-04-01,234600,47.45000076293945,47.56999969482422,47.650001525878906,46.84000015258789,40.88976287841797
2013-03-28,169400,47.56999969482422,47.459999084472656,47.66999816894531,47.25,40.795204162597656
2013-03-27,128900,47.52000045776367,47.41999816894531,47.56999969482422,47.189998626708984,40.76082229614258
2013-03-26,93600,47.72999954223633,47.79999923706055,47.869998931884766,47.459999084472656,41.08747100830078
2013-03-25,120600,47.81999969482422,47.41999816894531,48.11000061035156,47.08000183105469,40.76082229614258
2013-03-22,97800,47.59000015258789,47.779998779296875,47.91999816894531,47.5099983215332,41.07027053833008
2013-03-21,92300,47.400001525878906,47.43000030517578,47.7400016784668,47.22999954223633,40.7694206237793
2013-03-20,119000,47.66999816894531,47.7400016784668,47.939998626708984,47.56999969482422,41.03589630126953
2013-03-19,146200,47.47999954223633,47.43000030517578,47.689998626708984,47.09000015258789,40.7694206237793
2013-03-18,140800,47.33000183105469,47.31999969482422,47.689998626708984,47.209999084472656,40.67487335205078
2013-03-15,397300,47.08000183105469,47.7599983215332,47.81999969482422,46.9900016784668,41.05308532714844
2013-03-14,232900,47.0,47.06999969482422,47.209999084472656,46.790000915527344,40.45998764038086
2013-03-13,136900,46.83000183105469,46.79999923706055,46.970001220703125,46.630001068115234,40.22789764404297
2013-03-12,120700,47.060001373291016,46.720001220703125,47.150001525878906,46.66999816894531,40.15912628173828
2013-03-11,133100,46.869998931884766,47.099998474121094,47.290000915527344,46.77000045776367,40.48576354980469
2013-03-08,145800,47.119998931884766,46.880001068115234,47.15999984741211,46.65999984741211,40.29666519165039
2013-03-07,144000,46.599998474121094,46.72999954223633,46.880001068115234,46.34000015258789,40.167720794677734
2013-03-06,131500,46.779998779296875,46.68000030517578,46.779998779296875,46.34000015258789,40.1247444152832
2013-03-05,166300,46.91999816894531,46.650001525878906,47.2400016784668,46.4900016784668,40.098960876464844
2013-03-04,144800,46.439998626708984,46.720001220703125,46.900001525878906,46.36000061035156,40.15912628173828
2013-03-01,275900,45.220001220703125,46.5,46.650001525878906,45.06999969482422,39.97002029418945
2013-02-28,103800,44.959999084472656,45.29999923706055,45.54999923706055,44.91999816894531,38.938541412353516
2013-02-27,105800,44.63999938964844,44.970001220703125,45.25,44.4900016784668,38.65487289428711
2013-02-26,126700,44.459999084472656,44.689998626708984,44.90999984741211,44.209999084472656,38.4141960144043
2013-02-25,90800,45.31999969482422,44.2400016784668,45.4900016784668,44.2400016784668,38.027400970458984
2013-02-22,115400,44.7599983215332,45.25,45.25,44.4900016784668,38.895565032958984
2013-02-21,162800,44.459999084472656,44.459999084472656,45.060001373291016,44.20000076293945,38.21649932861328
2013-02-20,138400,45.09000015258789,44.52000045776367,45.220001220703125,44.52000045776367,38.26807403564453
2013-02-19,231600,44.45000076293945,45.18000030517578,45.20000076293945,44.45000076293945,38.835391998291016
2013-02-15,140800,44.849998474121094,44.5,44.849998474121094,44.459999084472656,38.25088119506836
2013-02-14,60200,45.0099983215332,44.66999816894531,45.08000183105469,44.63999938964844,38.39700698852539
2013-02-13,73300,45.029998779296875,45.02000045776367,45.11000061035156,44.83000183105469,38.6978645324707
2013-02-12,63500,44.869998931884766,45.150001525878906,45.220001220703125,44.68000030517578,38.55603790283203
2013-02-11,66000,44.900001525878906,44.84000015258789,45.13999938964844,44.619998931884766,38.29131317138672
2013-02-08,53100,44.77000045776367,44.90999984741211,45.099998474121094,44.77000045776367,38.35108184814453
2013-02-07,71900,44.7599983215332,44.81999969482422,44.970001220703125,44.40999984741211,38.27421951293945
2013-02-06,79300,44.66999816894531,44.83000183105469,44.90999984741211,44.34000015258789,38.28274917602539
2013-02-05,110500,44.790000915527344,44.849998474121094,45.0,44.63999938964844,38.29983139038086
2013-02-04,87800,45.06999969482422,44.529998779296875,45.119998931884766,44.38999938964844,38.026573181152344
2013-02-01,111300,44.7400016784668,45.2599983215332,45.45000076293945,44.58000183105469,38.64996337890625
2013-01-31,147600,44.369998931884766,44.540000915527344,44.88999938964844,44.369998931884766,38.03511428833008
2013-01-30,113200,44.66999816894531,44.290000915527344,44.79999923706055,44.18000030517578,37.821624755859375
2013-01-29,124300,44.290000915527344,44.83000183105469,44.869998931884766,44.2400016784668,38.28274917602539
2013-01-28,155400,44.45000076293945,44.380001068115234,44.54999923706055,44.02000045776367,37.89847183227539
2013-01-25,108800,44.09000015258789,44.369998931884766,44.369998931884766,43.84000015258789,37.889949798583984
2013-01-24,157500,44.02000045776367,44.060001373291016,44.18000030517578,43.68000030517578,37.625213623046875
2013-01-23,98900,43.849998474121094,43.880001068115234,43.939998626708984,43.65999984741211,37.47150421142578
2013-01-22,159900,43.54999923706055,43.88999938964844,44.02000045776367,43.54999923706055,37.48005294799805
2013-01-18,126900,43.11000061035156,43.68000030517578,43.70000076293945,43.0,37.300716400146484
2013-01-17,87000,43.189998626708984,43.18000030517578,43.47999954223633,42.93000030517578,36.87372970581055
2013-01-16,156500,42.90999984741211,42.97999954223633,43.040000915527344,42.7599983215332,36.702945709228516
2013-01-15,90000,42.66999816894531,43.09000015258789,43.099998474121094,42.5,36.79689025878906
2013-01-14,120800,42.5099983215332,42.88999938964844,43.06999969482422,42.5099983215332,36.626094818115234
2013-01-11,160000,42.34000015258789,42.61000061035156,42.65999984741211,42.02000045776367,36.38699722290039
2013-01-10,149300,42.470001220703125,42.2400016784668,42.5099983215332,42.16999816894531,36.07102966308594
2013-01-09,139700,42.599998474121094,42.40999984741211,42.689998626708984,42.189998626708984,36.216182708740234
2013-01-08,117200,42.86000061035156,42.45000076293945,42.86000061035156,42.18000030517578,36.25035095214844
2013-01-07,111400,43.29999923706055,42.869998931884766,43.4900016784668,42.86000061035156,36.6090087890625
2013-01-04,154800,43.630001068115234,43.560001373291016,43.779998779296875,43.380001068115234,37.19823455810547
2013-01-03,95200,43.43000030517578,43.400001525878906,43.790000915527344,43.20000076293945,37.06161117553711
2013-01-02,241700,43.209999084472656,43.380001068115234,43.40999984741211,42.79999923706055,37.04452896118164
2012-12-31,154900,41.84000015258789,42.40999984741211,42.47999954223633,41.41999816894531,36.216182708740234
2012-12-28,83900,41.79999923706055,41.72999954223633,42.31999969482422,41.68000030517578,35.6355094909668
2012-12-27,127400,42.119998931884766,42.04999923706055,42.29999923706055,41.529998779296875,35.90876388549805
2012-12-26,133900,42.5099983215332,42.189998626708984,42.599998474121094,42.11000061035156,36.0283317565918
2012-12-24,117300,42.709999084472656,42.54999923706055,42.90999984741211,42.060001373291016,36.33575439453125
2012-12-21,583300,42.650001525878906,42.95000076293945,42.9900016784668,42.2599983215332,36.67732620239258
2012-12-20,216900,42.689998626708984,42.86000061035156,43.11000061035156,42.59000015258789,36.60047149658203
2012-12-19,148500,42.54999923706055,42.63999938964844,43.290000915527344,42.47999954223633,36.4126091003418
2012-12-18,129900,42.08000183105469,42.650001525878906,42.66999816894531,41.97999954223633,36.421142578125
2012-12-17,188600,41.83000183105469,42.09000015258789,42.22999954223633,41.790000915527344,35.94293212890625
2012-12-14,138000,41.84000015258789,41.810001373291016,42.279998779296875,41.61000061035156,35.703819274902344
2012-12-13,319400,41.869998931884766,41.970001220703125,43.02000045776367,41.47999954223633,35.8404541015625
2012-12-12,117600,42.56999969482422,41.939998626708984,42.790000915527344,41.88999938964844,35.81483459472656
2012-12-11,297300,42.43000030517578,42.380001068115234,42.650001525878906,42.18000030517578,36.190582275390625
2012-12-10,69700,42.099998474121094,42.13999938964844,42.34000015258789,41.65999984741211,35.985618591308594
2012-12-07,75800,42.38999938964844,42.0,42.38999938964844,41.95000076293945,35.86606979370117
2012-12-06,61300,42.369998931884766,42.290000915527344,42.709999084472656,42.099998474121094,36.113712310791016
2012-12-05,114300,42.290000915527344,42.439998626708984,42.70000076293945,41.90999984741211,36.24180603027344
2012-12-04,160100,42.13999938964844,42.2599983215332,42.380001068115234,41.529998779296875,36.088096618652344
2012-12-03,153300,42.04999923706055,42.040000915527344,42.13999938964844,41.540000915527344,35.90023422241211
2012-11-30,232000,41.77000045776367,41.939998626708984,41.939998626708984,41.52000045776367,35.81483459472656
2012-11-29,96200,41.380001068115234,41.63999938964844,41.84000015258789,41.220001220703125,35.55864715576172
2012-11-28,162700,41.279998779296875,41.2400016784668,41.45000076293945,40.720001220703125,35.21707534790039
2012-11-27,102200,41.5099983215332,41.29999923706055,41.81999969482422,41.25,35.2682991027832
2012-11-26,129600,40.7400016784668,41.650001525878906,41.65999984741211,40.689998626708984,35.56719207763672
2012-11-23,61400,40.77000045776367,40.779998779296875,41.20000076293945,40.5,34.824249267578125
2012-11-21,59200,40.75,40.720001220703125,41.02000045776367,40.43000030517578,34.77301025390625
2012-11-20,100700,40.66999816894531,40.790000915527344,40.81999969482422,40.29999923706055,34.832786560058594
2012-11-19,149600,40.349998474121094,40.720001220703125,40.72999954223633,40.06999969482422,34.77301025390625
2012-11-16,262200,39.43000030517578,40.209999084472656,40.380001068115234,39.0099983215332,34.337493896484375
2012-11-15,171200,39.970001220703125,39.52000045776367,40.29999923706055,39.150001525878906,33.748268127441406
2012-11-14,149900,40.90999984741211,40.099998474121094,40.90999984741211,39.9900016784668,34.243560791015625
2012-11-13,115700,40.63999938964844,40.709999084472656,41.2400016784668,40.56999969482422,34.76447677612305
2012-11-12,56300,41.7400016784668,41.130001068115234,41.83000183105469,40.97999954223633,34.871219635009766
2012-11-09,117800,40.91999816894531,41.630001068115234,41.900001525878906,40.650001525878906,35.29513168334961
2012-11-08,175200,41.720001220703125,41.45000076293945,42.2599983215332,41.400001525878906,35.14252853393555
2012-11-07,190600,43.13999938964844,41.849998474121094,44.790000915527344,41.72999954223633,35.48165512084961
2012-11-06,114900,42.4900016784668,43.13999938964844,43.310001373291016,42.349998474121094,36.575355529785156
2012-11-05,116700,41.119998931884766,42.47999954223633,43.18000030517578,40.720001220703125,36.015785217285156
2012-11-02,183800,43.65999984741211,42.81999969482422,43.869998931884766,42.81999969482422,36.304046630859375
2012-11-01,213000,43.619998931884766,43.349998474121094,43.869998931884766,43.18000030517578,36.75339126586914
2012-10-31,165100,43.709999084472656,43.470001220703125,44.189998626708984,43.209999084472656,36.85514450073242
2012-10-26,61600,43.970001220703125,43.83000183105469,43.97999954223633,43.63999938964844,37.16035842895508
2012-10-25,61000,43.93000030517578,44.04999923706055,44.060001373291016,43.4900016784668,37.34687423706055
2012-10-24,78500,43.540000915527344,43.70000076293945,43.83000183105469,43.33000183105469,37.05012512207031
2012-10-23,118400,43.54999923706055,43.529998779296875,43.61000061035156,43.08000183105469,36.906005859375
2012-10-22,132200,43.79999923706055,43.779998779296875,43.93000030517578,43.43000030517578,37.11796569824219
2012-10-19,168900,44.119998931884766,44.0099983215332,44.290000915527344,43.810001373291016,37.31296157836914
2012-10-18,106600,44.459999084472656,44.34000015258789,44.619998931884766,44.13999938964844,37.592742919921875
2012-10-17,93600,43.880001068115234,44.720001220703125,44.7400016784668,43.720001220703125,37.9149169921875
2012-10-16,83400,43.79999923706055,44.0,44.06999969482422,43.66999816894531,37.30448532104492
2012-10-15,98600,43.70000076293945,43.709999084472656,44.0,43.5,37.05861282348633
2012-10-12,122100,43.5099983215332,43.75,43.88999938964844,43.45000076293945,37.092525482177734
2012-10-11,116600,43.869998931884766,43.56999969482422,44.06999969482422,43.560001373291016,36.939918518066406
2012-10-10,174400,44.189998626708984,43.75,44.189998626708984,43.599998474121094,37.092525482177734
2012-10-09,83000,44.150001525878906,44.09000015258789,44.459999084472656,43.81999969482422,37.38077926635742
2012-10-08,103000,43.84000015258789,44.2400016784668,44.40999984741211,43.560001373291016,37.50796127319336
2012-10-05,125000,44.08000183105469,44.0,44.83000183105469,43.900001525878906,37.30448532104492
2012-10-04,138200,43.959999084472656,44.08000183105469,44.15999984741211,43.560001373291016,37.372314453125
2012-10-03,84100,43.84000015258789,43.790000915527344,44.16999816894531,43.630001068115234,37.126434326171875
2012-10-02,78700,43.7400016784668,43.86000061035156,43.97999954223633,43.5099983215332,37.185791015625
2012-10-01,129100,44.38999938964844,43.7400016784668,44.38999938964844,43.599998474121094,37.08403778076172
2012-09-28,119400,43.93000030517578,44.20000076293945,44.439998626708984,43.790000915527344,37.47405242919922
2012-09-27,123500,44.599998474121094,44.150001525878906,44.599998474121094,43.91999816894531,37.431663513183594
2012-09-26,131700,44.52000045776367,44.45000076293945,44.939998626708984,44.25,37.68600082397461
2012-09-25,172500,44.88999938964844,44.349998474121094,45.08000183105469,44.34000015258789,37.60121536254883
2012-09-24,124700,44.349998474121094,44.720001220703125,44.939998626708984,44.349998474121094,37.9149169921875
2012-09-21,249700,44.560001373291016,44.459999084472656,44.79999923706055,44.25,37.69448471069336
2012-09-20,103900,43.75,44.11000061035156,44.15999984741211,43.689998626708984,37.39774703979492
2012-09-19,117600,44.119998931884766,43.91999816894531,44.189998626708984,43.790000915527344,37.236656188964844
2012-09-18,124500,43.90999984741211,43.959999084472656,44.0099983215332,43.59000015258789,37.270565032958984
2012-09-17,92800,43.77000045776367,43.86000061035156,44.15999984741211,43.68000030517578,37.185791015625
2012-09-14,162100,44.34000015258789,43.849998474121094,44.38999938964844,43.75,37.177310943603516
2012-09-13,147200,43.220001220703125,44.11000061035156,44.25,43.220001220703125,37.39774703979492
2012-09-12,103400,43.63999938964844,43.31999969482422,43.63999938964844,42.9900016784668,36.727962493896484
2012-09-11,121800,43.86000061035156,43.650001525878906,44.16999816894531,43.52000045776367,37.00775146484375
2012-09-10,98100,43.869998931884766,43.900001525878906,44.150001525878906,43.79999923706055,37.2197151184082
2012-09-07,89700,44.34000015258789,43.939998626708984,44.34000015258789,43.65999984741211,37.25361633300781
2012-09-06,152400,43.650001525878906,44.130001068115234,44.15999984741211,43.52000045776367,37.41470718383789
2012-09-05,154300,43.68000030517578,43.5099983215332,43.75,43.400001525878906,36.88904571533203
2012-09-04,206800,42.75,43.52000045776367,43.689998626708984,42.45000076293945,36.89753723144531
2012-08-31,112800,43.0099983215332,42.75,43.0099983215332,42.400001525878906,36.24470138549805
2012-08-30,48600,42.959999084472656,42.7599983215332,42.959999084472656,42.720001220703125,36.253177642822266
2012-08-29,72900,42.97999954223633,43.029998779296875,43.290000915527344,42.869998931884766,36.48207092285156
2012-08-28,146100,42.790000915527344,43.02000045776367,43.13999938964844,42.65999984741211,36.473609924316406
2012-08-27,175300,42.849998474121094,42.900001525878906,43.130001068115234,42.70000076293945,36.37187576293945
2012-08-24,112800,42.43000030517578,42.81999969482422,42.93000030517578,42.349998474121094,36.304046630859375
2012-08-23,78000,42.86000061035156,42.310001373291016,42.86000061035156,42.189998626708984,35.87165451049805
2012-08-22,62500,43.099998474121094,42.93000030517578,43.15999984741211,42.790000915527344,36.397308349609375
2012-08-21,193500,43.380001068115234,43.09000015258789,43.5,42.9900016784668,36.53295135498047
2012-08-20,94100,43.529998779296875,43.47999954223633,43.70000076293945,43.380001068115234,36.863616943359375
2012-08-17,130800,43.540000915527344,43.7599983215332,43.779998779296875,43.34000015258789,37.10100173950195
2012-08-16,158500,43.619998931884766,43.709999084472656,43.939998626708984,43.290000915527344,37.05861282348633
2012-08-15,142800,43.369998931884766,43.47999954223633,43.66999816894531,43.34000015258789,36.863616943359375
2012-08-14,219300,43.45000076293945,43.5,43.880001068115234,43.43000030517578,36.88057327270508
2012-08-13,143800,43.38999938964844,43.2599983215332,43.38999938964844,42.650001525878906,36.677101135253906
2012-08-10,246800,43.2599983215332,43.689998626708984,43.849998474121094,43.09000015258789,36.791542053222656
2012-08-09,312600,43.869998931884766,43.349998474121094,44.099998474121094,43.290000915527344,36.50522994995117
2012-08-08,448100,44.09000015258789,44.040000915527344,44.369998931884766,43.279998779296875,37.08628845214844
2012-08-07,118500,44.77000045776367,44.5099983215332,44.9900016784668,44.38999938964844,37.48208236694336
2012-08-06,104400,44.70000076293945,44.45000076293945,44.83000183105469,44.34000015258789,37.431549072265625
2012-08-03,169100,43.959999084472656,44.59000015258789,44.7599983215332,43.959999084472656,37.54943084716797
2012-08-02,184400,44.029998779296875,43.599998474121094,44.04999923706055,43.36000061035156,36.715755462646484
2012-08-01,237700,44.81999969482422,44.22999954223633,45.619998931884766,44.209999084472656,37.24628829956055
2012-07-31,168600,44.959999084472656,44.65999984741211,45.25,44.45000076293945,37.60839080810547
2012-07-30,114400,44.90999984741211,44.97999954223633,45.38999938964844,44.79999923706055,37.87785720825195
2012-07-27,122300,44.5,45.060001373291016,45.29999923706055,44.369998931884766,37.94523239135742
2012-07-26,139600,44.630001068115234,44.310001373291016,44.70000076293945,44.0099983215332,37.31365966796875
2012-07-25,138200,44.310001373291016,44.119998931884766,44.310001373291016,43.599998474121094,37.15365982055664
2012-07-24,133300,45.18000030517578,44.45000076293945,45.18000030517578,44.349998474121094,37.431549072265625
2012-07-23,130100,45.13999938964844,45.209999084472656,45.52000045776367,45.04999923706055,38.07154846191406
2012-07-20,192700,45.31999969482422,45.599998474121094,45.81999969482422,45.27000045776367,38.39996337890625
2012-07-19,101100,45.9900016784668,45.54999923706055,46.08000183105469,45.310001373291016,38.357852935791016
2012-07-18,136600,45.83000183105469,45.939998626708984,46.0099983215332,45.650001525878906,38.686275482177734
2012-07-17,129300,45.93000030517578,45.7599983215332,45.97999954223633,45.27000045776367,38.534706115722656
2012-07-16,133100,45.560001373291016,45.79999923706055,45.86000061035156,45.40999984741211,38.56838607788086
2012-07-13,161100,45.41999816894531,45.7400016784668,45.869998931884766,45.34000015258789,38.51787185668945
2012-07-12,182800,44.75,45.2599983215332,45.290000915527344,44.58000183105469,38.11365509033203
2012-07-11,122900,44.779998779296875,44.939998626708984,45.040000915527344,44.689998626708984,37.84418487548828
2012-07-10,160800,44.65999984741211,44.83000183105469,45.130001068115234,44.619998931884766,37.751548767089844
2012-07-09,276900,43.970001220703125,44.529998779296875,44.560001373291016,43.970001220703125,37.49892044067383
2012-07-06,147700,43.58000183105469,44.11000061035156,44.18000030517578,43.470001220703125,37.14523696899414
2012-07-05,124400,43.66999816894531,43.97999954223633,44.13999938964844,43.630001068115234,37.03575897216797
2012-07-03,577000,43.869998931884766,43.77000045776367,43.97999954223633,43.47999954223633,36.85891342163086
2012-07-02,575000,43.58000183105469,43.83000183105469,43.97999954223633,43.34000015258789,36.909446716308594
2012-06-29,388800,44.09000015258789,43.650001525878906,44.16999816894531,43.560001373291016,36.75787353515625
2012-06-28,294400,43.84000015258789,43.599998474121094,44.040000915527344,43.290000915527344,36.715755462646484
2012-06-27,145200,43.529998779296875,44.119998931884766,44.189998626708984,43.529998779296875,37.15365982055664
2012-06-26,121300,43.470001220703125,43.349998474121094,43.599998474121094,43.189998626708984,36.50522994995117
2012-06-25,139200,43.349998474121094,43.38999938964844,43.63999938964844,43.16999816894531,36.53892517089844
2012-06-22,258000,43.68000030517578,43.83000183105469,43.939998626708984,43.54999923706055,36.909446716308594
2012-06-21,120800,43.93000030517578,43.45000076293945,44.150001525878906,43.40999984741211,36.589439392089844
2012-06-20,80600,44.279998779296875,44.040000915527344,44.5,43.939998626708984,37.08628845214844
2012-06-19,181900,44.16999816894531,44.400001525878906,44.63999938964844,44.060001373291016,37.389442443847656
2012-06-18,109300,44.060001373291016,44.13999938964844,44.36000061035156,43.779998779296875,37.17048645019531
2012-06-15,272600,44.38999938964844,44.18000030517578,44.43000030517578,44.09000015258789,37.20417785644531
2012-06-14,113300,44.130001068115234,44.15999984741211,44.220001220703125,43.88999938964844,37.18734359741211
2012-06-13,197900,43.84000015258789,44.0099983215332,44.400001525878906,43.7400016784668,37.06101608276367
2012-06-12,206000,43.83000183105469,43.880001068115234,43.9900016784668,43.41999816894531,36.9515495300293
2012-06-11,276400,44.130001068115234,43.709999084472656,44.279998779296875,43.66999816894531,36.80839157104492
2012-06-08,325300,43.0099983215332,43.849998474121094,44.0,42.90999984741211,36.9262809753418
2012-06-07,259200,43.650001525878906,43.150001525878906,43.650001525878906,42.970001220703125,36.33680725097656
2012-06-06,201100,42.459999084472656,43.18000030517578,43.20000076293945,42.25,36.36207580566406
2012-06-05,184100,41.7599983215332,42.27000045776367,42.31999969482422,41.7599983215332,35.59575653076172
2012-06-04,136500,41.900001525878906,41.959999084472656,42.099998474121094,41.689998626708984,35.33470153808594
2012-06-01,291100,41.34000015258789,41.86000061035156,42.130001068115234,39.459999084472656,35.25050354003906
2012-05-31,247000,41.790000915527344,41.97999954223633,42.220001220703125,41.66999816894531,35.35154724121094
2012-05-30,165300,41.75,41.7400016784668,42.040000915527344,41.56999969482422,35.149444580078125
2012-05-29,114900,41.97999954223633,42.0099983215332,42.22999954223633,41.619998931884766,35.37681579589844
2012-05-25,92700,41.81999969482422,41.790000915527344,41.9900016784668,41.650001525878906,35.191551208496094
2012-05-24,94000,41.540000915527344,41.90999984741211,41.9900016784668,41.45000076293945,35.29259490966797
2012-05-23,143000,41.65999984741211,41.58000183105469,41.9900016784668,41.25,35.014705657958984
2012-05-22,218000,41.90999984741211,41.939998626708984,42.08000183105469,41.79999923706055,35.317867279052734
2012-05-21,159800,41.77000045776367,41.880001068115234,41.939998626708984,41.470001220703125,35.267330169677734
2012-05-18,155100,42.02000045776367,41.7400016784668,42.310001373291016,41.68000030517578,35.149444580078125
2012-05-17,151200,42.349998474121094,42.08000183105469,42.58000183105469,42.04999923706055,35.435760498046875
2012-05-16,93200,42.5,42.36000061035156,42.619998931884766,42.29999923706055,35.671546936035156
2012-05-15,123000,42.290000915527344,42.40999984741211,42.7599983215332,42.22999954223633,35.713645935058594
2012-05-14,194300,42.310001373291016,42.41999816894531,42.79999923706055,42.04999923706055,35.72207260131836
2012-05-11,203000,42.61000061035156,42.65999984741211,42.97999954223633,42.47999954223633,35.675750732421875
2012-05-10,235500,42.88999938964844,43.16999816894531,43.41999816894531,42.7599983215332,35.855560302734375
2012-05-09,183000,42.5099983215332,42.619998931884766,42.779998779296875,42.2599983215332,35.39875030517578
2012-05-08,436700,42.2599983215332,42.84000015258789,43.150001525878906,42.130001068115234,35.581478118896484
2012-05-07,287000,41.61000061035156,42.380001068115234,42.56999969482422,41.029998779296875,35.19941329956055
2012-05-04,230400,41.5,41.45000076293945,41.779998779296875,41.43000030517578,34.42698287963867
2012-05-03,158900,41.81999969482422,41.630001068115234,42.029998779296875,41.560001373291016,34.57648849487305
2012-05-02,222000,42.0,41.970001220703125,42.04999923706055,41.52000045776367,34.858882904052734
2012-05-01,250400,41.95000076293945,42.290000915527344,42.900001525878906,41.7599983215332,35.124664306640625
2012-04-30,208000,41.84000015258789,42.02000045776367,42.13999938964844,41.650001525878906,34.900413513183594
2012-04-27,290700,41.91999816894531,42.0,42.0,41.619998931884766,34.88379669189453
2012-04-26,296200,41.779998779296875,41.790000915527344,41.79999923706055,41.599998474121094,34.709373474121094
2012-04-25,282400,41.88999938964844,41.79999923706055,41.900001525878906,41.66999816894531,34.717689514160156
2012-04-24,266600,41.150001525878906,41.5,41.540000915527344,41.13999938964844,34.46852111816406
2012-04-23,199800,41.09000015258789,41.220001220703125,41.31999969482422,40.84000015258789,34.235958099365234
2012-04-20,180400,41.459999084472656,41.54999923706055,41.83000183105469,41.380001068115234,34.510040283203125
2012-04-19,105100,41.36000061035156,41.06999969482422,41.40999984741211,40.7599983215332,34.11137008666992
2012-04-18,87800,41.84000015258789,41.36000061035156,41.84000015258789,41.27000045776367,34.352237701416016
2012-04-17,179800,41.52000045776367,41.959999084472656,42.209999084472656,41.4900016784668,34.85056686401367
2012-04-16,172800,41.130001068115234,41.31999969482422,41.529998779296875,41.04999923706055,34.31899642944336
2012-04-13,173200,41.25,41.119998931884766,41.529998779296875,41.119998931884766,34.152896881103516
2012-04-12,196600,41.279998779296875,41.41999816894531,41.68000030517578,40.880001068115234,34.40208053588867
2012-04-11,272400,41.7400016784668,41.31999969482422,41.7400016784668,41.290000915527344,34.31899642944336
2012-04-10,224500,42.0,41.459999084472656,42.04999923706055,41.43000030517578,34.43528747558594
2012-04-09,141800,41.91999816894531,42.0099983215332,42.279998779296875,41.91999816894531,34.89210510253906
2012-04-05,123000,42.45000076293945,42.52000045776367,42.65999984741211,42.29999923706055,35.31568145751953
2012-04-04,105100,42.97999954223633,42.68000030517578,42.97999954223633,42.59000015258789,35.44858932495117
2012-04-03,139200,43.209999084472656,43.290000915527344,43.52000045776367,42.91999816894531,35.95523452758789
2012-04-02,147600,42.68000030517578,43.33000183105469,43.33000183105469,42.560001373291016,35.98845291137695
2012-03-30,205800,43.0099983215332,42.7400016784668,43.0099983215332,42.63999938964844,35.498416900634766
2012-03-29,140700,42.34000015258789,42.77000045776367,42.849998474121094,42.220001220703125,35.5233268737793
2012-03-28,187400,42.88999938964844,42.59000015258789,43.0,42.290000915527344,35.373836517333984
2012-03-27,106500,43.11000061035156,42.86000061035156,43.11000061035156,42.84000015258789,35.598079681396484
2012-03-26,155800,42.720001220703125,42.9900016784668,43.209999084472656,42.63999938964844,35.7060546875
2012-03-23,187300,42.29999923706055,42.38999938964844,42.45000076293945,42.02000045776367,35.20771408081055
2012-03-22,139300,42.25,42.25,42.400001525878906,41.88999938964844,35.091434478759766
2012-03-21,138300,42.56999969482422,42.400001525878906,42.66999816894531,42.400001525878906,35.21601486206055
2012-03-20,107200,42.59000015258789,42.599998474121094,42.86000061035156,42.529998779296875,35.38212966918945
2012-03-19,174200,42.939998626708984,42.849998474121094,43.25,42.439998626708984,35.589778900146484
2012-03-16,256000,43.0099983215332,42.90999984741211,43.220001220703125,42.849998474121094,35.639617919921875
2012-03-15,133600,43.08000183105469,43.0099983215332,43.08000183105469,42.470001220703125,35.72267532348633
2012-03-14,114100,43.63999938964844,42.9900016784668,43.63999938964844,42.880001068115234,35.7060546875
2012-03-13,252100,43.459999084472656,43.619998931884766,43.619998931884766,43.02000045776367,36.229305267333984
2012-03-12,119400,43.2400016784668,43.220001220703125,43.439998626708984,43.09000015258789,35.8970947265625
2012-03-09,160000,42.81999969482422,43.15999984741211,43.380001068115234,42.75,35.84724044799805
2012-03-08,139000,42.86000061035156,42.83000183105469,42.97999954223633,42.5,35.57317352294922
2012-03-07,163500,42.709999084472656,42.70000076293945,42.75,42.2599983215332,35.46519088745117
2012-03-06,210100,42.689998626708984,42.68000030517578,42.939998626708984,42.33000183105469,35.44858932495117
2012-03-05,253400,42.380001068115234,43.09000015258789,43.119998931884766,42.25,35.78911590576172
2012-03-02,322500,42.63999938964844,42.529998779296875,42.81999969482422,42.290000915527344,35.32399368286133
2012-03-01,356400,42.869998931884766,42.56999969482422,42.93000030517578,42.31999969482422,35.35722732543945
2012-02-29,277700,42.459999084472656,42.650001525878906,42.93000030517578,42.2599983215332,35.42366409301758
2012-02-28,175100,42.290000915527344,42.310001373291016,42.619998931884766,41.7599983215332,35.141273498535156
2012-02-27,122900,42.369998931884766,42.47999954223633,42.709999084472656,41.810001373291016,35.28246307373047
2012-02-24,103200,42.83000183105469,42.65999984741211,42.900001525878906,42.349998474121094,35.431968688964844
2012-02-23,113900,42.43000030517578,42.900001525878906,42.970001220703125,42.43000030517578,35.631309509277344
2012-02-22,92400,42.5099983215332,42.349998474121094,42.68000030517578,42.189998626708984,35.17448425292969
2012-02-21,86500,42.529998779296875,42.52000045776367,42.88999938964844,42.31999969482422,35.31568145751953
2012-02-17,122200,42.81999969482422,42.529998779296875,42.97999954223633,42.380001068115234,35.32399368286133
2012-02-16,163800,41.869998931884766,42.720001220703125,42.84000015258789,41.86000061035156,35.4818000793457
2012-02-15,127300,42.029998779296875,41.86000061035156,42.209999084472656,41.689998626708984,34.76751708984375
2012-02-14,106100,41.900001525878906,41.880001068115234,42.04999923706055,41.5,34.78413391113281
2012-02-13,94600,42.380001068115234,42.04999923706055,42.380001068115234,41.810001373291016,34.92532730102539
2012-02-10,158700,42.09000015258789,42.209999084472656,42.72999954223633,41.91999816894531,34.838111877441406
2012-02-09,213900,42.90999984741211,42.439998626708984,42.90999984741211,42.310001373291016,35.02793884277344
2012-02-08,277900,42.709999084472656,42.709999084472656,42.869998931884766,42.18000030517578,35.250797271728516
2012-02-07,163400,42.59000015258789,42.630001068115234,42.86000061035156,42.369998931884766,35.18476867675781
2012-02-06,181100,42.66999816894531,42.63999938964844,42.72999954223633,42.27000045776367,35.193023681640625
2012-02-03,191800,42.77000045776367,42.68000030517578,42.869998931884766,42.5,35.22603225708008
2012-02-02,216400,42.40999984741211,42.2599983215332,42.599998474121094,42.16999816894531,34.87937927246094
2012-02-01,210400,41.959999084472656,42.40999984741211,42.5,41.83000183105469,35.003173828125
2012-01-31,186800,42.0,41.79999923706055,42.2400016784668,41.52000045776367,34.49972152709961
2012-01-30,132700,42.02000045776367,41.779998779296875,42.02000045776367,41.66999816894531,34.483211517333984
2012-01-27,167800,42.15999984741211,42.40999984741211,42.4900016784668,42.0,35.003173828125
2012-01-26,144300,42.2400016784668,42.36000061035156,42.4900016784668,42.0099983215332,34.961917877197266
2012-01-25,152100,41.40999984741211,42.06999969482422,42.16999816894531,41.16999816894531,34.72256851196289
2012-01-24,152600,41.630001068115234,41.439998626708984,41.630001068115234,41.34000015258789,34.202598571777344
2012-01-23,137500,41.56999969482422,41.849998474121094,42.16999816894531,41.529998779296875,34.54099655151367
2012-01-20,238500,41.220001220703125,41.709999084472656,41.72999954223633,41.18000030517578,34.425437927246094
2012-01-19,307500,41.810001373291016,41.369998931884766,41.810001373291016,41.31999969482422,34.14482498168945
2012-01-18,238100,41.27000045776367,41.66999816894531,41.75,41.060001373291016,34.392417907714844
2012-01-17,291900,41.02000045776367,41.34000015258789,41.619998931884766,40.7599983215332,34.12005615234375
2012-01-13,306000,40.540000915527344,40.75,40.88999938964844,40.5099983215332,33.633113861083984
2012-01-12,340700,41.20000076293945,40.95000076293945,41.400001525878906,40.91999816894531,33.79816818237305
2012-01-11,443000,41.439998626708984,41.060001373291016,41.59000015258789,41.029998779296875,33.888946533203125
2012-01-10,384400,42.02000045776367,41.63999938964844,42.099998474121094,41.43000030517578,34.36766052246094
2012-01-09,226500,42.0099983215332,41.810001373291016,42.06999969482422,41.5099983215332,34.507972717285156
2012-01-06,313600,42.279998779296875,41.97999954223633,42.31999969482422,41.900001525878906,34.648292541503906
2012-01-05,179600,41.900001525878906,42.279998779296875,42.459999084472656,41.650001525878906,34.89589309692383
2012-01-04,172500,42.54999923706055,42.18000030517578,42.72999954223633,42.060001373291016,34.81336212158203
2012-01-03,267600,42.86000061035156,42.61000061035156,43.220001220703125,42.439998626708984,35.16826629638672
2011-12-30,243800,42.959999084472656,42.4900016784668,43.13999938964844,42.4900016784668,35.06922149658203
2011-12-29,108900,42.84000015258789,43.0,43.20000076293945,42.810001373291016,35.490150451660156
2011-12-28,161300,42.79999923706055,42.84000015258789,42.9900016784668,42.4900016784668,35.358089447021484
2011-12-27,123500,42.52000045776367,42.90999984741211,42.9900016784668,42.52000045776367,35.415855407714844
2011-12-23,144900,42.470001220703125,42.599998474121094,42.599998474121094,42.279998779296875,35.160003662109375
2011-12-22,188700,42.20000076293945,42.279998779296875,42.4900016784668,42.02000045776367,34.89589309692383
2011-12-21,244100,41.65999984741211,42.189998626708984,42.279998779296875,41.5099983215332,34.82160949707031
2011-12-20,447200,40.599998474121094,41.83000183105469,41.959999084472656,40.54999923706055,34.52448654174805
2011-12-19,186900,40.09000015258789,39.869998931884766,40.65999984741211,39.77000045776367,32.90678787231445
2011-12-16,718800,40.290000915527344,39.90999984741211,40.38999938964844,39.61000061035156,32.93980026245117
2011-12-15,154000,40.130001068115234,40.16999816894531,40.33000183105469,39.689998626708984,33.15439224243164
2011-12-14,334700,39.310001373291016,39.77000045776367,40.040000915527344,39.2599983215332,32.82426071166992
2011-12-13,322700,39.369998931884766,39.439998626708984,40.2400016784668,39.279998779296875,32.551876068115234
2011-12-12,232000,38.79999923706055,39.2400016784668,39.2400016784668,38.54999923706055,32.38682174682617
2011-12-09,284400,38.45000076293945,39.119998931884766,39.25,38.400001525878906,32.28778076171875
2011-12-08,222300,39.31999969482422,38.29999923706055,39.400001525878906,38.20000076293945,31.61098289489746
2011-12-07,275300,39.41999816894531,39.619998931884766,39.709999084472656,38.95000076293945,32.7004508972168
2011-12-06,113600,39.61000061035156,39.63999938964844,39.849998474121094,39.470001220703125,32.716957092285156
2011-12-05,236200,39.81999969482422,39.63999938964844,40.20000076293945,39.38999938964844,32.716957092285156
2011-12-02,175300,40.63999938964844,39.33000183105469,40.70000076293945,39.310001373291016,32.46109390258789
2011-12-01,200300,40.400001525878906,40.16999816894531,40.790000915527344,40.13999938964844,33.15439224243164
2011-11-30,434600,39.900001525878906,40.43000030517578,40.459999084472656,39.689998626708984,33.36898422241211
2011-11-29,192000,38.279998779296875,38.810001373291016,38.869998931884766,38.25,32.031917572021484
2011-11-28,235000,37.88999938964844,38.189998626708984,38.45000076293945,37.810001373291016,31.52019500732422
2011-11-25,78600,37.099998474121094,37.04999923706055,37.59000015258789,37.04999923706055,30.57929801940918
2011-11-23,213600,37.72999954223633,37.25,37.7400016784668,37.099998474121094,30.744361877441406
2011-11-22,152500,38.33000183105469,38.119998931884766,38.619998931884766,38.04999923706055,31.462419509887695
2011-11-21,137500,38.5099983215332,38.22999954223633,38.75,38.06999969482422,31.55320930480957
2011-11-18,134200,38.81999969482422,39.029998779296875,39.16999816894531,38.72999954223633,32.213497161865234
2011-11-17,183400,38.81999969482422,38.81999969482422,39.15999984741211,38.630001068115234,32.04016876220703
2011-11-16,194400,39.04999923706055,39.02000045776367,39.68000030517578,38.779998779296875,32.20524597167969
2011-11-15,179700,38.900001525878906,39.380001068115234,39.560001373291016,38.7400016784668,32.50236511230469
2011-11-14,193000,39.380001068115234,39.06999969482422,39.4900016784668,38.869998931884766,32.24650955200195
2011-11-11,166200,39.18000030517578,39.650001525878906,39.68000030517578,39.040000915527344,32.725223541259766
2011-11-10,275800,38.970001220703125,38.81999969482422,38.97999954223633,38.470001220703125,32.04016876220703
2011-11-09,282800,38.900001525878906,38.779998779296875,39.4900016784668,38.75,31.78843879699707
2011-11-08,337800,39.72999954223633,39.66999816894531,39.900001525878906,39.209999084472656,32.517967224121094
2011-11-07,126600,39.58000183105469,40.02000045776367,40.2599983215332,38.95000076293945,32.80487823486328
2011-11-04,159200,39.959999084472656,39.709999084472656,40.029998779296875,39.5,32.5507698059082
2011-11-03,215000,39.619998931884766,40.29999923706055,40.400001525878906,39.31999969482422,33.034400939941406
2011-11-02,212900,38.97999954223633,39.27000045776367,39.68000030517578,38.869998931884766,32.190093994140625
2011-11-01,435100,38.209999084472656,38.439998626708984,39.0099983215332,37.97999954223633,31.509737014770508
2011-10-31,201600,39.560001373291016,39.47999954223633,40.150001525878906,39.25,32.362239837646484
2011-10-28,239400,39.9900016784668,39.959999084472656,40.22999954223633,39.52000045776367,32.75569534301758
2011-10-27,391700,39.31999969482422,40.13999938964844,40.220001220703125,38.959999084472656,32.90324401855469
2011-10-26,210600,38.540000915527344,38.22999954223633,38.540000915527344,37.83000183105469,31.337589263916016
2011-10-25,186600,38.52000045776367,37.93000030517578,38.630001068115234,37.86000061035156,31.09168243408203
2011-10-24,255400,38.70000076293945,38.810001373291016,38.869998931884766,38.40999984741211,31.813024520874023
2011-10-21,295000,38.58000183105469,38.540000915527344,38.58000183105469,38.099998474121094,31.591707229614258
2011-10-20,274500,38.130001068115234,37.97999954223633,38.25,37.470001220703125,31.132667541503906
2011-10-19,295700,38.5099983215332,38.02000045776367,39.15999984741211,37.900001525878906,31.165454864501953
2011-10-18,349400,38.130001068115234,38.65999984741211,38.91999816894531,37.720001220703125,31.690067291259766
2011-10-17,203300,38.209999084472656,38.119998931884766,38.599998474121094,38.02000045776367,31.247425079345703
2011-10-14,267500,38.439998626708984,38.5,38.810001373291016,38.209999084472656,31.55891990661621
2011-10-13,165600,37.939998626708984,38.22999954223633,38.279998779296875,37.65999984741211,31.337589263916016
2011-10-12,308100,38.38999938964844,38.15999984741211,38.4900016784668,38.0,31.28020477294922
2011-10-11,305200,37.61000061035156,38.16999816894531,38.349998474121094,37.470001220703125,31.28840446472168
2011-10-10,319300,37.560001373291016,37.70000076293945,37.880001068115234,37.25,30.903148651123047
2011-10-07,200500,37.33000183105469,36.779998779296875,37.52000045776367,36.599998474121094,30.14901351928711
2011-10-06,311200,36.560001373291016,37.22999954223633,37.2400016784668,36.2400016784668,30.517892837524414
2011-10-05,239600,36.38999938964844,36.790000915527344,36.91999816894531,35.79999923706055,30.15720558166504
2011-10-04,404300,34.720001220703125,36.209999084472656,36.279998779296875,34.54999923706055,29.681781768798828
2011-10-03,359200,35.970001220703125,35.0099983215332,36.790000915527344,35.0,28.698116302490234
2011-09-30,314300,36.650001525878906,36.16999816894531,37.380001068115234,36.15999984741211,29.64899253845215
2011-09-29,234900,36.5,37.02000045776367,37.02000045776367,36.31999969482422,30.34575843811035
2011-09-28,274700,37.38999938964844,35.880001068115234,37.52000045776367,35.869998931884766,29.41128158569336
2011-09-27,287500,37.54999923706055,37.43000030517578,37.900001525878906,37.189998626708984,30.68182373046875
2011-09-26,349000,36.650001525878906,36.869998931884766,36.90999984741211,36.290000915527344,30.2227840423584
2011-09-23,413900,35.54999923706055,36.400001525878906,36.439998626708984,35.40999984741211,29.8375244140625
2011-09-22,587500,35.369998931884766,35.63999938964844,35.970001220703125,35.290000915527344,29.214540481567383
2011-09-21,380500,37.4900016784668,36.20000076293945,37.619998931884766,36.16999816894531,29.673583984375
2011-09-20,573100,36.95000076293945,37.59000015258789,38.119998931884766,36.849998474121094,30.812984466552734
2011-09-19,376100,36.25,36.7400016784668,36.900001525878906,36.029998779296875,30.116230010986328
2011-09-16,645700,36.06999969482422,36.65999984741211,37.0,35.810001373291016,30.050647735595703
2011-09-15,188800,35.810001373291016,35.709999084472656,35.869998931884766,35.2400016784668,29.271926879882812
2011-09-14,198000,35.220001220703125,35.54999923706055,35.810001373291016,34.66999816894531,29.140771865844727
2011-09-13,220700,34.849998474121094,34.90999984741211,34.9900016784668,34.470001220703125,28.616151809692383
2011-09-12,377400,34.31999969482422,34.81999969482422,34.84000015258789,34.2400016784668,28.542377471923828
2011-09-09,438600,35.7599983215332,34.70000076293945,35.810001373291016,34.439998626708984,28.444011688232422
2011-09-08,471400,36.189998626708984,36.0,36.619998931884766,35.900001525878906,29.509641647338867
2011-09-07,288600,36.029998779296875,36.349998474121094,36.369998931884766,35.779998779296875,29.796545028686523
2011-09-06,199100,35.0,35.529998779296875,35.599998474121094,34.84000015258789,29.124366760253906
2011-09-02,312500,36.04999923706055,35.900001525878906,36.439998626708984,35.810001373291016,29.42766571044922
2011-09-01,254400,37.09000015258789,36.86000061035156,37.290000915527344,36.689998626708984,30.21459197998047
2011-08-31,169400,37.040000915527344,37.02000045776367,37.209999084472656,36.77000045776367,30.34575843811035
2011-08-30,207900,36.470001220703125,36.83000183105469,36.97999954223633,36.31999969482422,30.190000534057617
2011-08-29,173000,36.16999816894531,36.650001525878906,36.70000076293945,36.04999923706055,30.042457580566406
2011-08-26,133000,35.040000915527344,35.7599983215332,35.7599983215332,34.36000061035156,29.312911987304688
2011-08-25,212800,36.22999954223633,35.25,36.369998931884766,34.93000030517578,28.894853591918945
2011-08-24,151400,35.130001068115234,36.029998779296875,36.06999969482422,35.130001068115234,29.534225463867188
2011-08-23,327300,34.099998474121094,35.209999084472656,35.22999954223633,33.88999938964844,28.862058639526367
2011-08-22,299800,34.7599983215332,33.900001525878906,34.7599983215332,33.61000061035156,27.788249969482422
2011-08-19,285100,33.84000015258789,34.099998474121094,34.650001525878906,33.84000015258789,27.952186584472656
2011-08-18,478000,34.56999969482422,34.31999969482422,34.970001220703125,34.040000915527344,28.132522583007812
2011-08-17,223200,35.650001525878906,35.529998779296875,36.13999938964844,35.4900016784668,29.124366760253906
2011-08-16,260600,35.209999084472656,35.4900016784668,35.65999984741211,34.91999816894531,29.091590881347656
2011-08-15,263500,34.7400016784668,35.650001525878906,35.650001525878906,34.68000030517578,29.22273826599121
2011-08-12,267300,34.959999084472656,34.36000061035156,35.06999969482422,34.130001068115234,28.165307998657227
2011-08-11,632500,33.59000015258789,34.720001220703125,35.36000061035156,33.09000015258789,28.460411071777344
2011-08-10,516900,34.709999084472656,33.65999984741211,35.40999984741211,33.52000045776367,27.374284744262695
2011-08-09,722400,33.209999084472656,35.630001068115234,35.630001068115234,32.189998626708984,28.976404190063477
2011-08-08,709300,33.0,32.2400016784668,34.68000030517578,32.119998931884766,26.219459533691406
2011-08-05,459200,36.68000030517578,35.70000076293945,36.68000030517578,35.15999984741211,29.03333282470703
2011-08-04,379800,36.880001068115234,36.25,37.540000915527344,36.22999954223633,29.480636596679688
2011-08-03,266600,37.2599983215332,37.349998474121094,37.599998474121094,36.869998931884766,30.375215530395508
2011-08-02,332000,37.43000030517578,37.189998626708984,37.810001373291016,37.16999816894531,30.245092391967773
2011-08-01,304700,37.66999816894531,37.47999954223633,37.86000061035156,37.189998626708984,30.480932235717773
2011-07-29,436100,36.880001068115234,37.290000915527344,37.77000045776367,36.79999923706055,30.326416015625
2011-07-28,190100,37.209999084472656,37.09000015258789,37.38999938964844,37.02000045776367,30.163761138916016
2011-07-27,348000,37.689998626708984,37.290000915527344,37.689998626708984,37.22999954223633,30.326416015625
2011-07-26,164000,38.47999954223633,37.90999984741211,38.47999954223633,37.84000015258789,30.83063507080078
2011-07-25,222200,38.2400016784668,38.400001525878906,38.66999816894531,38.2400016784668,31.229141235351562
2011-07-22,137500,38.849998474121094,38.65999984741211,38.849998474121094,38.59000015258789,31.44057846069336
2011-07-21,245900,38.810001373291016,38.79999923706055,38.97999954223633,38.630001068115234,31.554428100585938
2011-07-20,193800,38.529998779296875,38.58000183105469,38.720001220703125,38.369998931884766,31.37552261352539
2011-07-19,165400,38.27000045776367,38.45000076293945,38.5,38.209999084472656,31.26980209350586
2011-07-18,104000,38.58000183105469,38.09000015258789,38.720001220703125,37.97999954223633,30.97702407836914
2011-07-15,208000,38.58000183105469,38.72999954223633,38.790000915527344,38.45000076293945,31.49750328063965
2011-07-14,150600,39.11000061035156,38.52000045776367,39.220001220703125,38.459999084472656,31.326730728149414
2011-07-13,165900,39.08000183105469,39.02000045776367,39.400001525878906,38.869998931884766,31.733356475830078
2011-07-12,160000,38.599998474121094,38.900001525878906,39.130001068115234,38.56999969482422,31.63576316833496
2011-07-11,117200,39.0,38.790000915527344,39.25,38.70000076293945,31.546302795410156
2011-07-08,158800,39.220001220703125,39.290000915527344,39.59000015258789,39.099998474121094,31.952930450439453
2011-07-07,118300,39.91999816894531,39.66999816894531,39.91999816894531,39.540000915527344,32.26197052001953
2011-07-06,150600,39.310001373291016,39.54999923706055,39.68000030517578,39.279998779296875,32.16438293457031
2011-07-05,204100,39.380001068115234,39.27000045776367,39.439998626708984,39.130001068115234,31.93667221069336
2011-07-01,195900,38.650001525878906,39.349998474121094,39.439998626708984,38.650001525878906,32.00172424316406
2011-06-30,138500,38.599998474121094,38.61000061035156,38.689998626708984,38.400001525878906,31.399917602539062
2011-06-29,137200,38.279998779296875,38.45000076293945,38.529998779296875,38.02000045776367,31.26980209350586
2011-06-28,140800,37.9900016784668,38.09000015258789,38.209999084472656,37.88999938964844,30.97702407836914
2011-06-27,125300,37.529998779296875,37.91999816894531,38.08000183105469,37.529998779296875,30.838775634765625
2011-06-24,187500,37.439998626708984,37.470001220703125,37.65999984741211,37.380001068115234,30.472806930541992
2011-06-23,200300,37.150001525878906,37.349998474121094,37.439998626708984,36.84000015258789,30.375215530395508
2011-06-22,121900,37.439998626708984,37.45000076293945,37.68000030517578,37.33000183105469,30.4565372467041
2011-06-21,152600,37.65999984741211,37.599998474121094,37.7400016784668,37.40999984741211,30.578533172607422
2011-06-20,182300,36.90999984741211,37.400001525878906,37.560001373291016,36.81999969482422,30.415868759155273
2011-06-17,305400,37.08000183105469,36.959999084472656,37.5,36.880001068115234,30.058046340942383
2011-06-16,273200,36.70000076293945,36.81999969482422,37.16999816894531,36.65999984741211,29.944181442260742
2011-06-15,273800,37.2599983215332,36.720001220703125,37.45000076293945,36.61000061035156,29.862865447998047
2011-06-14,159800,37.380001068115234,37.43000030517578,37.650001525878906,37.15999984741211,30.440275192260742
2011-06-13,144400,37.09000015258789,37.029998779296875,37.290000915527344,36.849998474121094,30.11496925354004
2011-06-10,195100,37.189998626708984,36.9900016784668,37.2400016784668,36.88999938964844,30.082443237304688
2011-06-09,147100,37.47999954223633,37.220001220703125,37.47999954223633,37.220001220703125,30.269489288330078
2011-06-08,156400,37.220001220703125,37.33000183105469,37.540000915527344,37.220001220703125,30.35894775390625
2011-06-07,173800,37.54999923706055,37.22999954223633,37.70000076293945,37.209999084472656,30.277631759643555
2011-06-06,204800,37.560001373291016,37.34000015258789,37.68000030517578,37.29999923706055,30.367082595825195
2011-06-03,266200,37.5,37.61000061035156,37.779998779296875,37.220001220703125,30.586669921875
2011-06-02,163200,38.400001525878906,38.0099983215332,38.45000076293945,37.779998779296875,30.91196632385254
2011-06-01,400100,39.060001373291016,38.31999969482422,39.08000183105469,38.31999969482422,31.164079666137695
2011-05-31,412500,39.060001373291016,39.060001373291016,39.099998474121094,38.68000030517578,31.765893936157227
2011-05-27,113900,38.779998779296875,38.709999084472656,38.81999969482422,38.56999969482422,31.481250762939453
2011-05-26,127600,38.33000183105469,38.630001068115234,38.65999984741211,38.06999969482422,31.416179656982422
2011-05-25,133000,38.08000183105469,38.470001220703125,38.59000015258789,37.939998626708984,31.286067962646484
2011-05-24,183700,38.619998931884766,38.209999084472656,38.689998626708984,38.130001068115234,31.074623107910156
2011-05-23,172500,38.7400016784668,38.5099983215332,38.869998931884766,38.5099983215332,31.318593978881836
2011-05-20,184900,39.22999954223633,39.25,39.459999084472656,39.04999923706055,31.92040252685547
2011-05-19,164600,39.5,39.380001068115234,39.70000076293945,39.029998779296875,32.02613067626953
2011-05-18,181700,39.0099983215332,39.310001373291016,39.349998474121094,38.900001525878906,31.969209671020508
2011-05-17,266500,38.97999954223633,38.95000076293945,39.22999954223633,38.72999954223633,31.67643165588379
2011-05-16,315800,40.09000015258789,39.189998626708984,40.09000015258789,39.08000183105469,31.871612548828125
2011-05-13,895700,39.22999954223633,40.29999923706055,40.59000015258789,38.560001373291016,32.77433395385742
2011-05-12,210700,38.91999816894531,39.16999816894531,39.220001220703125,38.7599983215332,31.855342864990234
2011-05-11,160200,39.65999984741211,39.119998931884766,39.75,38.97999954223633,31.599172592163086
2011-05-10,156800,39.16999816894531,39.72999954223633,39.7400016784668,39.13999938964844,32.09189224243164
2011-05-09,169000,38.7599983215332,39.08000183105469,39.13999938964844,38.63999938964844,31.566852569580078
2011-05-06,127900,39.0099983215332,38.75,39.27000045776367,38.52000045776367,31.300296783447266
2011-05-05,155600,39.02000045776367,38.66999816894531,39.400001525878906,38.41999816894531,31.235675811767578
2011-05-04,120000,39.529998779296875,39.15999984741211,39.529998779296875,39.150001525878906,31.631479263305664
2011-05-03,122000,39.52000045776367,39.4900016784668,39.83000183105469,39.380001068115234,31.898035049438477
2011-05-02,124000,39.95000076293945,39.59000015258789,39.97999954223633,39.5,31.97881507873535
2011-04-29,165000,39.84000015258789,39.77000045776367,39.88999938964844,39.599998474121094,32.124210357666016
2011-04-28,82300,39.33000183105469,39.75,39.79999923706055,39.33000183105469,32.108055114746094
2011-04-27,133500,39.06999969482422,39.43000030517578,39.5,39.06999969482422,31.849573135375977
2011-04-26,89500,38.68000030517578,39.09000015258789,39.16999816894531,38.66999816894531,31.574928283691406
2011-04-25,84400,38.5,38.619998931884766,38.75,38.439998626708984,31.19529151916504
2011-04-21,90500,38.810001373291016,38.65999984741211,38.86000061035156,38.41999816894531,31.227602005004883
2011-04-20,154100,38.2400016784668,38.65999984741211,38.65999984741211,38.15999984741211,31.227602005004883
2011-04-19,142700,38.040000915527344,37.77000045776367,38.099998474121094,37.619998931884766,30.50871467590332
2011-04-18,172300,37.939998626708984,37.9900016784668,38.16999816894531,37.619998931884766,30.686410903930664
2011-04-15,207500,37.77000045776367,38.459999084472656,38.47999954223633,37.77000045776367,31.06605339050293
2011-04-14,128400,37.2599983215332,37.88999938964844,37.95000076293945,36.970001220703125,30.605634689331055
2011-04-13,198700,37.70000076293945,37.54999923706055,37.79999923706055,37.38999938964844,30.33099365234375
2011-04-12,190200,38.08000183105469,37.59000015258789,38.34000015258789,37.56999969482422,30.36331558227539
2011-04-11,121800,38.79999923706055,38.34000015258789,39.060001373291016,38.27000045776367,30.969125747680664
2011-04-08,150000,39.27000045776367,38.880001068115234,39.279998779296875,38.7400016784668,31.405305862426758
2011-04-07,227200,39.689998626708984,39.040000915527344,39.75,38.9900016784668,31.534549713134766
2011-04-06,117500,39.459999084472656,39.68000030517578,39.86000061035156,39.459999084472656,32.05149841308594
2011-04-05,77900,39.43000030517578,39.40999984741211,39.720001220703125,39.25,31.833415985107422
2011-04-04,129600,39.33000183105469,39.540000915527344,39.59000015258789,39.310001373291016,31.93842315673828
2011-04-01,108700,39.099998474121094,39.29999923706055,39.369998931884766,39.08000183105469,31.74456787109375
2011-03-31,198600,38.79999923706055,38.970001220703125,39.0,38.63999938964844,31.478008270263672
2011-03-30,138700,38.59000015258789,38.83000183105469,38.91999816894531,38.560001373291016,31.364919662475586
2011-03-29,100600,38.150001525878906,38.439998626708984,38.59000015258789,38.119998931884766,31.049901962280273
2011-03-28,129100,38.400001525878906,38.220001220703125,38.70000076293945,38.209999084472656,30.872194290161133
2011-03-25,144800,38.34000015258789,38.380001068115234,38.869998931884766,38.290000915527344,31.001426696777344
2011-03-24,152300,38.36000061035156,38.22999954223633,38.459999084472656,38.09000015258789,30.880264282226562
2011-03-23,139300,38.380001068115234,38.2400016784668,38.59000015258789,37.91999816894531,30.888341903686523
2011-03-22,164700,38.709999084472656,38.5,38.84000015258789,38.45000076293945,31.09836769104004
2011-03-21,131900,38.13999938964844,38.599998474121094,38.720001220703125,38.029998779296875,31.179128646850586
2011-03-18,227400,37.470001220703125,37.790000915527344,38.209999084472656,37.470001220703125,30.524869918823242
2011-03-17,143600,37.59000015258789,37.349998474121094,37.619998931884766,37.16999816894531,30.169452667236328
2011-03-16,208800,37.29999923706055,37.150001525878906,37.540000915527344,37.0,30.00790786743164
2011-03-15,212100,37.400001525878906,37.45000076293945,37.77000045776367,37.15999984741211,30.250225067138672
2011-03-14,114300,37.88999938964844,38.119998931884766,38.2400016784668,37.779998779296875,30.791414260864258
2011-03-11,147900,37.880001068115234,38.189998626708984,38.36000061035156,37.75,30.84795570373535
2011-03-10,249100,39.099998474121094,38.130001068115234,39.13999938964844,38.04999923706055,30.79951286315918
2011-03-09,158900,39.709999084472656,39.47999954223633,39.75,39.2599983215332,31.889957427978516
2011-03-08,167600,39.09000015258789,39.68000030517578,39.86000061035156,39.06999969482422,32.05149841308594
2011-03-07,216000,39.09000015258789,39.04999923706055,39.439998626708984,38.779998779296875,31.54262351989746
2011-03-04,104100,39.459999084472656,39.2599983215332,39.459999084472656,38.900001525878906,31.712257385253906
2011-03-03,162700,39.06999969482422,39.400001525878906,39.529998779296875,39.06999969482422,31.82533836364746
2011-03-02,219100,38.709999084472656,38.939998626708984,39.0,38.650001525878906,31.45376968383789
2011-03-01,245300,39.119998931884766,38.709999084472656,39.4900016784668,38.630001068115234,31.267995834350586
2011-02-28,215400,39.189998626708984,38.869998931884766,39.43000030517578,38.650001525878906,31.397232055664062
2011-02-25,197200,38.060001373291016,38.93000030517578,38.93000030517578,37.97999954223633,31.445680618286133
2011-02-24,230600,37.779998779296875,38.040000915527344,38.11000061035156,37.68000030517578,30.726795196533203
2011-02-23,174400,38.040000915527344,37.810001373291016,38.20000076293945,37.790000915527344,30.541017532348633
2011-02-22,130900,38.279998779296875,38.209999084472656,38.790000915527344,37.9900016784668,30.864120483398438
2011-02-18,211300,38.22999954223633,38.58000183105469,38.75,38.20000076293945,31.162986755371094
2011-02-17,207300,38.16999816894531,38.27000045776367,38.349998474121094,38.060001373291016,30.912588119506836
2011-02-16,127400,38.060001373291016,38.15999984741211,38.36000061035156,38.0099983215332,30.82373046875
2011-02-15,290300,38.2400016784668,37.900001525878906,38.400001525878906,37.86000061035156,30.613712310791016
2011-02-14,73200,38.209999084472656,38.29999923706055,38.43000030517578,38.119998931884766,30.936811447143555
2011-02-11,124000,37.75,38.29999923706055,38.29999923706055,37.689998626708984,30.936811447143555
2011-02-10,103200,37.72999954223633,38.04999923706055,38.16999816894531,37.72999954223633,30.53293800354004
2011-02-09,93800,37.880001068115234,37.959999084472656,38.060001373291016,37.790000915527344,30.460723876953125
2011-02-08,111900,37.810001373291016,38.06999969482422,38.09000015258789,37.72999954223633,30.548988342285156
2011-02-07,90900,37.59000015258789,37.869998931884766,38.0,37.59000015258789,30.388507843017578
2011-02-04,167400,37.86000061035156,37.599998474121094,37.86000061035156,37.5099983215332,30.171838760375977
2011-02-03,111300,37.70000076293945,37.81999969482422,37.86000061035156,37.45000076293945,30.3483829498291
2011-02-02,102600,37.83000183105469,37.779998779296875,38.060001373291016,37.72999954223633,30.316286087036133
2011-02-01,162800,37.5,37.880001068115234,37.97999954223633,37.27000045776367,30.396522521972656
2011-01-31,249000,37.13999938964844,37.2400016784668,37.38999938964844,36.810001373291016,29.882957458496094
2011-01-28,242600,37.970001220703125,37.150001525878906,37.970001220703125,36.9900016784668,29.81074333190918
2011-01-27,201600,37.75,37.95000076293945,38.16999816894531,37.5,30.452699661254883
2011-01-26,182500,37.47999954223633,37.81999969482422,37.959999084472656,37.38999938964844,30.3483829498291
2011-01-25,165900,37.22999954223633,37.40999984741211,37.459999084472656,37.099998474121094,30.019378662109375
2011-01-24,103000,37.2400016784668,37.41999816894531,37.68000030517578,37.060001373291016,30.02739906311035
2011-01-21,228900,37.63999938964844,37.29999923706055,37.720001220703125,37.220001220703125,29.93110466003418
2011-01-20,142900,37.41999816894531,37.5,37.72999954223633,37.36000061035156,30.091596603393555
2011-01-19,330800,37.849998474121094,37.619998931884766,37.939998626708984,37.5099983215332,30.187885284423828
2011-01-18,249700,37.2599983215332,37.869998931884766,37.939998626708984,37.119998931884766,30.388507843017578
2011-01-14,125600,36.91999816894531,37.29999923706055,37.34000015258789,36.779998779296875,29.93110466003418
2011-01-13,150000,36.880001068115234,36.900001525878906,36.93000030517578,36.560001373291016,29.61012840270996
2011-01-12,144600,36.81999969482422,36.849998474121094,37.040000915527344,36.7599983215332,29.57000732421875
2011-01-11,194100,36.939998626708984,36.56999969482422,37.02000045776367,36.40999984741211,29.34532928466797
2011-01-10,136300,36.560001373291016,36.83000183105469,37.0,36.220001220703125,29.55396270751953
2011-01-07,154000,36.4900016784668,36.689998626708984,36.709999084472656,36.2599983215332,29.441614151000977
2011-01-06,183000,36.619998931884766,36.459999084472656,36.650001525878906,36.27000045776367,29.257057189941406
2011-01-05,289100,36.220001220703125,36.59000015258789,36.65999984741211,36.099998474121094,29.36137580871582
2011-01-04,472500,36.880001068115234,36.33000183105469,37.29999923706055,36.150001525878906,29.152746200561523
2011-01-03,209600,36.86000061035156,37.5099983215332,37.720001220703125,36.86000061035156,30.0996150970459
2010-12-31,153100,37.029998779296875,36.66999816894531,37.150001525878906,36.63999938964844,29.425567626953125
2010-12-30,127100,37.0,37.02000045776367,37.25,37.0,29.706424713134766
2010-12-29,95000,37.099998474121094,36.970001220703125,37.11000061035156,36.93000030517578,29.666305541992188
2010-12-28,72100,36.91999816894531,37.0,37.04999923706055,36.560001373291016,29.69036865234375
2010-12-27,85900,36.72999954223633,36.93000030517578,37.0099983215332,36.66999816894531,29.63420295715332
2010-12-23,137000,36.400001525878906,36.75,36.790000915527344,36.279998779296875,29.489765167236328
2010-12-22,129100,36.56999969482422,36.439998626708984,36.61000061035156,36.400001525878906,29.241016387939453
2010-12-21,80000,36.38999938964844,36.560001373291016,36.58000183105469,36.310001373291016,29.337303161621094
2010-12-20,133100,36.54999923706055,36.29999923706055,36.63999938964844,36.2400016784668,29.128658294677734
2010-12-17,410600,36.459999084472656,36.4900016784668,36.540000915527344,35.900001525878906,29.28113555908203
2010-12-16,137800,36.08000183105469,36.459999084472656,36.56999969482422,35.91999816894531,29.257057189941406
2010-12-15,196100,36.029998779296875,36.060001373291016,36.290000915527344,35.959999084472656,28.936079025268555
2010-12-14,140800,35.869998931884766,36.040000915527344,36.18000030517578,35.81999969482422,28.920024871826172
2010-12-13,136800,35.9900016784668,35.720001220703125,35.9900016784668,35.70000076293945,28.663251876831055
2010-12-10,134800,35.5,35.880001068115234,35.900001525878906,35.369998931884766,28.791637420654297
2010-12-09,322100,35.65999984741211,35.40999984741211,35.65999984741211,35.22999954223633,28.41448974609375
2010-12-08,162600,35.630001068115234,35.45000076293945,35.779998779296875,35.41999816894531,28.44659423828125
2010-12-07,225500,35.81999969482422,35.58000183105469,35.959999084472656,35.43000030517578,28.5509090423584
2010-12-06,143600,35.40999984741211,35.47999954223633,35.560001373291016,35.40999984741211,28.470659255981445
2010-12-03,175800,35.38999938964844,35.45000076293945,35.5,34.91999816894531,28.44659423828125
2010-12-02,270800,35.40999984741211,35.54999923706055,35.630001068115234,34.97999954223633,28.52683448791504
2010-12-01,145200,35.540000915527344,35.529998779296875,35.70000076293945,35.38999938964844,28.510778427124023
2010-11-30,210200,34.86000061035156,35.029998779296875,35.09000015258789,34.61000061035156,28.109567642211914
2010-11-29,125000,35.02000045776367,35.15999984741211,35.279998779296875,34.47999954223633,28.213876724243164
2010-11-26,89700,35.08000183105469,35.310001373291016,35.45000076293945,35.04999923706055,28.334251403808594
2010-11-24,167900,35.0,35.27000045776367,35.290000915527344,34.95000076293945,28.302152633666992
2010-11-23,148600,34.61000061035156,34.75,34.779998779296875,34.52000045776367,27.884876251220703
2010-11-22,82400,34.79999923706055,34.939998626708984,35.0,34.4900016784668,28.037338256835938
2010-11-19,94200,34.560001373291016,34.77000045776367,34.869998931884766,34.5,27.90092658996582
2010-11-18,161300,34.56999969482422,34.7400016784668,34.849998474121094,34.439998626708984,27.876853942871094
2010-11-17,99500,34.40999984741211,34.290000915527344,34.459999084472656,34.220001220703125,27.515748977661133
2010-11-16,150800,34.650001525878906,34.31999969482422,34.84000015258789,34.099998474121094,27.539831161499023
2010-11-15,88100,35.029998779296875,35.08000183105469,35.34000015258789,34.97999954223633,28.149688720703125
2010-11-12,102600,34.70000076293945,34.86000061035156,35.20000076293945,34.689998626708984,27.973148345947266
2010-11-11,199900,34.65999984741211,35.25,35.43000030517578,34.650001525878906,28.286104202270508
2010-11-10,263100,35.4900016784668,34.95000076293945,35.4900016784668,34.709999084472656,28.045366287231445
2010-11-09,123300,35.970001220703125,35.599998474121094,36.0,35.439998626708984,28.36634063720703
2010-11-08,113800,35.81999969482422,35.869998931884766,35.9900016784668,35.7400016784668,28.58148193359375
2010-11-05,165800,36.08000183105469,35.869998931884766,36.13999938964844,35.68000030517578,28.58148193359375
2010-11-04,192700,35.869998931884766,36.0,36.099998474121094,35.7599983215332,28.6850643157959
2010-11-03,176400,35.52000045776367,35.439998626708984,35.58000183105469,35.099998474121094,28.238847732543945
2010-11-02,210300,34.88999938964844,35.41999816894531,35.58000183105469,34.88999938964844,28.222917556762695
2010-11-01,190700,35.0,34.52000045776367,35.040000915527344,34.25,27.505800247192383
2010-10-29,136400,34.630001068115234,34.7599983215332,34.86000061035156,34.540000915527344,27.697019577026367
2010-10-28,134400,34.9900016784668,34.689998626708984,35.0,34.56999969482422,27.641244888305664
2010-10-27,162700,34.27000045776367,34.630001068115234,34.689998626708984,34.150001525878906,27.593446731567383
2010-10-26,122600,34.45000076293945,34.4900016784668,34.83000183105469,34.310001373291016,27.481891632080078
2010-10-25,186600,34.63999938964844,34.68000030517578,34.970001220703125,34.599998474121094,27.633277893066406
2010-10-22,113500,34.869998931884766,34.43000030517578,34.869998931884766,34.36000061035156,27.43408203125
2010-10-21,162400,35.0099983215332,34.720001220703125,35.2400016784668,34.400001525878906,27.66515350341797
2010-10-20,118400,34.81999969482422,34.79999923706055,35.029998779296875,34.70000076293945,27.728893280029297
2010-10-19,193700,34.56999969482422,34.63999938964844,35.06999969482422,34.40999984741211,27.601409912109375
2010-10-18,82000,34.86000061035156,34.970001220703125,35.18000030517578,34.81999969482422,27.864360809326172
2010-10-15,235600,34.75,34.779998779296875,35.119998931884766,34.650001525878906,27.712961196899414
2010-10-14,165900,34.86000061035156,34.650001525878906,34.88999938964844,34.310001373291016,27.609378814697266
2010-10-13,181500,34.529998779296875,34.810001373291016,35.0,34.45000076293945,27.736867904663086
2010-10-12,144100,34.650001525878906,34.34000015258789,34.650001525878906,34.189998626708984,27.36236000061035
2010-10-11,173300,34.880001068115234,34.72999954223633,34.970001220703125,34.56999969482422,27.673126220703125
2010-10-08,222200,34.779998779296875,34.7599983215332,34.84000015258789,34.349998474121094,27.697019577026367
2010-10-07,216500,34.75,34.65999984741211,34.869998931884766,34.5,27.617341995239258
2010-10-06,173600,34.540000915527344,34.45000076293945,34.790000915527344,34.25,27.450016021728516
2010-10-05,220500,34.150001525878906,34.65999984741211,34.65999984741211,33.900001525878906,27.617341995239258
2010-10-04,164700,33.939998626708984,33.849998474121094,34.08000183105469,33.40999984741211,26.971935272216797
2010-10-01,135900,33.93000030517578,33.95000076293945,34.0099983215332,33.630001068115234,27.051610946655273
2010-09-30,162700,33.93000030517578,33.59000015258789,34.060001373291016,33.349998474121094,26.764759063720703
2010-09-29,197100,33.77000045776367,33.70000076293945,33.79999923706055,33.43000030517578,26.85240936279297
2010-09-28,272800,33.43000030517578,33.79999923706055,33.81999969482422,32.900001525878906,26.932085037231445
2010-09-27,116900,33.400001525878906,33.43000030517578,33.54999923706055,33.130001068115234,26.637271881103516
2010-09-24,203000,33.09000015258789,33.439998626708984,33.439998626708984,32.70000076293945,26.64524269104004
2010-09-23,139700,32.880001068115234,32.689998626708984,33.2599983215332,32.65999984741211,26.047630310058594
2010-09-22,147900,32.81999969482422,33.15999984741211,33.27000045776367,32.81999969482422,26.422138214111328
2010-09-21,185600,33.400001525878906,32.880001068115234,33.470001220703125,32.810001373291016,26.19902992248535
2010-09-20,242300,32.66999816894531,33.34000015258789,33.369998931884766,32.279998779296875,26.56555938720703
2010-09-17,301200,32.38999938964844,32.41999816894531,32.439998626708984,31.760000228881836,25.832490921020508
2010-09-16,94000,32.25,32.09000015258789,32.47999954223633,31.93000030517578,25.569549560546875
2010-09-15,115200,32.47999954223633,32.36000061035156,32.56999969482422,32.040000915527344,25.784690856933594
2010-09-14,89200,32.529998779296875,32.560001373291016,32.70000076293945,32.33000183105469,25.944055557250977
2010-09-13,178100,32.5,32.70000076293945,32.79999923706055,32.29999923706055,26.055604934692383
2010-09-10,112400,32.20000076293945,32.25,32.349998474121094,32.029998779296875,25.697036743164062
2010-09-09,80100,32.22999954223633,32.09000015258789,32.25,31.850000381469727,25.569549560546875
2010-09-08,136200,32.0,31.799999237060547,32.16999816894531,31.709999084472656,25.33847427368164
2010-09-07,167200,31.90999984741211,31.799999237060547,32.130001068115234,31.700000762939453,25.33847427368164
2010-09-03,148200,32.22999954223633,32.15999984741211,32.22999954223633,31.850000381469727,25.625328063964844
2010-09-02,159400,32.41999816894531,31.829999923706055,32.41999816894531,31.690000534057617,25.36237907409668
2010-09-01,216700,31.969999313354492,32.2400016784668,32.380001068115234,31.68000030517578,25.689069747924805
2010-08-31,194200,31.309999465942383,31.450000762939453,31.81999969482422,31.020000457763672,25.059595108032227
2010-08-30,196700,32.0,31.43000030517578,32.290000915527344,31.420000076293945,25.043651580810547
2010-08-27,201600,31.309999465942383,32.0099983215332,32.08000183105469,30.8799991607666,25.50580406188965
2010-08-26,193700,31.260000228881836,31.1200008392334,31.739999771118164,30.959999084472656,24.796646118164062
2010-08-25,145700,30.110000610351562,31.110000610351562,31.190000534057617,30.110000610351562,24.788679122924805
2010-08-24,102600,30.309999465942383,30.350000381469727,30.709999084472656,30.219999313354492,24.18310546875
2010-08-23,125800,30.969999313354492,30.700000762939453,31.309999465942383,30.670000076293945,24.46198844909668
2010-08-20,172000,30.59000015258789,30.809999465942383,30.8700008392334,30.1299991607666,24.54963493347168
2010-08-19,165300,31.6200008392334,30.780000686645508,31.6200008392334,30.600000381469727,24.525733947753906
2010-08-18,144900,31.81999969482422,31.809999465942383,32.040000915527344,31.540000915527344,25.34644317626953
2010-08-17,129600,31.6200008392334,31.809999465942383,32.09000015258789,31.5,25.34644317626953
2010-08-16,118200,31.100000381469727,31.31999969482422,31.450000762939453,30.75,24.956008911132812
2010-08-13,118400,31.459999084472656,31.25,31.65999984741211,31.190000534057617,24.900238037109375
2010-08-12,239000,31.1299991607666,31.579999923706055,31.780000686645508,31.1299991607666,25.163177490234375
2010-08-11,224300,32.36000061035156,31.84000015258789,32.459999084472656,31.760000228881836,25.171144485473633
2010-08-10,217000,33.099998474121094,32.88999938964844,33.45000076293945,32.58000183105469,26.001220703125
2010-08-09,196100,33.34000015258789,33.459999084472656,33.72999954223633,33.13999938964844,26.45183563232422
2010-08-06,139300,32.7599983215332,32.90999984741211,33.15999984741211,32.20000076293945,26.01703453063965
2010-08-05,136300,33.41999816894531,33.16999816894531,33.630001068115234,33.11000061035156,26.222583770751953
2010-08-04,166200,33.099998474121094,33.630001068115234,33.65999984741211,33.060001373291016,26.586233139038086
2010-08-03,93400,33.0,32.97999954223633,33.43000030517578,32.77000045776367,26.072378158569336
2010-08-02,147700,32.86000061035156,33.08000183105469,33.15999984741211,32.58000183105469,26.15142822265625
2010-07-30,193200,32.119998931884766,32.16999816894531,32.849998474121094,32.060001373291016,25.432024002075195
2010-07-29,152300,33.439998626708984,32.63999938964844,33.439998626708984,32.060001373291016,25.803585052490234
2010-07-28,139900,33.810001373291016,33.08000183105469,33.88999938964844,32.86000061035156,26.15142822265625
2010-07-27,212400,33.54999923706055,33.79999923706055,33.959999084472656,33.349998474121094,26.72062110900879
2010-07-26,192600,32.59000015258789,33.22999954223633,33.25,32.31999969482422,26.270017623901367
2010-07-23,194000,31.709999084472656,32.41999816894531,32.619998931884766,31.579999923706055,25.629657745361328
2010-07-22,175800,31.329999923706055,31.790000915527344,31.850000381469727,31.219999313354492,25.131620407104492
2010-07-21,166200,31.5,30.84000015258789,31.5,30.729999542236328,24.380596160888672
2010-07-20,126600,30.690000534057617,31.350000381469727,31.3700008392334,30.489999771118164,24.783775329589844
2010-07-19,164800,30.549999237060547,31.020000457763672,31.06999969482422,30.290000915527344,24.52290153503418
2010-07-16,235400,31.440000534057617,30.309999465942383,31.440000534057617,30.290000915527344,23.961599349975586
2010-07-15,132600,31.700000762939453,31.610000610351562,31.729999542236328,31.06999969482422,24.98931884765625
2010-07-14,95400,31.389999389648438,31.56999969482422,31.690000534057617,31.25,24.95769500732422
2010-07-13,166000,31.3700008392334,31.6299991607666,31.700000762939453,31.030000686645508,25.005126953125
2010-07-12,113800,31.190000534057617,30.989999771118164,31.270000457763672,30.799999237060547,24.49917984008789
2010-07-09,144700,30.950000762939453,31.229999542236328,31.229999542236328,30.780000686645508,24.688907623291016
2010-07-08,185100,30.950000762939453,30.940000534057617,30.950000762939453,30.549999237060547,24.45965003967285
2010-07-07,271900,29.649999618530273,30.639999389648438,30.65999984741211,29.510000228881836,24.22248649597168
2010-07-06,224800,29.579999923706055,29.43000030517578,29.920000076293945,29.260000228881836,23.265918731689453
2010-07-02,260100,29.43000030517578,29.309999465942383,29.5,29.049999237060547,23.17104721069336
2010-07-01,274300,29.43000030517578,29.290000915527344,29.469999313354492,28.579999923706055,23.155241012573242
2010-06-30,235500,29.790000915527344,29.5,30.260000228881836,29.3799991607666,23.321256637573242
2010-06-29,364300,30.540000915527344,29.75,30.780000686645508,29.5,23.518896102905273
2010-06-28,340300,30.469999313354492,31.0,31.270000457763672,30.31999969482422,24.507083892822266
2010-06-25,286900,30.200000762939453,30.59000015258789,30.6299991607666,29.920000076293945,24.182960510253906
2010-06-24,172900,30.239999771118164,30.1200008392334,30.6200008392334,30.079999923706055,23.811397552490234
2010-06-23,232000,30.829999923706055,30.389999389648438,30.989999771118164,30.309999465942383,24.02484703063965
2010-06-22,242500,31.43000030517578,30.780000686645508,31.65999984741211,30.75,24.33316421508789
2010-06-21,227300,31.549999237060547,31.34000015258789,31.65999984741211,31.18000030517578,24.775867462158203
2010-06-18,340300,30.809999465942383,31.190000534057617,31.219999313354492,30.68000030517578,24.657291412353516
2010-06-17,110900,30.8700008392334,30.719999313354492,30.8799991607666,30.389999389648438,24.285730361938477
2010-06-16,89800,30.139999389648438,30.68000030517578,30.809999465942383,30.139999389648438,24.25411033630371
2010-06-15,138900,29.899999618530273,30.309999465942383,30.389999389648438,29.84000015258789,23.961599349975586
2010-06-14,106200,29.790000915527344,29.84000015258789,30.15999984741211,29.530000686645508,23.590042114257812
2010-06-11,214500,29.100000381469727,29.510000228881836,29.559999465942383,28.889999389648438,23.32915687561035
2010-06-10,168400,28.969999313354492,29.56999969482422,29.59000015258789,28.969999313354492,23.37659454345703
2010-06-09,302600,29.139999389648438,28.739999771118164,29.209999084472656,28.56999969482422,22.720439910888672
2010-06-08,209600,28.93000030517578,28.979999542236328,29.020000457763672,28.549999237060547,22.910167694091797
2010-06-07,207100,29.030000686645508,28.790000915527344,29.43000030517578,28.739999771118164,22.759963989257812
2010-06-04,228700,29.790000915527344,28.850000381469727,29.809999465942383,28.799999237060547,22.807401657104492
2010-06-03,214700,30.239999771118164,30.15999984741211,30.299999237060547,29.829999923706055,23.843021392822266
2010-06-02,346900,29.170000076293945,29.90999984741211,30.0,28.979999542236328,23.645376205444336
2010-06-01,218600,29.469999313354492,28.899999618530273,29.739999771118164,28.8799991607666,22.846921920776367
2010-05-28,196100,29.93000030517578,29.6200008392334,30.0,29.299999237060547,23.416122436523438
2010-05-27,184100,29.479999542236328,30.0,30.010000228881836,29.219999313354492,23.716529846191406
2010-05-26,216900,29.110000610351562,28.8799991607666,29.459999084472656,28.799999237060547,22.831119537353516
2010-05-25,244300,28.540000915527344,28.790000915527344,28.93000030517578,28.1200008392334,22.759963989257812
2010-05-24,201900,29.389999389648438,29.209999084472656,29.799999237060547,29.110000610351562,23.091997146606445
2010-05-21,367800,29.540000915527344,29.540000915527344,29.770000457763672,29.059999465942383,23.352874755859375
2010-05-20,254100,30.770000457763672,29.8799991607666,30.969999313354492,29.8700008392334,23.62166404724121
2010-05-19,201100,31.5,31.389999389648438,31.809999465942383,31.149999618530273,24.815391540527344
2010-05-18,230400,32.540000915527344,31.610000610351562,32.72999954223633,31.520000457763672,24.98931884765625
2010-05-17,227500,32.13999938964844,32.2599983215332,32.43000030517578,31.5,25.503177642822266
2010-05-14,178800,32.22999954223633,32.029998779296875,32.5099983215332,31.760000228881836,25.321352005004883
2010-05-13,212100,32.45000076293945,32.5099983215332,32.790000915527344,32.119998931884766,25.7008113861084
2010-05-12,227100,31.989999771118164,32.709999084472656,32.90999984741211,31.81999969482422,25.661287307739258
2010-05-11,207000,31.139999389648438,31.81999969482422,32.15999984741211,31.100000381469727,24.963069915771484
2010-05-10,280900,31.43000030517578,31.5,31.81999969482422,30.959999084472656,24.71202850341797
2010-05-07,436900,30.81999969482422,30.309999465942383,31.020000457763672,30.059999465942383,23.778465270996094
2010-05-06,483800,31.0,30.790000915527344,31.8799991607666,29.600000381469727,24.155029296875
2010-05-05,274000,30.899999618530273,31.049999237060547,31.329999923706055,30.899999618530273,24.358997344970703
2010-05-04,276300,32.0099983215332,31.1200008392334,32.0099983215332,30.950000762939453,24.41391944885254
2010-05-03,215800,31.34000015258789,32.290000915527344,32.41999816894531,31.06999969482422,25.3317928314209
2010-04-30,289300,32.20000076293945,31.100000381469727,32.310001373291016,31.049999237060547,24.39822769165039
2010-04-29,186900,32.18000030517578,32.20000076293945,32.2400016784668,31.84000015258789,25.261192321777344
2010-04-28,174600,31.709999084472656,32.040000915527344,32.11000061035156,31.3799991607666,25.135663986206055
2010-04-27,240800,32.189998626708984,31.510000228881836,32.560001373291016,31.469999313354492,24.719877243041992
2010-04-26,155000,32.540000915527344,32.290000915527344,32.58000183105469,32.27000045776367,25.3317928314209
2010-04-23,201100,31.989999771118164,32.38999938964844,32.400001525878906,31.850000381469727,25.410242080688477
2010-04-22,98100,31.690000534057617,31.899999618530273,31.950000762939453,31.59000015258789,25.025835037231445
2010-04-21,151300,32.040000915527344,31.90999984741211,32.11000061035156,31.790000915527344,25.03368377685547
2010-04-20,152300,32.04999923706055,31.950000762939453,32.20000076293945,31.81999969482422,25.0650634765625
2010-04-19,343200,31.739999771118164,31.90999984741211,32.290000915527344,31.540000915527344,25.03368377685547
2010-04-16,419000,31.780000686645508,31.790000915527344,32.209999084472656,31.6299991607666,24.939542770385742
2010-04-15,159700,31.459999084472656,31.790000915527344,31.899999618530273,31.450000762939453,24.939542770385742
2010-04-14,200100,31.350000381469727,31.43000030517578,31.469999313354492,31.040000915527344,24.657108306884766
2010-04-13,177500,30.940000534057617,31.229999542236328,31.229999542236328,30.940000534057617,24.500211715698242
2010-04-12,360700,31.100000381469727,31.079999923706055,31.18000030517578,30.809999465942383,24.382535934448242
2010-04-09,268300,30.719999313354492,30.969999313354492,30.989999771118164,30.209999084472656,24.296241760253906
2010-04-08,155200,31.020000457763672,30.6200008392334,31.020000457763672,30.56999969482422,24.021663665771484
2010-04-07,208900,31.190000534057617,31.040000915527344,31.190000534057617,30.75,24.35115623474121
2010-04-06,259700,30.510000228881836,31.299999237060547,31.329999923706055,30.5,24.555130004882812
2010-04-05,127800,30.489999771118164,30.68000030517578,30.690000534057617,30.209999084472656,24.068735122680664
2010-04-01,168300,30.1200008392334,30.31999969482422,30.34000015258789,30.059999465942383,23.786314010620117
2010-03-31,296900,30.389999389648438,29.920000076293945,30.600000381469727,29.90999984741211,23.472503662109375
2010-03-30,173800,30.200000762939453,30.549999237060547,30.600000381469727,30.200000762939453,23.966753005981445
2010-03-29,170200,30.1200008392334,30.209999084472656,30.43000030517578,30.030000686645508,23.70001220703125
2010-03-26,152300,30.229999542236328,29.969999313354492,30.31999969482422,29.93000030517578,23.511735916137695
2010-03-25,115400,30.610000610351562,30.06999969482422,30.649999618530273,30.040000915527344,23.590187072753906
2010-03-24,104500,30.6299991607666,30.420000076293945,30.65999984741211,30.399999618530273,23.864765167236328
2010-03-23,189900,30.440000534057617,30.670000076293945,30.700000762939453,30.360000610351562,24.060894012451172
2010-03-22,202600,30.059999465942383,30.440000534057617,30.520000457763672,30.0,23.880449295043945
2010-03-19,364000,30.190000534057617,30.190000534057617,30.549999237060547,29.950000762939453,23.684328079223633
2010-03-18,125800,30.420000076293945,30.290000915527344,30.520000457763672,30.25,23.762775421142578
2010-03-17,188700,30.329999923706055,30.34000015258789,30.59000015258789,30.219999313354492,23.802001953125
2010-03-16,145900,29.700000762939453,30.219999313354492,30.239999771118164,29.6200008392334,23.707855224609375
2010-03-15,119600,29.540000915527344,29.600000381469727,29.649999618530273,29.34000015258789,23.221466064453125
2010-03-12,160600,29.780000686645508,29.5,29.84000015258789,29.290000915527344,23.143016815185547
2010-03-11,187000,29.420000076293945,29.639999389648438,29.690000534057617,29.34000015258789,23.25284767150879
2010-03-10,158400,29.59000015258789,29.56999969482422,29.670000076293945,29.350000381469727,23.19792938232422
2010-03-09,132200,29.68000030517578,29.639999389648438,29.75,29.5,23.25284767150879
2010-03-08,124600,29.90999984741211,29.690000534057617,29.90999984741211,29.639999389648438,23.29206657409668
2010-03-05,190100,29.84000015258789,29.829999923706055,29.889999389648438,29.639999389648438,23.401901245117188
2010-03-04,132500,29.68000030517578,29.700000762939453,29.780000686645508,29.389999389648438,23.29991912841797
2010-03-03,160900,29.690000534057617,29.670000076293945,29.829999923706055,29.489999771118164,23.276378631591797
2010-03-02,357200,29.329999923706055,29.559999465942383,29.59000015258789,29.15999984741211,23.190088272094727
2010-03-01,268300,28.829999923706055,29.239999771118164,29.260000228881836,28.829999923706055,22.93903923034668
2010-02-26,178300,28.81999969482422,28.579999923706055,28.81999969482422,28.309999465942383,22.4212646484375
2010-02-25,161500,28.360000610351562,28.690000534057617,28.700000762939453,28.100000381469727,22.507564544677734
2010-02-24,199100,28.270000457763672,28.65999984741211,28.81999969482422,28.170000076293945,22.48402214050293
2010-02-23,144200,28.420000076293945,28.270000457763672,28.489999771118164,28.09000015258789,22.178068161010742
2010-02-22,127200,28.420000076293945,28.5,28.649999618530273,28.34000015258789,22.358501434326172
2010-02-19,164900,27.739999771118164,28.270000457763672,28.309999465942383,27.6200008392334,22.178068161010742
2010-02-18,104500,27.600000381469727,27.729999542236328,27.739999771118164,27.540000915527344,21.75443458557129
2010-02-17,156400,27.479999542236328,27.549999237060547,27.559999465942383,27.200000762939453,21.61322021484375
2010-02-16,162000,27.110000610351562,27.360000610351562,27.3700008392334,26.719999313354492,21.46416473388672
2010-02-12,247900,26.600000381469727,26.940000534057617,27.030000686645508,26.559999465942383,21.134668350219727
2010-02-11,177100,26.68000030517578,26.940000534057617,26.950000762939453,26.280000686645508,21.134668350219727
2010-02-10,98100,26.90999984741211,26.850000381469727,26.959999084472656,26.600000381469727,20.877744674682617
2010-02-09,221600,27.040000915527344,26.93000030517578,27.040000915527344,26.670000076293945,20.93994903564453
2010-02-08,150400,27.100000381469727,26.809999465942383,27.3700008392334,26.770000457763672,20.846637725830078
2010-02-05,191600,27.280000686645508,27.1200008392334,27.31999969482422,26.670000076293945,21.087684631347656
2010-02-04,158600,27.739999771118164,27.309999465942383,27.8700008392334,27.229999542236328,21.235427856445312
2010-02-03,179100,28.149999618530273,27.860000610351562,28.219999313354492,27.700000762939453,21.663089752197266
2010-02-02,133700,28.34000015258789,28.18000030517578,28.399999618530273,28.010000228881836,21.911914825439453
2010-02-01,173700,27.809999465942383,28.25,28.260000228881836,27.639999389648438,21.966341018676758
2010-01-29,206400,27.8799991607666,27.670000076293945,28.170000076293945,27.649999618530273,21.515348434448242
2010-01-28,143600,28.049999237060547,27.809999465942383,28.18000030517578,27.670000076293945,21.62421417236328
2010-01-27,166400,27.760000228881836,27.979999542236328,27.989999771118164,27.600000381469727,21.756397247314453
2010-01-26,90100,28.06999969482422,27.889999389648438,28.170000076293945,27.850000381469727,21.686420440673828
2010-01-25,168800,28.110000610351562,28.18000030517578,28.350000381469727,27.899999618530273,21.911914825439453
2010-01-22,167200,28.290000915527344,27.93000030517578,28.459999084472656,27.889999389648438,21.71751594543457
2010-01-21,195600,28.309999465942383,28.309999465942383,28.739999771118164,28.0,22.012996673583984
2010-01-20,234200,28.889999389648438,28.350000381469727,28.889999389648438,28.1200008392334,22.044099807739258
2010-01-19,242000,28.420000076293945,29.040000915527344,29.079999923706055,28.399999618530273,22.58061981201172
2010-01-15,253000,28.899999618530273,28.360000610351562,28.899999618530273,27.829999923706055,22.051877975463867
2010-01-14,64100,28.670000076293945,28.770000457763672,28.860000610351562,28.6200008392334,22.370681762695312
2010-01-13,104000,28.59000015258789,28.770000457763672,28.799999237060547,28.389999389648438,22.370681762695312
2010-01-12,150100,28.350000381469727,28.469999313354492,28.68000030517578,28.309999465942383,22.13740348815918
2010-01-11,116500,28.610000610351562,28.469999313354492,28.610000610351562,28.450000762939453,22.13740348815918
2010-01-08,153500,28.719999313354492,28.489999771118164,28.809999465942383,28.25,22.152956008911133
2010-01-07,110000,28.8799991607666,28.729999542236328,28.93000030517578,28.530000686645508,22.339576721191406
2010-01-06,247400,29.0,28.850000381469727,29.149999618530273,28.770000457763672,22.43288803100586
2010-01-05,303200,29.18000030517578,29.0,29.399999618530273,29.0,22.549518585205078
2010-01-04,174800,28.790000915527344,29.079999923706055,29.09000015258789,28.770000457763672,22.611726760864258
2009-12-31,166500,29.149999618530273,28.530000686645508,29.280000686645508,28.530000686645508,22.184066772460938
2009-12-30,147000,29.209999084472656,29.18000030517578,29.479999542236328,29.059999465942383,22.689481735229492
2009-12-29,144800,28.989999771118164,29.25,29.280000686645508,28.940000534057617,22.74390983581543
2009-12-28,93100,29.0,28.940000534057617,29.049999237060547,28.920000076293945,22.50286293029785
2009-12-24,54600,28.979999542236328,28.979999542236328,29.0,28.81999969482422,22.533967971801758
2009-12-23,133700,28.799999237060547,28.889999389648438,28.950000762939453,28.579999923706055,22.4639835357666
2009-12-22,211000,28.81999969482422,28.68000030517578,28.8700008392334,28.639999389648438,22.300697326660156
2009-12-21,113500,28.760000228881836,28.860000610351562,29.040000915527344,28.760000228881836,22.440658569335938
2009-12-18,469100,29.0,28.760000228881836,29.110000610351562,28.350000381469727,22.362903594970703
2009-12-17,200800,28.81999969482422,28.84000015258789,29.0,28.549999237060547,22.42510414123535
2009-12-16,253400,28.809999465942383,28.920000076293945,29.040000915527344,28.770000457763672,22.487316131591797
2009-12-15,337900,29.280000686645508,28.600000381469727,29.350000381469727,28.559999465942383,22.238492965698242
2009-12-14,202100,29.139999389648438,29.270000457763672,29.299999237060547,28.850000381469727,22.759464263916016
2009-12-11,173700,28.700000762939453,28.850000381469727,28.90999984741211,28.489999771118164,22.43288803100586
2009-12-10,210500,28.149999618530273,28.479999542236328,28.610000610351562,28.149999618530273,22.14518165588379
2009-12-09,204900,27.829999923706055,28.100000381469727,28.110000610351562,27.75,21.84970474243164
2009-12-08,173300,27.790000915527344,27.799999237060547,27.8799991607666,27.479999542236328,21.616436004638672
2009-12-07,113900,27.760000228881836,28.049999237060547,28.15999984741211,27.56999969482422,21.810827255249023
2009-12-04,311700,27.489999771118164,27.760000228881836,27.850000381469727,27.420000076293945,21.585329055786133
2009-12-03,312200,27.1200008392334,27.09000015258789,27.360000610351562,27.049999237060547,21.064355850219727
2009-12-02,148600,26.780000686645508,27.010000228881836,27.1299991607666,26.700000762939453,21.002159118652344
2009-12-01,429700,26.459999084472656,26.729999542236328,26.780000686645508,26.329999923706055,20.78443145751953
2009-11-30,398700,26.520000457763672,26.209999084472656,26.520000457763672,25.860000610351562,20.380090713500977
2009-11-27,99800,26.56999969482422,26.420000076293945,26.799999237060547,26.40999984741211,20.543384552001953
2009-11-25,129300,26.959999084472656,27.040000915527344,27.139999389648438,26.8700008392334,21.02548599243164
2009-11-24,154300,26.899999618530273,26.920000076293945,26.969999313354492,26.6200008392334,20.932178497314453
2009-11-23,163000,26.889999389648438,26.84000015258789,27.420000076293945,26.719999313354492,20.869976043701172
2009-11-20,214300,26.600000381469727,26.68000030517578,26.729999542236328,26.3799991607666,20.745559692382812
2009-11-19,232500,26.90999984741211,26.760000228881836,26.90999984741211,26.489999771118164,20.807764053344727
2009-11-18,117500,27.200000762939453,27.010000228881836,27.200000762939453,26.93000030517578,21.002159118652344
2009-11-17,182400,26.950000762939453,27.110000610351562,27.139999389648438,26.75,21.079910278320312
2009-11-16,222600,26.489999771118164,27.0,27.100000381469727,26.43000030517578,20.9943790435791
2009-11-13,220100,26.079999923706055,26.309999465942383,26.510000228881836,26.059999465942383,20.457855224609375
2009-11-12,212100,26.540000915527344,25.940000534057617,26.65999984741211,25.90999984741211,20.170162200927734
2009-11-11,211000,27.040000915527344,26.68000030517578,27.040000915527344,26.549999237060547,20.560888290405273
2009-11-10,159000,26.690000534057617,26.780000686645508,26.899999618530273,26.6200008392334,20.6379451751709
2009-11-09,183000,26.350000381469727,26.809999465942383,26.809999465942383,26.350000381469727,20.66106605529785
2009-11-06,322200,26.209999084472656,26.1299991607666,26.59000015258789,26.040000915527344,20.137025833129883
2009-11-05,485100,25.299999237060547,25.920000076293945,25.969999313354492,25.219999313354492,19.975187301635742
2009-11-04,259100,25.40999984741211,25.149999618530273,25.469999313354492,25.1200008392334,19.381793975830078
2009-11-03,193700,24.959999084472656,25.350000381469727,25.3799991607666,24.90999984741211,19.535919189453125
2009-11-02,264000,25.100000381469727,25.079999923706055,25.399999618530273,24.93000030517578,19.32785415649414
2009-10-30,414700,25.360000610351562,24.989999771118164,25.420000076293945,24.959999084472656,19.258493423461914
2009-10-29,212600,25.420000076293945,25.469999313354492,25.479999542236328,25.149999618530273,19.628398895263672
2009-10-28,366200,25.280000686645508,25.25,25.399999618530273,25.030000686645508,19.458860397338867
2009-10-27,230800,25.0,25.209999084472656,25.510000228881836,24.920000076293945,19.42803192138672
2009-10-26,315200,25.260000228881836,24.989999771118164,25.440000534057617,24.84000015258789,19.258493423461914
2009-10-23,285100,25.6200008392334,25.190000534057617,25.6200008392334,25.020000457763672,19.412626266479492
2009-10-22,508300,25.149999618530273,25.5,25.600000381469727,24.940000534057617,19.651517868041992
2009-10-21,357400,25.34000015258789,25.06999969482422,25.520000457763672,25.030000686645508,19.32014274597168
2009-10-20,354900,25.399999618530273,25.34000015258789,25.40999984741211,24.809999465942383,19.52821922302246
2009-10-19,255800,25.5,25.40999984741211,25.5,25.049999237060547,19.5821590423584
2009-10-16,247400,25.5,25.360000610351562,25.510000228881836,25.190000534057617,19.543628692626953
2009-10-15,321900,25.559999465942383,25.6299991607666,25.760000228881836,25.459999084472656,19.751710891723633
2009-10-14,244400,26.100000381469727,25.690000534057617,26.100000381469727,25.65999984741211,19.797943115234375
2009-10-13,253900,25.969999313354492,25.8700008392334,25.969999313354492,25.68000030517578,19.93665885925293
2009-10-12,157900,26.1299991607666,25.920000076293945,26.229999542236328,25.739999771118164,19.975187301635742
2009-10-09,158300,25.84000015258789,26.059999465942383,26.09000015258789,25.829999923706055,20.083080291748047
2009-10-08,250700,25.8799991607666,25.739999771118164,26.059999465942383,25.700000762939453,19.836475372314453
2009-10-07,115000,25.670000076293945,25.709999084472656,25.899999618530273,25.59000015258789,19.813358306884766
2009-10-06,136400,25.65999984741211,25.760000228881836,25.770000457763672,25.360000610351562,19.851896286010742
2009-10-05,140600,25.489999771118164,25.43000030517578,25.56999969482422,25.110000610351562,19.597578048706055
2009-10-02,133700,25.350000381469727,25.309999465942383,25.59000015258789,25.09000015258789,19.505098342895508
2009-10-01,191300,25.520000457763672,25.489999771118164,25.770000457763672,25.280000686645508,19.64381980895996
2009-09-30,240500,26.1200008392334,25.579999923706055,26.1200008392334,25.56999969482422,19.713172912597656
2009-09-29,83400,26.170000076293945,26.030000686645508,26.25,25.829999923706055,20.059965133666992
2009-09-28,135500,25.760000228881836,26.110000610351562,26.25,25.610000610351562,20.121620178222656
2009-09-25,122000,25.799999237060547,25.700000762939453,25.899999618530273,25.6299991607666,19.805652618408203
2009-09-24,110700,26.079999923706055,25.84000015258789,26.299999237060547,25.799999237060547,19.913537979125977
2009-09-23,145900,26.020000457763672,26.049999237060547,26.56999969482422,26.020000457763672,20.07537841796875
2009-09-22,146200,26.520000457763672,26.059999465942383,26.520000457763672,25.950000762939453,20.083080291748047
2009-09-21,177200,26.15999984741211,26.260000228881836,26.459999084472656,26.030000686645508,20.237213134765625
2009-09-18,381600,26.219999313354492,26.31999969482422,26.639999389648438,26.200000762939453,20.283449172973633
2009-09-17,179900,25.790000915527344,26.030000686645508,26.270000457763672,25.719999313354492,20.059965133666992
2009-09-16,247100,25.479999542236328,25.729999542236328,26.239999771118164,25.34000015258789,19.828767776489258
2009-09-15,186100,24.549999237060547,24.860000610351562,24.899999618530273,24.540000915527344,19.158302307128906
2009-09-14,144900,24.239999771118164,24.65999984741211,24.670000076293945,24.1299991607666,19.00417709350586
2009-09-11,150400,24.469999313354492,24.290000915527344,24.65999984741211,24.209999084472656,18.719043731689453
2009-09-10,122500,24.280000686645508,24.399999618530273,24.440000534057617,24.0,18.803804397583008
2009-09-09,109200,24.31999969482422,24.280000686645508,24.520000457763672,24.229999542236328,18.71133041381836
2009-09-08,135900,24.5,24.260000228881836,24.5,23.979999542236328,18.6959171295166
2009-09-04,168500,24.040000915527344,24.229999542236328,24.510000228881836,23.860000610351562,18.67279624938965
2009-09-03,116000,24.31999969482422,24.020000457763672,24.31999969482422,23.6299991607666,18.510961532592773
2009-09-02,151000,24.110000610351562,24.09000015258789,24.209999084472656,23.889999389648438,18.564908981323242
2009-09-01,321300,24.260000228881836,23.979999542236328,24.6200008392334,23.729999542236328,18.48013687133789
2009-08-31,188500,24.56999969482422,24.350000381469727,24.729999542236328,24.149999618530273,18.765275955200195
2009-08-28,116800,25.1299991607666,24.780000686645508,25.200000762939453,24.610000610351562,19.096656799316406
2009-08-27,86500,25.010000228881836,24.989999771118164,25.170000076293945,24.68000030517578,19.258493423461914
2009-08-26,114700,25.280000686645508,25.059999465942383,25.34000015258789,24.8700008392334,19.31243324279785
2009-08-25,133700,25.309999465942383,25.280000686645508,25.420000076293945,25.1200008392334,19.481979370117188
2009-08-24,123300,25.280000686645508,25.270000457763672,25.290000915527344,25.09000015258789,19.474271774291992
2009-08-21,269200,25.059999465942383,25.239999771118164,25.25,24.8700008392334,19.451152801513672
2009-08-20,117300,24.75,24.8799991607666,25.020000457763672,24.700000762939453,19.17371940612793
2009-08-19,155800,24.75,24.860000610351562,24.860000610351562,24.510000228881836,19.158302307128906
2009-08-18,193400,24.850000381469727,24.989999771118164,25.079999923706055,24.65999984741211,19.258493423461914
2009-08-17,160800,24.700000762939453,24.770000457763672,24.950000762939453,24.649999618530273,19.08894920349121
2009-08-14,148000,25.309999465942383,24.979999542236328,25.389999389648438,24.760000228881836,19.25078010559082
2009-08-13,143500,25.75,25.229999542236328,25.889999389648438,25.059999465942383,19.443443298339844
2009-08-12,258500,25.31999969482422,25.690000534057617,25.899999618530273,25.239999771118164,19.614913940429688
2009-08-11,152600,25.200000762939453,25.229999542236328,25.360000610351562,24.989999771118164,19.263690948486328
2009-08-10,212100,24.549999237060547,25.420000076293945,25.459999084472656,24.540000915527344,19.40876007080078
2009-08-07,183700,24.5,24.729999542236328,25.06999969482422,24.290000915527344,18.88193702697754
2009-08-06,157400,24.5,24.190000534057617,24.5,24.030000686645508,18.469629287719727
2009-08-05,236900,24.329999923706055,24.479999542236328,24.719999313354492,24.139999389648438,18.69105339050293
2009-08-04,177500,24.510000228881836,24.389999389648438,24.690000534057617,24.260000228881836,18.622333526611328
2009-08-03,217200,24.5,24.739999771118164,24.829999923706055,24.139999389648438,18.889570236206055
2009-07-31,236300,24.670000076293945,24.219999313354492,24.670000076293945,24.209999084472656,18.492538452148438
2009-07-30,196300,24.190000534057617,24.770000457763672,24.920000076293945,24.030000686645508,18.912473678588867
2009-07-29,98900,23.770000457763672,23.959999084472656,24.030000686645508,23.719999313354492,18.294017791748047
2009-07-28,173300,23.690000534057617,24.030000686645508,24.040000915527344,23.6299991607666,18.34746551513672
2009-07-27,123400,23.719999313354492,23.899999618530273,23.899999618530273,23.520000457763672,18.248201370239258
2009-07-24,124600,23.270000457763672,23.850000381469727,23.8799991607666,23.25,18.21003532409668
2009-07-23,267000,22.809999465942383,23.3700008392334,23.719999313354492,22.729999542236328,17.843542098999023
2009-07-22,280700,22.809999465942383,22.809999465942383,23.149999618530273,22.690000534057617,17.41596794128418
2009-07-21,153900,23.0,22.940000534057617,23.079999923706055,22.799999237060547,17.515226364135742
2009-07-20,142200,22.850000381469727,22.84000015258789,22.8799991607666,22.450000762939453,17.43887710571289
2009-07-17,179900,22.850000381469727,22.799999237060547,22.8799991607666,22.700000762939453,17.4083251953125
2009-07-16,167400,22.75,22.81999969482422,22.860000610351562,22.479999542236328,17.423603057861328
2009-07-15,230600,22.639999389648438,22.739999771118164,22.889999389648438,22.389999389648438,17.362518310546875
2009-07-14,166700,22.309999465942383,22.399999618530273,22.459999084472656,21.979999542236328,17.10292625427246
2009-07-13,323900,21.809999465942383,22.260000228881836,22.280000686645508,21.579999923706055,16.99602699279785
2009-07-10,171000,21.8799991607666,21.709999084472656,22.0,21.6299991607666,16.576087951660156
2009-07-09,168700,22.290000915527344,21.940000534057617,22.3799991607666,21.81999969482422,16.751705169677734
2009-07-08,213300,22.18000030517578,22.079999923706055,22.399999618530273,21.860000610351562,16.85859489440918
2009-07-07,314300,22.459999084472656,22.190000534057617,22.6200008392334,21.989999771118164,16.942584991455078
2009-07-06,131200,22.010000228881836,22.3799991607666,22.43000030517578,21.979999542236328,17.087650299072266
2009-07-02,228100,22.479999542236328,22.06999969482422,22.5,21.989999771118164,16.85095977783203
2009-07-01,207100,22.200000762939453,22.739999771118164,22.959999084472656,22.200000762939453,17.362518310546875
2009-06-30,349600,22.049999237060547,22.209999084472656,22.219999313354492,21.809999465942383,16.957853317260742
2009-06-29,158300,21.84000015258789,22.100000381469727,22.190000534057617,21.639999389648438,16.873863220214844
2009-06-26,454200,21.510000228881836,21.84000015258789,21.84000015258789,21.299999237060547,16.675350189208984
2009-06-25,201700,21.1299991607666,21.56999969482422,21.780000686645508,21.049999237060547,16.46919822692871
2009-06-24,282000,21.399999618530273,21.229999542236328,21.420000076293945,21.049999237060547,16.209604263305664
2009-06-23,172300,21.709999084472656,21.190000534057617,21.770000457763672,21.100000381469727,16.179061889648438
2009-06-22,208200,21.389999389648438,21.6200008392334,21.8700008392334,21.290000915527344,16.50737762451172
2009-06-19,354900,22.190000534057617,21.610000610351562,22.31999969482422,21.510000228881836,16.499744415283203
2009-06-18,161800,21.709999084472656,21.940000534057617,22.06999969482422,21.559999465942383,16.751705169677734
2009-06-17,232600,21.40999984741211,21.780000686645508,21.829999923706055,21.31999969482422,16.629535675048828
2009-06-16,196800,21.809999465942383,21.459999084472656,21.8799991607666,21.350000381469727,16.385211944580078
2009-06-15,258300,21.959999084472656,21.559999465942383,21.959999084472656,21.329999923706055,16.46156120300293
2009-06-12,240400,21.3799991607666,22.059999465942383,22.079999923706055,21.260000228881836,16.843326568603516
2009-06-11,220000,21.610000610351562,21.56999969482422,21.8799991607666,21.40999984741211,16.46919822692871
2009-06-10,200600,21.940000534057617,21.510000228881836,21.940000534057617,21.18000030517578,16.42338752746582
2009-06-09,154800,21.93000030517578,21.670000076293945,22.09000015258789,21.549999237060547,16.545551300048828
2009-06-08,149200,21.709999084472656,21.8799991607666,22.049999237060547,21.59000015258789,16.70589256286621
2009-06-05,208100,22.040000915527344,21.809999465942383,22.040000915527344,21.540000915527344,16.65243911743164
2009-06-04,211400,21.780000686645508,21.889999389648438,22.010000228881836,21.719999313354492,16.713525772094727
2009-06-03,224800,21.790000915527344,21.709999084472656,21.8799991607666,21.3700008392334,16.576087951660156
2009-06-02,459800,21.780000686645508,21.920000076293945,21.979999542236328,21.450000762939453,16.736434936523438
2009-06-01,332400,21.110000610351562,21.81999969482422,21.8799991607666,21.059999465942383,16.660078048706055
2009-05-29,390300,20.809999465942383,20.780000686645508,21.09000015258789,20.420000076293945,15.866015434265137
2009-05-28,429700,20.31999969482422,20.809999465942383,21.149999618530273,20.09000015258789,15.888916015625
2009-05-27,315000,20.670000076293945,20.110000610351562,20.729999542236328,20.079999923706055,15.354452133178711
2009-05-26,454500,19.540000915527344,20.739999771118164,20.8799991607666,19.510000228881836,15.83547306060791
2009-05-22,321000,19.670000076293945,19.68000030517578,20.09000015258789,19.43000030517578,15.026141166687012
2009-05-21,383000,19.579999923706055,19.59000015258789,20.020000457763672,19.5,14.957419395446777
2009-05-20,366400,20.18000030517578,19.81999969482422,20.200000762939453,19.799999237060547,15.13303279876709
2009-05-19,480400,19.700000762939453,20.079999923706055,20.309999465942383,19.549999237060547,15.331549644470215
2009-05-18,445500,19.229999542236328,19.670000076293945,19.709999084472656,19.15999984741211,15.018501281738281
2009-05-15,342600,19.600000381469727,19.030000686645508,19.600000381469727,18.959999084472656,14.529848098754883
2009-05-14,376500,19.559999465942383,19.6299991607666,19.729999542236328,19.299999237060547,14.987964630126953
2009-05-13,345200,19.81999969482422,19.530000686645508,19.969999313354492,19.510000228881836,14.911606788635254
2009-05-12,443500,20.290000915527344,20.1299991607666,20.290000915527344,19.799999237060547,15.188385009765625
2009-05-11,282800,20.059999465942383,20.25,20.399999618530273,20.059999465942383,15.278929710388184
2009-05-08,441800,20.229999542236328,20.399999618530273,20.719999313354492,20.100000381469727,15.392107963562012
2009-05-07,392800,19.649999618530273,19.799999237060547,19.950000762939453,19.469999313354492,14.939396858215332
2009-05-06,332700,19.950000762939453,19.420000076293945,20.06999969482422,19.34000015258789,14.652681350708008
2009-05-05,320000,20.399999618530273,19.809999465942383,20.530000686645508,19.770000457763672,14.946943283081055
2009-05-04,327700,20.299999237060547,20.489999771118164,20.610000610351562,20.270000457763672,15.460010528564453
2009-05-01,267800,20.209999084472656,20.280000686645508,20.3700008392334,20.059999465942383,15.30156421661377
2009-04-30,302300,20.6299991607666,20.209999084472656,20.790000915527344,20.170000076293945,15.248748779296875
2009-04-29,654800,20.190000534057617,20.389999389648438,20.540000915527344,20.040000915527344,15.384561538696289
2009-04-28,733100,19.889999389648438,20.06999969482422,20.350000381469727,19.889999389648438,15.14311408996582
2009-04-27,574700,19.889999389648438,20.049999237060547,20.219999313354492,19.770000457763672,15.12802505493164
2009-04-24,585100,20.479999542236328,20.040000915527344,20.479999542236328,19.920000076293945,15.120482444763184
2009-04-23,381900,20.68000030517578,20.290000915527344,20.969999313354492,20.079999923706055,15.30910873413086
2009-04-22,240800,20.829999923706055,20.719999313354492,21.09000015258789,20.700000762939453,15.633553504943848
2009-04-21,282500,20.969999313354492,21.09000015258789,21.209999084472656,20.860000610351562,15.912721633911133
2009-04-20,422700,20.959999084472656,21.0,21.09000015258789,20.829999923706055,15.844819068908691
2009-04-17,439900,21.389999389648438,21.229999542236328,21.559999465942383,21.15999984741211,16.018354415893555
2009-04-16,200600,21.260000228881836,21.440000534057617,21.610000610351562,21.049999237060547,16.176801681518555
2009-04-15,339400,20.65999984741211,21.079999923706055,21.079999923706055,20.65999984741211,15.905173301696777
2009-04-14,342700,20.940000534057617,20.8700008392334,21.079999923706055,20.81999969482422,15.746729850769043
2009-04-13,269100,21.559999465942383,21.239999771118164,21.559999465942383,20.860000610351562,16.025901794433594
2009-04-09,407400,21.389999389648438,21.559999465942383,21.559999465942383,21.139999389648438,16.267343521118164
2009-04-08,405900,20.709999084472656,20.940000534057617,20.940000534057617,20.65999984741211,15.799544334411621
2009-04-07,482600,20.610000610351562,20.530000686645508,20.950000762939453,20.530000686645508,15.490194320678711
2009-04-06,464900,20.799999237060547,20.8799991607666,21.040000915527344,20.579999923706055,15.754276275634766
2009-04-03,339700,21.06999969482422,21.040000915527344,21.270000457763672,20.709999084472656,15.874993324279785
2009-04-02,302300,21.389999389648438,21.15999984741211,21.510000228881836,21.100000381469727,15.965538024902344
2009-04-01,328500,20.84000015258789,20.979999542236328,21.139999389648438,20.600000381469727,15.82972240447998
2009-03-31,236100,21.190000534057617,21.06999969482422,21.530000686645508,20.799999237060547,15.897632598876953
2009-03-30,363600,20.899999618530273,20.969999313354492,21.219999313354492,20.700000762939453,15.82218074798584
2009-03-27,274000,21.81999969482422,21.450000762939453,22.100000381469727,21.40999984741211,16.184350967407227
2009-03-26,323400,21.969999313354492,22.209999084472656,22.280000686645508,21.65999984741211,16.757780075073242
2009-03-25,423500,21.200000762939453,21.700000762939453,22.030000686645508,21.18000030517578,16.37297821044922
2009-03-24,380400,21.06999969482422,21.030000686645508,21.290000915527344,20.889999389648438,15.867450714111328
2009-03-23,506100,20.59000015258789,21.34000015258789,21.34000015258789,20.229999542236328,16.101346969604492
2009-03-20,348600,20.459999084472656,20.200000762939453,20.829999923706055,20.190000534057617,15.24120044708252
2009-03-19,279300,20.139999389648438,20.399999618530273,20.540000915527344,19.989999771118164,15.392107963562012
2009-03-18,495900,19.309999465942383,19.899999618530273,20.020000457763672,19.200000762939453,15.014848709106445
2009-03-17,412200,19.0,19.579999923706055,19.65999984741211,18.90999984741211,14.773404121398926
2009-03-16,375000,18.8799991607666,18.959999084472656,19.510000228881836,18.81999969482422,14.305603981018066
2009-03-13,324300,18.209999084472656,18.700000762939453,18.719999313354492,18.15999984741211,14.10942554473877
2009-03-12,333500,17.639999389648438,18.15999984741211,18.280000686645508,17.3700008392334,13.701992988586426
2009-03-11,300200,18.0,17.75,18.110000610351562,17.6200008392334,13.392643928527832
2009-03-10,412000,17.989999771118164,17.959999084472656,18.1299991607666,17.75,13.5510892868042
2009-03-09,950700,17.40999984741211,17.579999923706055,17.780000686645508,17.290000915527344,13.264375686645508
2009-03-06,559400,17.450000762939453,17.530000686645508,17.860000610351562,17.079999923706055,13.226648330688477
2009-03-05,651300,17.850000381469727,17.280000686645508,17.950000762939453,17.25,13.038021087646484
2009-03-04,539100,18.31999969482422,18.100000381469727,18.56999969482422,17.670000076293945,13.656722068786621
2009-03-03,530500,18.729999542236328,18.149999618530273,18.81999969482422,18.100000381469727,13.69444465637207
2009-03-02,565700,19.209999084472656,18.469999313354492,19.43000030517578,18.420000076293945,13.935894966125488
2009-02-27,1061700,20.540000915527344,19.489999771118164,20.920000076293945,19.350000381469727,14.705495834350586
2009-02-26,190900,21.479999542236328,20.90999984741211,21.600000381469727,20.8799991607666,15.776909828186035
2009-02-25,284400,21.479999542236328,21.34000015258789,21.739999771118164,21.06999969482422,16.101346969604492
2009-02-24,382700,21.469999313354492,21.59000015258789,21.760000228881836,21.040000915527344,16.289974212646484
2009-02-23,262200,21.600000381469727,21.170000076293945,21.829999923706055,21.040000915527344,15.973084449768066
2009-02-20,373700,22.25,21.579999923706055,22.43000030517578,21.209999084472656,16.282440185546875
2009-02-19,176900,22.780000686645508,22.56999969482422,22.989999771118164,22.510000228881836,17.02940559387207
2009-02-18,257000,23.520000457763672,22.75,23.56999969482422,22.6299991607666,17.16521453857422
2009-02-17,246300,23.75,23.3700008392334,24.030000686645508,23.3700008392334,17.63301658630371
2009-02-13,203400,24.489999771118164,24.209999084472656,24.610000610351562,24.049999237060547,18.266809463500977
2009-02-12,244500,24.100000381469727,24.389999389648438,24.459999084472656,23.75,18.402624130249023
2009-02-11,151700,24.989999771118164,24.59000015258789,24.989999771118164,24.43000030517578,18.553525924682617
2009-02-10,361200,25.709999084472656,24.8799991607666,25.860000610351562,24.739999771118164,18.60256576538086
2009-02-09,203400,26.049999237060547,25.770000457763672,26.170000076293945,25.520000457763672,19.26801109313965
2009-02-06,180300,25.81999969482422,26.219999313354492,26.3799991607666,25.510000228881836,19.604475021362305
2009-02-05,250500,25.360000610351562,25.899999618530273,26.149999618530273,25.25,19.36520767211914
2009-02-04,292200,25.270000457763672,25.489999771118164,25.8799991607666,25.149999618530273,19.058664321899414
2009-02-03,394500,25.889999389648438,25.299999237060547,26.0,25.09000015258789,18.91659927368164
2009-02-02,381800,25.489999771118164,25.790000915527344,25.969999313354492,25.34000015258789,19.28297233581543
2009-01-30,284000,26.010000228881836,25.760000228881836,26.360000610351562,25.610000610351562,19.260540008544922
2009-01-29,198400,25.459999084472656,25.799999237060547,26.200000762939453,25.40999984741211,19.290449142456055
2009-01-28,192400,25.93000030517578,25.8700008392334,26.06999969482422,25.510000228881836,19.342788696289062
2009-01-27,239600,25.469999313354492,25.420000076293945,25.639999389648438,24.889999389648438,19.006324768066406
2009-01-26,290500,24.799999237060547,25.200000762939453,25.420000076293945,24.469999313354492,18.841833114624023
2009-01-23,166900,24.149999618530273,24.709999084472656,24.84000015258789,24.09000015258789,18.475465774536133
2009-01-22,203500,24.399999618530273,24.639999389648438,24.850000381469727,23.969999313354492,18.423124313354492
2009-01-21,224100,24.760000228881836,24.850000381469727,24.93000030517578,24.010000228881836,18.580137252807617
2009-01-20,308300,24.790000915527344,24.459999084472656,25.170000076293945,24.389999389648438,18.288543701171875
2009-01-16,304400,25.010000228881836,25.09000015258789,25.329999923706055,24.579999923706055,18.759586334228516
2009-01-15,269800,24.579999923706055,24.790000915527344,24.979999542236328,24.030000686645508,18.535276412963867
2009-01-14,242100,24.309999465942383,24.479999542236328,24.829999923706055,24.149999618530273,18.303495407104492
2009-01-13,212500,24.68000030517578,24.84000015258789,24.90999984741211,24.450000762939453,18.572664260864258
2009-01-12,289600,24.610000610351562,24.649999618530273,24.809999465942383,24.31999969482422,18.43059539794922
2009-01-09,318100,24.959999084472656,24.65999984741211,24.969999313354492,24.31999969482422,18.438079833984375
2009-01-08,203700,24.770000457763672,25.190000534057617,25.299999237060547,24.670000076293945,18.8343563079834
2009-01-07,245400,25.15999984741211,24.8799991607666,25.239999771118164,24.56999969482422,18.60256576538086
2009-01-06,288200,25.5,25.540000915527344,25.8799991607666,25.309999465942383,19.096050262451172
2009-01-05,233200,25.3799991607666,25.350000381469727,25.549999237060547,24.950000762939453,18.953981399536133
2009-01-02,178100,25.149999618530273,25.299999237060547,25.479999542236328,24.989999771118164,18.91659927368164
2008-12-31,364500,25.010000228881836,25.219999313354492,25.239999771118164,24.75,18.85677719116211
2008-12-30,248800,24.639999389648438,24.860000610351562,24.860000610351562,24.479999542236328,18.587614059448242
2008-12-29,230000,24.65999984741211,24.299999237060547,24.719999313354492,24.030000686645508,18.168903350830078
2008-12-26,130700,24.440000534057617,24.760000228881836,24.799999237060547,24.350000381469727,18.512847900390625
2008-12-24,115500,24.010000228881836,24.329999923706055,24.5,24.010000228881836,18.191335678100586
2008-12-23,245800,24.93000030517578,24.280000686645508,25.139999389648438,24.100000381469727,18.153953552246094
2008-12-22,284700,24.639999389648438,24.75,24.760000228881836,24.139999389648438,18.5053653717041
2008-12-19,609000,24.420000076293945,24.610000610351562,25.389999389648438,24.290000915527344,18.400693893432617
2008-12-18,185300,24.219999313354492,24.15999984741211,24.8700008392334,23.90999984741211,18.064224243164062
2008-12-17,261000,24.260000228881836,24.309999465942383,24.690000534057617,23.989999771118164,18.176382064819336
2008-12-16,412700,23.940000534057617,24.5,24.579999923706055,23.559999465942383,18.318445205688477
2008-12-15,250700,24.239999771118164,23.600000381469727,24.469999313354492,23.170000076293945,17.645523071289062
2008-12-12,377000,22.860000610351562,24.190000534057617,24.239999771118164,22.739999771118164,18.086666107177734
2008-12-11,387000,23.579999923706055,23.31999969482422,24.139999389648438,22.950000762939453,17.43617057800293
2008-12-10,324200,24.079999923706055,23.770000457763672,24.309999465942383,23.43000030517578,17.772626876831055
2008-12-09,343600,24.239999771118164,23.739999771118164,25.06999969482422,23.59000015258789,17.75019645690918
2008-12-08,426900,24.950000762939453,24.520000457763672,25.600000381469727,24.190000534057617,18.333404541015625
2008-12-05,451300,24.020000457763672,24.8799991607666,24.940000534057617,23.520000457763672,18.60256576538086
2008-12-04,464300,24.780000686645508,24.5,25.170000076293945,23.860000610351562,18.318445205688477
2008-12-03,403400,24.3700008392334,25.040000915527344,25.479999542236328,23.600000381469727,18.722200393676758
2008-12-02,498800,24.579999923706055,24.790000915527344,25.079999923706055,23.729999542236328,18.535276412963867
2008-12-01,374100,24.709999084472656,24.079999923706055,25.799999237060547,23.989999771118164,18.004413604736328
2008-11-28,104000,25.100000381469727,25.899999618530273,25.899999618530273,25.040000915527344,19.36520767211914
2008-11-26,307000,24.239999771118164,25.530000686645508,25.56999969482422,24.09000015258789,19.088565826416016
2008-11-25,315000,24.68000030517578,24.989999771118164,24.989999771118164,23.84000015258789,18.684818267822266
2008-11-24,319600,24.389999389648438,24.459999084472656,24.969999313354492,23.200000762939453,18.288543701171875
2008-11-21,645800,22.700000762939453,23.739999771118164,23.829999923706055,21.110000610351562,17.75019645690918
2008-11-20,518000,23.600000381469727,22.290000915527344,24.309999465942383,22.020000457763672,16.666044235229492
2008-11-19,246900,24.450000762939453,23.84000015258789,25.459999084472656,23.790000915527344,17.824966430664062
2008-11-18,419700,24.709999084472656,24.530000686645508,25.1200008392334,23.40999984741211,18.340879440307617
2008-11-17,329600,24.139999389648438,24.68000030517578,25.239999771118164,23.969999313354492,18.453027725219727
2008-11-14,251300,25.40999984741211,24.309999465942383,25.920000076293945,24.170000076293945,18.176382064819336
2008-11-13,482600,23.920000076293945,25.90999984741211,25.90999984741211,23.299999237060547,19.372690200805664
2008-11-12,378700,24.670000076293945,23.809999465942383,24.719999313354492,23.770000457763672,17.634305953979492
2008-11-11,311000,25.1200008392334,25.030000686645508,25.8700008392334,24.899999618530273,18.537874221801758
2008-11-10,259800,26.34000015258789,25.3799991607666,26.790000915527344,25.0,18.797088623046875
2008-11-07,258000,25.31999969482422,25.889999389648438,26.170000076293945,25.100000381469727,19.174808502197266
2008-11-06,286900,25.399999618530273,25.100000381469727,25.770000457763672,24.690000534057617,18.589717864990234
2008-11-05,368400,25.739999771118164,25.40999984741211,26.399999618530273,25.290000915527344,18.81930923461914
2008-11-04,406600,26.65999984741211,26.079999923706055,26.84000015258789,25.489999771118164,19.315528869628906
2008-11-03,308900,25.979999542236328,26.09000015258789,26.389999389648438,25.809999465942383,19.32292938232422
2008-10-31,506400,25.579999923706055,26.1200008392334,26.399999618530273,25.010000228881836,19.345149993896484
2008-10-30,481900,25.989999771118164,25.75,26.020000457763672,24.90999984741211,19.071123123168945
2008-10-29,363200,25.65999984741211,25.520000457763672,26.309999465942383,24.959999084472656,18.90077781677246
2008-10-28,374300,23.239999771118164,25.309999465942383,25.3700008392334,22.850000381469727,18.745250701904297
2008-10-27,291000,23.75,22.780000686645508,24.1299991607666,22.780000686645508,16.8714599609375
2008-10-24,285000,23.290000915527344,24.190000534057617,24.809999465942383,23.290000915527344,17.915746688842773
2008-10-23,297200,24.770000457763672,25.239999771118164,25.670000076293945,23.56999969482422,18.693403244018555
2008-10-22,209400,24.75,24.59000015258789,25.299999237060547,23.899999618530273,18.211999893188477
2008-10-21,298900,26.170000076293945,25.299999237060547,26.260000228881836,25.190000534057617,18.737836837768555
2008-10-20,291000,24.8700008392334,26.469999313354492,26.469999313354492,24.260000228881836,19.604372024536133
2008-10-17,433700,24.709999084472656,24.600000381469727,25.760000228881836,23.899999618530273,18.219404220581055
2008-10-16,468800,23.690000534057617,24.989999771118164,25.100000381469727,22.6200008392334,18.508249282836914
2008-10-15,700700,25.84000015258789,23.68000030517578,26.170000076293945,23.65999984741211,17.53801918029785
2008-10-14,283900,27.520000457763672,26.68000030517578,27.799999237060547,25.3799991607666,19.759902954101562
2008-10-13,209500,23.920000076293945,26.729999542236328,26.729999542236328,23.920000076293945,19.79693603515625
2008-10-10,905400,23.93000030517578,23.600000381469727,24.43000030517578,21.459999084472656,17.47877311706543
2008-10-09,445400,27.100000381469727,24.40999984741211,27.219999313354492,24.40999984741211,18.078685760498047
2008-10-08,534400,26.940000534057617,26.81999969482422,27.809999465942383,26.049999237060547,19.86359405517578
2008-10-07,356600,29.399999618530273,27.68000030517578,29.420000076293945,27.65999984741211,20.500530242919922
2008-10-06,381600,28.93000030517578,29.010000228881836,29.489999771118164,27.59000015258789,21.485559463500977
2008-10-03,312100,30.020000457763672,29.520000457763672,30.780000686645508,29.420000076293945,21.863285064697266
2008-10-02,278300,30.420000076293945,29.739999771118164,30.5,29.739999771118164,22.026216506958008
2008-10-01,307600,30.020000457763672,30.56999969482422,30.700000762939453,29.729999542236328,22.640941619873047
2008-09-30,347700,29.84000015258789,30.260000228881836,30.459999084472656,28.770000457763672,22.41135025024414
2008-09-29,309300,30.600000381469727,29.6299991607666,30.959999084472656,29.600000381469727,21.944753646850586
2008-09-26,156200,30.40999984741211,31.260000228881836,31.3700008392334,30.299999237060547,23.151973724365234
2008-09-25,253200,30.459999084472656,30.959999084472656,31.459999084472656,30.3700008392334,22.929786682128906
2008-09-24,131800,31.040000915527344,30.540000915527344,31.049999237060547,30.309999465942383,22.618717193603516
2008-09-23,174700,30.940000534057617,30.940000534057617,31.239999771118164,30.729999542236328,22.914974212646484
2008-09-22,208000,32.119998931884766,31.0,32.119998931884766,30.829999923706055,22.959409713745117
2008-09-19,844600,32.0,31.899999618530273,33.290000915527344,31.299999237060547,23.62596893310547
2008-09-18,409700,29.65999984741211,31.020000457763672,31.209999084472656,29.420000076293945,22.974225997924805
2008-09-17,296600,31.389999389648438,29.3799991607666,31.389999389648438,29.3799991607666,21.75959587097168
2008-09-16,371600,30.059999465942383,30.84000015258789,31.0,29.5,22.840909957885742
2008-09-15,154700,30.229999542236328,30.1200008392334,30.8700008392334,30.059999465942383,22.307655334472656
2008-09-12,245300,30.739999771118164,30.8700008392334,31.110000610351562,30.56999969482422,22.863128662109375
2008-09-11,287600,30.81999969482422,30.860000610351562,31.0,30.020000457763672,22.85572052001953
2008-09-10,349000,30.299999237060547,30.809999465942383,31.040000915527344,30.290000915527344,22.81868553161621
2008-09-09,402800,29.920000076293945,30.139999389648438,30.510000228881836,29.829999923706055,22.322471618652344
2008-09-08,334200,29.010000228881836,29.899999618530273,30.0,28.899999618530273,22.14471435546875
2008-09-05,146800,29.229999542236328,28.760000228881836,29.25,28.270000457763672,21.3004093170166
2008-09-04,219000,29.739999771118164,29.149999618530273,29.790000915527344,28.950000762939453,21.589250564575195
2008-09-03,267800,30.110000610351562,29.780000686645508,30.190000534057617,29.6299991607666,22.055849075317383
2008-09-02,182400,30.600000381469727,30.18000030517578,30.850000381469727,29.489999771118164,22.352094650268555
2008-08-29,141600,30.40999984741211,30.350000381469727,30.5,30.209999084472656,22.478004455566406
2008-08-28,205300,30.350000381469727,30.489999771118164,30.649999618530273,30.200000762939453,22.581693649291992
2008-08-27,239000,29.68000030517578,30.350000381469727,30.690000534057617,29.510000228881836,22.478004455566406
2008-08-26,171800,29.56999969482422,29.700000762939453,29.959999084472656,29.450000762939453,21.99659538269043
2008-08-25,140900,29.760000228881836,29.56999969482422,29.799999237060547,29.290000915527344,21.900306701660156
2008-08-22,120800,29.709999084472656,29.770000457763672,29.920000076293945,29.510000228881836,22.04844093322754
2008-08-21,132300,29.6200008392334,29.600000381469727,29.889999389648438,29.3700008392334,21.92253303527832
2008-08-20,119300,29.56999969482422,29.760000228881836,29.8700008392334,29.399999618530273,22.041032791137695
2008-08-19,104500,29.229999542236328,29.6299991607666,29.780000686645508,29.229999542236328,21.944753646850586
2008-08-18,144300,29.600000381469727,29.469999313354492,29.84000015258789,29.280000686645508,21.826244354248047
2008-08-15,205200,29.479999542236328,29.520000457763672,29.940000534057617,29.09000015258789,21.863285064697266
2008-08-14,204900,29.299999237060547,29.479999542236328,29.75,29.110000610351562,21.83365821838379
2008-08-13,176600,29.360000610351562,29.5,29.700000762939453,29.229999542236328,21.848474502563477
2008-08-12,209500,29.3700008392334,29.459999084472656,29.600000381469727,29.1299991607666,21.652204513549805
2008-08-11,330300,28.190000534057617,29.450000762939453,29.479999542236328,28.06999969482422,21.644853591918945
2008-08-08,202700,27.670000076293945,28.25,28.420000076293945,27.559999465942383,20.762889862060547
2008-08-07,270800,28.350000381469727,27.670000076293945,28.399999618530273,27.6299991607666,20.336606979370117
2008-08-06,267600,28.43000030517578,28.59000015258789,28.90999984741211,28.31999969482422,21.012786865234375
2008-08-05,221100,28.600000381469727,28.739999771118164,28.8700008392334,28.270000457763672,21.12302589416504
2008-08-04,98900,28.360000610351562,28.34000015258789,28.600000381469727,28.100000381469727,20.829038619995117
2008-08-01,188400,28.920000076293945,28.43000030517578,29.040000915527344,28.299999237060547,20.895179748535156
2008-07-31,184700,28.84000015258789,28.899999618530273,29.219999313354492,28.59000015258789,21.240617752075195
2008-07-30,177000,28.520000457763672,29.1200008392334,29.139999389648438,28.31999969482422,21.402313232421875
2008-07-29,247100,28.31999969482422,28.600000381469727,28.920000076293945,28.31999969482422,21.020132064819336
2008-07-28,155600,27.959999084472656,28.149999618530273,28.299999237060547,27.950000762939453,20.689390182495117
2008-07-25,198400,28.809999465942383,28.209999084472656,28.809999465942383,28.200000762939453,20.73348617553711
2008-07-24,144100,28.350000381469727,28.510000228881836,28.790000915527344,28.190000534057617,20.953977584838867
2008-07-23,183500,28.200000762939453,28.31999969482422,28.59000015258789,28.079999923706055,20.81433868408203
2008-07-22,277400,27.8700008392334,28.25,28.469999313354492,27.799999237060547,20.762889862060547
2008-07-21,219500,27.889999389648438,27.959999084472656,28.059999465942383,27.6299991607666,20.54974937438965
2008-07-18,266200,28.229999542236328,27.84000015258789,28.450000762939453,27.709999084472656,20.461551666259766
2008-07-17,271100,29.030000686645508,28.190000534057617,29.030000686645508,27.959999084472656,20.718795776367188
2008-07-16,136300,29.1200008392334,28.950000762939453,29.280000686645508,28.700000762939453,21.277374267578125
2008-07-15,165600,28.93000030517578,29.09000015258789,29.520000457763672,28.899999618530273,21.380260467529297
2008-07-14,146400,29.809999465942383,29.190000534057617,29.81999969482422,29.040000915527344,21.453763961791992
2008-07-11,225000,29.280000686645508,29.6200008392334,29.709999084472656,29.100000381469727,21.76979637145996
2008-07-10,167900,29.280000686645508,29.479999542236328,29.75,29.280000686645508,21.666898727416992
2008-07-09,204700,29.239999771118164,29.360000610351562,29.540000915527344,29.209999084472656,21.578699111938477
2008-07-08,253300,28.670000076293945,29.170000076293945,29.329999923706055,28.489999771118164,21.439062118530273
2008-07-07,176400,29.40999984741211,28.579999923706055,29.40999984741211,28.290000915527344,21.005430221557617
2008-07-03,138900,29.760000228881836,29.25,29.8799991607666,29.040000915527344,21.497859954833984
2008-07-02,232000,29.75,29.56999969482422,29.809999465942383,29.34000015258789,21.73304557800293
2008-07-01,242400,29.469999313354492,29.790000915527344,30.06999969482422,29.270000457763672,21.894746780395508
2008-06-30,239000,29.190000534057617,29.729999542236328,30.059999465942383,28.979999542236328,21.85064697265625
2008-06-27,436000,29.90999984741211,29.190000534057617,30.040000915527344,29.190000534057617,21.453763961791992
2008-06-26,224300,30.200000762939453,29.940000534057617,30.610000610351562,29.84000015258789,22.004987716674805
2008-06-25,200500,30.09000015258789,30.5,30.65999984741211,30.09000015258789,22.41657257080078
2008-06-24,238600,30.520000457763672,30.06999969482422,30.520000457763672,29.889999389648438,22.10053062438965
2008-06-23,115100,30.639999389648438,30.770000457763672,31.170000076293945,30.610000610351562,22.615018844604492
2008-06-20,406500,30.860000610351562,30.510000228881836,31.100000381469727,30.25,22.423919677734375
2008-06-19,129100,30.799999237060547,30.950000762939453,31.219999313354492,30.690000534057617,22.747310638427734
2008-06-18,264200,30.34000015258789,30.84000015258789,30.90999984741211,30.219999313354492,22.666461944580078
2008-06-17,112100,30.40999984741211,30.3700008392334,30.639999389648438,30.170000076293945,22.321025848388672
2008-06-16,103600,30.030000686645508,30.3799991607666,30.40999984741211,30.030000686645508,22.3283748626709
2008-06-13,135200,30.389999389648438,30.200000762939453,30.5,29.850000381469727,22.196081161499023
2008-06-12,145800,30.0,30.100000381469727,30.280000686645508,29.93000030517578,22.122587203979492
2008-06-11,155300,30.229999542236328,29.81999969482422,30.389999389648438,29.81999969482422,21.916790008544922
2008-06-10,159500,30.079999923706055,30.3700008392334,30.469999313354492,29.969999313354492,22.321025848388672
2008-06-09,155700,30.229999542236328,30.260000228881836,30.399999618530273,30.030000686645508,22.24018096923828
2008-06-06,218700,30.690000534057617,30.219999313354492,30.780000686645508,30.219999313354492,22.21077537536621
2008-06-05,232300,30.700000762939453,30.950000762939453,30.950000762939453,30.540000915527344,22.747310638427734
2008-06-04,287800,30.459999084472656,30.719999313354492,30.719999313354492,30.309999465942383,22.578262329101562
2008-06-03,276100,31.229999542236328,30.579999923706055,31.229999542236328,30.309999465942383,22.475372314453125
2008-06-02,164500,31.149999618530273,31.09000015258789,31.350000381469727,30.770000457763672,22.850200653076172
2008-05-30,194400,31.25,31.18000030517578,31.329999923706055,30.920000076293945,22.916351318359375
2008-05-29,208700,31.010000228881836,31.25,31.739999771118164,31.010000228881836,22.96780014038086
2008-05-28,122600,31.3799991607666,31.079999923706055,31.420000076293945,30.959999084472656,22.84285545349121
2008-05-27,170900,30.989999771118164,31.25,31.549999237060547,30.989999771118164,22.96780014038086
2008-05-23,175600,31.100000381469727,30.899999618530273,31.209999084472656,30.81999969482422,22.710556030273438
2008-05-22,184300,31.139999389648438,31.139999389648438,31.43000030517578,31.059999465942383,22.886953353881836
2008-05-21,194000,30.760000228881836,31.059999465942383,31.3799991607666,30.760000228881836,22.82815933227539
2008-05-20,154300,30.959999084472656,30.920000076293945,31.239999771118164,30.690000534057617,22.725257873535156
2008-05-19,238500,30.989999771118164,31.049999237060547,31.25,30.760000228881836,22.820802688598633
2008-05-16,356000,31.18000030517578,30.940000534057617,31.459999084472656,30.799999237060547,22.739957809448242
2008-05-15,349500,30.760000228881836,30.950000762939453,31.049999237060547,30.700000762939453,22.747310638427734
2008-05-14,198700,30.639999389648438,30.799999237060547,31.040000915527344,30.639999389648438,22.637060165405273
2008-05-13,322900,30.149999618530273,30.700000762939453,30.979999542236328,30.010000228881836,22.56356430053711
2008-05-12,324400,29.700000762939453,30.18000030517578,30.3799991607666,29.489999771118164,22.016010284423828
2008-05-09,227600,28.920000076293945,29.709999084472656,29.959999084472656,28.920000076293945,21.67314910888672
2008-05-08,366300,28.979999542236328,29.3799991607666,29.729999542236328,28.899999618530273,21.43242073059082
2008-05-07,246900,29.579999923706055,28.969999313354492,29.59000015258789,28.940000534057617,21.13332748413086
2008-05-06,161700,29.309999465942383,29.540000915527344,29.68000030517578,28.899999618530273,21.54913902282715
2008-05-05,533400,30.6200008392334,29.299999237060547,30.719999313354492,29.110000610351562,21.374059677124023
2008-05-02,346100,30.600000381469727,30.549999237060547,31.290000915527344,30.329999923706055,22.285924911499023
2008-05-01,331600,28.90999984741211,30.43000030517578,30.469999313354492,28.90999984741211,22.198381423950195
2008-04-30,154100,29.09000015258789,28.8700008392334,29.3700008392334,28.719999313354492,21.060382843017578
2008-04-29,147000,29.3700008392334,29.059999465942383,29.450000762939453,29.020000457763672,21.198984146118164
2008-04-28,168800,29.530000686645508,29.43000030517578,29.84000015258789,29.25,21.468894958496094
2008-04-25,270000,29.540000915527344,29.6299991607666,29.739999771118164,29.170000076293945,21.614795684814453
2008-04-24,267800,28.940000534057617,29.299999237060547,29.770000457763672,28.549999237060547,21.374059677124023
2008-04-23,221800,28.90999984741211,28.899999618530273,29.270000457763672,28.56999969482422,21.082263946533203
2008-04-22,305600,28.979999542236328,28.799999237060547,29.100000381469727,28.389999389648438,21.009323120117188
2008-04-21,218500,29.780000686645508,29.1299991607666,29.780000686645508,28.899999618530273,21.250045776367188
2008-04-18,219500,29.75,29.709999084472656,30.049999237060547,29.479999542236328,21.67314910888672
2008-04-17,129500,29.90999984741211,29.520000457763672,29.90999984741211,29.299999237060547,21.534549713134766
2008-04-16,189700,29.1200008392334,29.969999313354492,29.989999771118164,29.059999465942383,21.862821578979492
2008-04-15,159300,28.3700008392334,28.860000610351562,29.040000915527344,28.31999969482422,21.053085327148438
2008-04-14,109700,28.030000686645508,28.200000762939453,28.350000381469727,27.93000030517578,20.57162094116211
2008-04-11,113900,28.40999984741211,28.09000015258789,28.530000686645508,28.059999465942383,20.491382598876953
2008-04-10,194000,28.479999542236328,28.729999542236328,28.899999618530273,28.299999237060547,20.958253860473633
2008-04-09,217300,29.1299991607666,28.489999771118164,29.350000381469727,28.3700008392334,20.78317642211914
2008-04-08,222300,28.239999771118164,29.020000457763672,29.040000915527344,28.18000030517578,21.169801712036133
2008-04-07,121900,28.200000762939453,28.530000686645508,28.8799991607666,27.969999313354492,20.812353134155273
2008-04-04,196300,28.459999084472656,27.979999542236328,28.56999969482422,27.899999618530273,20.4111328125
2008-04-03,167500,28.5,28.420000076293945,28.780000686645508,28.229999542236328,20.73211097717285
2008-04-02,165100,28.780000686645508,28.649999618530273,28.8799991607666,28.420000076293945,20.89989471435547
2008-04-01,218600,28.18000030517578,28.6299991607666,28.6299991607666,28.020000457763672,20.88530158996582
2008-03-31,365900,27.360000610351562,27.959999084472656,28.260000228881836,27.1200008392334,20.396547317504883
2008-03-28,214600,27.520000457763672,27.3700008392334,27.950000762939453,27.290000915527344,19.966142654418945
2008-03-27,244800,27.469999313354492,27.530000686645508,28.18000030517578,27.18000030517578,20.082868576049805
2008-03-26,289800,27.6200008392334,27.350000381469727,27.809999465942383,27.219999313354492,19.951555252075195
2008-03-25,222900,27.770000457763672,27.760000228881836,28.1200008392334,27.6299991607666,20.250640869140625
2008-03-24,251900,27.850000381469727,27.700000762939453,28.149999618530273,27.59000015258789,20.20687484741211
2008-03-20,662100,27.139999389648438,27.729999542236328,28.040000915527344,27.139999389648438,20.228759765625
2008-03-19,229000,27.93000030517578,27.1299991607666,28.350000381469727,27.1299991607666,19.791067123413086
2008-03-18,383800,28.100000381469727,27.780000686645508,28.100000381469727,27.049999237060547,20.26523208618164
2008-03-17,304500,26.68000030517578,27.510000228881836,27.889999389648438,26.68000030517578,20.068273544311523
2008-03-14,487200,27.809999465942383,27.389999389648438,27.899999618530273,26.889999389648438,19.98073959350586
2008-03-13,584300,26.329999923706055,27.6200008392334,27.649999618530273,26.329999923706055,20.148521423339844
2008-03-12,284200,27.190000534057617,26.6200008392334,27.299999237060547,26.6200008392334,19.41902732849121
2008-03-11,529600,27.170000076293945,27.190000534057617,27.360000610351562,26.5,19.8348388671875
2008-03-10,426200,26.520000457763672,26.56999969482422,27.059999465942383,26.350000381469727,19.382551193237305
2008-03-07,685900,26.059999465942383,26.479999542236328,26.65999984741211,25.829999923706055,19.316896438598633
2008-03-06,358900,25.68000030517578,25.190000534057617,25.889999389648438,25.139999389648438,18.3758602142334
2008-03-05,454300,25.90999984741211,25.889999389648438,26.059999465942383,25.489999771118164,18.886497497558594
2008-03-04,559900,25.610000610351562,25.8700008392334,26.030000686645508,25.229999542236328,18.871915817260742
2008-03-03,463200,25.649999618530273,25.829999923706055,25.93000030517578,25.479999542236328,18.842729568481445
2008-02-29,477100,26.690000534057617,25.59000015258789,26.690000534057617,25.479999542236328,18.667652130126953
2008-02-28,288900,26.270000457763672,26.649999618530273,27.350000381469727,26.270000457763672,19.4409122467041
2008-02-27,317500,27.260000228881836,27.360000610351562,27.709999084472656,27.260000228881836,19.958850860595703
2008-02-26,320600,26.780000686645508,27.40999984741211,27.59000015258789,26.75,19.995323181152344
2008-02-25,245400,26.920000076293945,26.790000915527344,27.149999618530273,26.6200008392334,19.54304313659668
2008-02-22,246800,26.979999542236328,26.969999313354492,27.09000015258789,26.5,19.67435073852539
2008-02-21,282100,28.06999969482422,26.969999313354492,28.18000030517578,26.899999618530273,19.67435073852539
2008-02-20,259600,27.399999618530273,27.850000381469727,27.950000762939453,27.399999618530273,20.316299438476562
2008-02-19,198500,28.309999465942383,27.799999237060547,28.40999984741211,27.739999771118164,20.279827117919922
2008-02-15,158400,28.079999923706055,27.989999771118164,28.1200008392334,27.709999084472656,20.418426513671875
2008-02-14,133400,28.8700008392334,28.25,28.950000762939453,28.059999465942383,20.60809326171875
2008-02-13,156200,28.6200008392334,28.860000610351562,29.0,28.56999969482422,21.053085327148438
2008-02-12,183500,28.469999313354492,28.670000076293945,29.040000915527344,28.329999923706055,20.757638931274414
2008-02-11,198300,28.530000686645508,28.3799991607666,28.56999969482422,28.18000030517578,20.547670364379883
2008-02-08,229300,28.6200008392334,28.510000228881836,28.979999542236328,28.389999389648438,20.64179801940918
2008-02-07,228400,28.280000686645508,28.75,28.760000228881836,28.100000381469727,20.81556510925293
2008-02-06,255700,28.770000457763672,28.5,29.010000228881836,28.299999237060547,20.63456153869629
2008-02-05,311100,29.389999389648438,28.489999771118164,29.530000686645508,28.459999084472656,20.627321243286133
2008-02-04,271300,29.200000762939453,29.8700008392334,29.959999084472656,28.899999618530273,21.6264705657959
2008-02-01,231000,28.610000610351562,29.25,29.31999969482422,28.530000686645508,21.177579879760742
2008-01-31,289600,27.760000228881836,28.549999237060547,28.8799991607666,27.68000030517578,20.670757293701172
2008-01-30,210400,28.280000686645508,28.139999389648438,29.010000228881836,28.139999389648438,20.373910903930664
2008-01-29,135900,28.290000915527344,28.360000610351562,28.579999923706055,28.200000762939453,20.53319549560547
2008-01-28,198400,27.799999237060547,28.170000076293945,28.299999237060547,27.6299991607666,20.395631790161133
2008-01-25,349400,27.799999237060547,27.75,28.8799991607666,27.540000915527344,20.09153938293457
2008-01-24,450900,28.260000228881836,27.56999969482422,28.260000228881836,27.139999389648438,19.961217880249023
2008-01-23,403600,26.709999084472656,28.139999389648438,28.15999984741211,26.540000915527344,20.373910903930664
2008-01-22,360500,26.700000762939453,27.25,27.850000381469727,26.299999237060547,19.729534149169922
2008-01-18,468100,28.610000610351562,27.59000015258789,28.610000610351562,27.25,19.975698471069336
2008-01-17,298900,29.290000915527344,28.229999542236328,29.459999084472656,28.190000534057617,20.43907928466797
2008-01-16,292700,28.889999389648438,29.290000915527344,29.75,28.8799991607666,21.20653533935547
2008-01-15,338400,29.350000381469727,29.040000915527344,29.389999389648438,28.790000915527344,21.025527954101562
2008-01-14,170800,29.829999923706055,29.670000076293945,29.889999389648438,29.420000076293945,21.48166275024414
2008-01-11,277300,30.040000915527344,29.59000015258789,30.200000762939453,29.559999465942383,21.423734664916992
2008-01-10,336000,29.549999237060547,30.299999237060547,30.479999542236328,29.549999237060547,21.93779182434082
2008-01-09,248300,29.290000915527344,29.84000015258789,29.850000381469727,28.93000030517578,21.60474967956543
2008-01-08,401600,29.719999313354492,29.40999984741211,29.8799991607666,29.360000610351562,21.293420791625977
2008-01-07,271800,29.1299991607666,29.59000015258789,29.90999984741211,28.959999084472656,21.423734664916992
2008-01-04,304000,28.739999771118164,28.860000610351562,28.969999313354492,28.510000228881836,20.89520835876465
2008-01-03,169100,29.65999984741211,29.06999969482422,29.799999237060547,29.06999969482422,21.047250747680664
2008-01-02,223700,29.600000381469727,29.6299991607666,29.899999618530273,29.139999389648438,21.45269775390625
2007-12-31,203700,29.719999313354492,29.770000457763672,29.989999771118164,29.079999923706055,21.554067611694336
2007-12-28,102800,29.760000228881836,29.719999313354492,30.06999969482422,29.6200008392334,21.51786231994629
2007-12-27,121500,30.59000015258789,29.65999984741211,30.709999084472656,29.610000610351562,21.47442054748535
2007-12-26,117400,30.700000762939453,30.600000381469727,30.780000686645508,30.469999313354492,22.155000686645508
2007-12-24,68500,30.350000381469727,30.75,30.790000915527344,30.170000076293945,22.263601303100586
2007-12-21,523500,30.540000915527344,30.549999237060547,30.549999237060547,29.959999084472656,22.118797302246094
2007-12-20,183300,30.329999923706055,30.010000228881836,30.690000534057617,29.43000030517578,21.727828979492188
2007-12-19,219300,29.3799991607666,30.079999923706055,30.239999771118164,29.3799991607666,21.77851104736328
2007-12-18,177300,29.1299991607666,29.530000686645508,29.530000686645508,28.8799991607666,21.380298614501953
2007-12-17,132800,29.09000015258789,28.8799991607666,29.219999313354492,28.84000015258789,20.90968894958496
2007-12-14,144600,29.600000381469727,29.209999084472656,29.719999313354492,29.15999984741211,21.148611068725586
2007-12-13,139100,29.610000610351562,29.93000030517578,29.989999771118164,29.450000762939453,21.669904708862305
2007-12-12,160600,30.170000076293945,29.899999618530273,30.5,29.420000076293945,21.64818572998047
2007-12-11,188700,30.399999618530273,29.59000015258789,30.579999923706055,29.530000686645508,21.423734664916992
2007-12-10,120300,30.489999771118164,30.219999313354492,30.510000228881836,30.020000457763672,21.879871368408203
2007-12-07,152200,30.8799991607666,30.420000076293945,30.969999313354492,30.1200008392334,22.024673461914062
2007-12-06,182300,30.420000076293945,30.850000381469727,30.860000610351562,30.18000030517578,22.33600425720215
2007-12-05,290100,30.049999237060547,30.530000686645508,30.700000762939453,30.049999237060547,22.104320526123047
2007-12-04,253600,29.0,29.65999984741211,30.010000228881836,29.0,21.47442054748535
2007-12-03,233500,29.020000457763672,29.329999923706055,29.450000762939453,28.6200008392334,21.235488891601562
2007-11-30,212200,29.100000381469727,28.920000076293945,29.260000228881836,28.739999771118164,20.938648223876953
2007-11-29,300500,29.049999237060547,28.75,29.09000015258789,28.559999465942383,20.81556510925293
2007-11-28,174700,28.90999984741211,29.049999237060547,29.049999237060547,28.719999313354492,21.032766342163086
2007-11-27,277300,28.350000381469727,28.510000228881836,28.709999084472656,28.1299991607666,20.64179801940918
2007-11-26,229900,28.979999542236328,28.34000015258789,28.979999542236328,28.25,20.51871681213379
2007-11-23,92900,28.770000457763672,29.0,29.06999969482422,28.399999618530273,20.996570587158203
2007-11-21,264300,28.610000610351562,28.5,29.010000228881836,28.3700008392334,20.63456153869629
2007-11-20,259600,28.68000030517578,28.75,28.75,28.09000015258789,20.81556510925293
2007-11-19,266000,28.6299991607666,28.75,28.860000610351562,28.260000228881836,20.81556510925293
2007-11-16,405300,28.850000381469727,28.8700008392334,28.969999313354492,28.25,20.90245246887207
2007-11-15,292700,28.229999542236328,28.790000915527344,28.950000762939453,28.15999984741211,20.844524383544922
2007-11-14,254800,28.850000381469727,28.440000534057617,29.25,28.31999969482422,20.591121673583984
2007-11-13,358600,28.549999237060547,29.040000915527344,29.09000015258789,28.329999923706055,21.025527954101562
2007-11-12,297600,28.280000686645508,28.34000015258789,29.059999465942383,28.170000076293945,20.36305046081543
2007-11-09,431300,27.610000610351562,28.260000228881836,28.40999984741211,27.479999542236328,20.30556869506836
2007-11-08,395400,26.8700008392334,27.8799991607666,27.950000762939453,26.829999923706055,20.032527923583984
2007-11-07,297900,28.579999923706055,26.610000610351562,28.579999923706055,26.610000610351562,19.12000274658203
2007-11-06,159400,28.260000228881836,28.149999618530273,28.3700008392334,27.43000030517578,20.226530075073242
2007-11-05,221000,27.81999969482422,28.059999465942383,28.440000534057617,27.809999465942383,20.161861419677734
2007-11-02,221000,28.649999618530273,28.290000915527344,28.719999313354492,27.770000457763672,20.32712745666504
2007-11-01,385100,29.399999618530273,28.43000030517578,29.520000457763672,28.299999237060547,20.427717208862305
2007-10-31,314100,29.15999984741211,29.760000228881836,29.979999542236328,28.93000030517578,21.383358001708984
2007-10-30,187900,28.770000457763672,28.93000030517578,29.040000915527344,28.520000457763672,20.786983489990234
2007-10-29,210200,28.829999923706055,28.84000015258789,29.229999542236328,28.510000228881836,20.72231101989746
2007-10-26,154700,28.3799991607666,28.790000915527344,28.799999237060547,28.059999465942383,20.68638801574707
2007-10-25,217600,28.229999542236328,28.040000915527344,28.350000381469727,27.520000457763672,20.147491455078125
2007-10-24,309400,27.920000076293945,28.170000076293945,28.3700008392334,27.700000762939453,20.240903854370117
2007-10-23,469000,28.3799991607666,28.0,28.3799991607666,27.700000762939453,20.118755340576172
2007-10-22,243200,27.40999984741211,28.100000381469727,28.3700008392334,27.290000915527344,20.19060516357422
2007-10-19,318900,28.43000030517578,27.719999313354492,28.43000030517578,27.719999313354492,19.917560577392578
2007-10-18,270200,28.200000762939453,28.479999542236328,28.700000762939453,28.149999618530273,20.463645935058594
2007-10-17,304400,28.5,28.290000915527344,28.549999237060547,27.889999389648438,20.32712745666504
2007-10-16,216100,28.989999771118164,28.229999542236328,29.149999618530273,28.229999542236328,20.28401756286621
2007-10-15,320700,29.290000915527344,29.010000228881836,29.399999618530273,28.65999984741211,20.844459533691406
2007-10-12,158200,29.0,29.329999923706055,29.459999084472656,29.0,21.074386596679688
2007-10-11,268300,29.1299991607666,29.1299991607666,29.549999237060547,28.760000228881836,20.930686950683594
2007-10-10,238200,29.329999923706055,29.09000015258789,29.43000030517578,28.950000762939453,20.901947021484375
2007-10-09,301600,29.399999618530273,29.329999923706055,29.510000228881836,28.809999465942383,21.074386596679688
2007-10-08,143800,29.790000915527344,29.309999465942383,29.81999969482422,29.25,21.06002426147461
2007-10-05,374100,29.399999618530273,29.760000228881836,29.93000030517578,28.850000381469727,21.383358001708984
2007-10-04,211100,29.5,29.079999923706055,29.6299991607666,29.0,20.894760131835938
2007-10-03,244800,28.68000030517578,29.329999923706055,29.329999923706055,28.59000015258789,21.074386596679688
2007-10-02,213100,29.200000762939453,28.799999237060547,29.270000457763672,28.639999389648438,20.693574905395508
2007-10-01,182300,28.389999389648438,29.100000381469727,29.3799991607666,28.389999389648438,20.909130096435547
2007-09-28,273900,28.75,28.290000915527344,28.93000030517578,28.170000076293945,20.32712745666504
2007-09-27,364900,29.049999237060547,28.729999542236328,29.170000076293945,28.59000015258789,20.643272399902344
2007-09-26,233500,29.0,28.950000762939453,29.389999389648438,28.90999984741211,20.80135154724121
2007-09-25,395000,29.15999984741211,28.969999313354492,29.34000015258789,28.829999923706055,20.81572151184082
2007-09-24,312000,29.510000228881836,29.219999313354492,29.56999969482422,29.040000915527344,20.99535369873047
2007-09-21,473300,30.100000381469727,29.459999084472656,30.329999923706055,29.329999923706055,21.167800903320312
2007-09-20,349800,29.969999313354492,29.829999923706055,30.209999084472656,29.3799991607666,21.433658599853516
2007-09-19,318000,30.299999237060547,30.06999969482422,30.5,29.829999923706055,21.606101989746094
2007-09-18,342400,29.059999465942383,29.93000030517578,29.950000762939453,28.950000762939453,21.505508422851562
2007-09-17,329800,29.149999618530273,28.959999084472656,29.149999618530273,28.65999984741211,20.80853271484375
2007-09-14,256700,29.020000457763672,29.239999771118164,29.270000457763672,28.799999237060547,21.009721755981445
2007-09-13,281400,29.219999313354492,29.1200008392334,29.420000076293945,29.0,20.92350196838379
2007-09-12,244500,28.889999389648438,28.989999771118164,29.239999771118164,28.790000915527344,20.830089569091797
2007-09-11,329400,28.670000076293945,28.8799991607666,28.979999542236328,28.360000610351562,20.751056671142578
2007-09-10,455900,28.6200008392334,28.579999923706055,28.850000381469727,28.3799991607666,20.53549575805664
2007-09-07,352100,28.299999237060547,28.5,28.5,28.010000228881836,20.478015899658203
2007-09-06,218400,28.780000686645508,28.770000457763672,28.860000610351562,28.34000015258789,20.672021865844727
2007-09-05,430200,29.030000686645508,28.6299991607666,29.040000915527344,28.520000457763672,20.57142448425293
2007-09-04,601500,28.940000534057617,29.110000610351562,29.479999542236328,28.31999969482422,20.916316986083984
2007-08-31,234200,29.700000762939453,29.010000228881836,29.850000381469727,28.940000534057617,20.844459533691406
2007-08-30,292700,28.799999237060547,29.239999771118164,29.600000381469727,28.709999084472656,21.009721755981445
2007-08-29,180200,28.649999618530273,29.170000076293945,29.239999771118164,28.219999313354492,20.959428787231445
2007-08-28,275800,29.110000610351562,28.389999389648438,29.399999618530273,28.270000457763672,20.398984909057617
2007-08-27,203600,29.530000686645508,29.260000228881836,29.709999084472656,29.18000030517578,21.02410125732422
2007-08-24,169000,29.440000534057617,29.610000610351562,29.610000610351562,29.040000915527344,21.275585174560547
2007-08-23,157600,29.709999084472656,29.479999542236328,29.850000381469727,29.1299991607666,21.182178497314453
2007-08-22,284900,29.899999618530273,29.510000228881836,29.899999618530273,28.90999984741211,21.203725814819336
2007-08-21,132300,29.06999969482422,29.520000457763672,29.920000076293945,29.06999969482422,21.210908889770508
2007-08-20,225200,29.229999542236328,29.260000228881836,29.280000686645508,28.329999923706055,21.02410125732422
2007-08-17,482200,30.799999237060547,29.15999984741211,30.860000610351562,29.139999389648438,20.952241897583008
2007-08-16,631700,28.770000457763672,29.06999969482422,29.360000610351562,27.920000076293945,20.887575149536133
2007-08-15,535900,28.780000686645508,28.950000762939453,29.510000228881836,28.690000534057617,20.80135154724121
2007-08-14,488200,29.639999389648438,29.030000686645508,29.780000686645508,28.8700008392334,20.85883903503418
2007-08-13,394100,30.299999237060547,29.389999389648438,30.479999542236328,29.280000686645508,21.117507934570312
2007-08-10,688400,28.020000457763672,30.360000610351562,30.940000534057617,27.81999969482422,21.65999412536621
2007-08-09,1145300,28.229999542236328,28.559999465942383,29.239999771118164,27.479999542236328,20.37580108642578
2007-08-08,909600,28.75,28.950000762939453,29.350000381469727,27.950000762939453,20.654043197631836
2007-08-07,1039200,29.700000762939453,28.469999313354492,29.799999237060547,26.450000762939453,20.31159210205078
2007-08-06,482300,30.719999313354492,30.049999237060547,30.719999313354492,28.610000610351562,21.438827514648438
2007-08-03,477300,31.309999465942383,29.850000381469727,31.649999618530273,29.719999313354492,21.296138763427734
2007-08-02,346800,31.729999542236328,31.6200008392334,31.889999389648438,31.209999084472656,22.558917999267578
2007-08-01,495300,30.989999771118164,31.479999542236328,31.84000015258789,30.799999237060547,22.459043502807617
2007-07-31,460900,31.6299991607666,31.079999923706055,32.06999969482422,31.079999923706055,22.173667907714844
2007-07-30,608500,30.399999618530273,31.329999923706055,31.68000030517578,30.0,22.35202980041504
2007-07-27,522100,29.850000381469727,29.260000228881836,30.190000534057617,28.989999771118164,20.875211715698242
2007-07-26,456900,30.450000762939453,30.149999618530273,30.899999618530273,29.610000610351562,21.510169982910156
2007-07-25,286200,30.850000381469727,31.149999618530273,31.229999542236328,30.690000534057617,22.223608016967773
2007-07-24,283300,32.04999923706055,30.729999542236328,32.25,30.6299991607666,21.923965454101562
2007-07-23,187400,32.459999084472656,32.439998626708984,32.619998931884766,32.36000061035156,23.143943786621094
2007-07-20,414700,32.369998931884766,32.43000030517578,32.849998474121094,32.349998474121094,23.13680648803711
2007-07-19,114300,32.38999938964844,32.439998626708984,32.540000915527344,32.189998626708984,23.143943786621094
2007-07-18,187300,32.0,32.29999923706055,32.31999969482422,31.75,23.0440616607666
2007-07-17,159700,32.290000915527344,31.989999771118164,32.54999923706055,31.989999771118164,22.822893142700195
2007-07-16,164100,32.650001525878906,32.27000045776367,32.88999938964844,32.18000030517578,23.022659301757812
2007-07-13,230800,32.2400016784668,32.869998931884766,33.0099983215332,32.2400016784668,23.450725555419922
2007-07-12,137000,32.34000015258789,32.369998931884766,32.5,32.16999816894531,23.09400749206543
2007-07-11,215100,32.29999923706055,32.099998474121094,32.470001220703125,31.940000534057617,22.901376724243164
2007-07-10,226300,32.689998626708984,32.20000076293945,32.790000915527344,32.16999816894531,22.972721099853516
2007-07-09,239000,32.61000061035156,32.939998626708984,33.2599983215332,32.400001525878906,23.50066566467285
2007-07-06,241200,33.099998474121094,32.5,33.099998474121094,32.45000076293945,23.186744689941406
2007-07-05,265300,33.619998931884766,33.09000015258789,33.68000030517578,32.40999984741211,23.60767936706543
2007-07-03,82500,34.11000061035156,33.65999984741211,34.11000061035156,33.43000030517578,24.01433753967285
2007-07-02,146100,33.970001220703125,34.13999938964844,34.220001220703125,33.77000045776367,24.35679054260254
2007-06-29,258500,34.38999938964844,33.810001373291016,34.77000045776367,33.7599983215332,24.121362686157227
2007-06-28,230400,34.16999816894531,34.209999084472656,34.470001220703125,33.90999984741211,24.406728744506836
2007-06-27,156900,33.220001220703125,34.099998474121094,34.18000030517578,33.099998474121094,24.328258514404297
2007-06-26,259000,33.95000076293945,33.5099983215332,34.310001373291016,33.4900016784668,23.907323837280273
2007-06-25,281900,33.95000076293945,33.7599983215332,34.220001220703125,33.36000061035156,24.085683822631836
2007-06-22,587300,34.540000915527344,34.09000015258789,34.810001373291016,33.45000076293945,24.32111358642578
2007-06-21,276000,34.47999954223633,34.66999816894531,34.9900016784668,34.220001220703125,24.73491096496582
2007-06-20,270300,35.900001525878906,34.72999954223633,35.939998626708984,34.630001068115234,24.77771759033203
2007-06-19,236700,36.029998779296875,35.95000076293945,36.13999938964844,35.689998626708984,25.64810562133789
2007-06-18,131500,36.77000045776367,36.220001220703125,36.91999816894531,36.11000061035156,25.840742111206055
2007-06-15,601600,36.130001068115234,36.779998779296875,38.220001220703125,35.81999969482422,26.240270614624023
2007-06-14,417800,34.9900016784668,35.2400016784668,35.36000061035156,34.97999954223633,25.141571044921875
2007-06-13,251900,34.779998779296875,34.9900016784668,35.20000076293945,34.61000061035156,24.963207244873047
2007-06-12,182200,35.310001373291016,34.68000030517578,35.45000076293945,34.61000061035156,24.742046356201172
2007-06-11,210200,35.63999938964844,35.5,35.869998931884766,35.380001068115234,25.327070236206055
2007-06-08,194600,35.400001525878906,35.849998474121094,35.959999084472656,35.380001068115234,25.57676887512207
2007-06-07,348300,36.83000183105469,35.52000045776367,36.83000183105469,35.189998626708984,25.34132957458496
2007-06-06,239800,37.150001525878906,37.08000183105469,37.27000045776367,36.75,26.454301834106445
2007-06-05,267400,38.16999816894531,37.290000915527344,38.2599983215332,37.02000045776367,26.6041259765625
2007-06-04,161800,38.04999923706055,38.41999816894531,38.52000045776367,37.63999938964844,27.41029930114746
2007-06-01,465700,38.150001525878906,38.08000183105469,38.400001525878906,37.7599983215332,27.167741775512695
2007-05-31,371300,39.0,38.15999984741211,39.0,38.15999984741211,27.224811553955078
2007-05-30,384900,38.400001525878906,38.90999984741211,38.9900016784668,38.08000183105469,27.759899139404297
2007-05-29,255500,37.86000061035156,38.630001068115234,38.790000915527344,37.86000061035156,27.56012535095215
2007-05-25,130500,38.0,37.66999816894531,38.150001525878906,37.380001068115234,26.875225067138672
2007-05-24,277300,38.900001525878906,37.79999923706055,39.04999923706055,37.70000076293945,26.967973709106445
2007-05-23,207200,39.150001525878906,38.869998931884766,39.2599983215332,38.650001525878906,27.731359481811523
2007-05-22,147200,39.08000183105469,39.04999923706055,39.2599983215332,38.779998779296875,27.85977554321289
2007-05-21,135900,38.97999954223633,39.2400016784668,39.5,38.849998474121094,27.995319366455078
2007-05-18,204800,38.70000076293945,39.11000061035156,39.33000183105469,38.43000030517578,27.902576446533203
2007-05-17,215400,39.04999923706055,38.560001373291016,39.04999923706055,38.41999816894531,27.510189056396484
2007-05-16,328500,38.650001525878906,39.04999923706055,39.220001220703125,38.58000183105469,27.85977554321289
2007-05-15,430400,37.65999984741211,38.4900016784668,38.650001525878906,37.529998779296875,27.460247039794922
2007-05-14,157400,37.97999954223633,37.619998931884766,38.2400016784668,37.36000061035156,26.839557647705078
2007-05-11,117400,37.4900016784668,37.93000030517578,37.959999084472656,37.4900016784668,27.06072425842285
2007-05-10,278300,38.369998931884766,37.459999084472656,38.459999084472656,37.459999084472656,26.572010040283203
2007-05-09,176200,38.5,38.540000915527344,38.810001373291016,38.25,27.338109970092773
2007-05-08,184000,38.88999938964844,38.560001373291016,38.88999938964844,38.209999084472656,27.352293014526367
2007-05-07,121000,39.060001373291016,39.09000015258789,39.220001220703125,38.95000076293945,27.72825050354004
2007-05-04,179000,38.650001525878906,39.0099983215332,39.060001373291016,38.529998779296875,27.671497344970703
2007-05-03,220400,38.900001525878906,38.47999954223633,39.099998474121094,38.400001525878906,27.295530319213867
2007-05-02,239900,38.08000183105469,39.02000045776367,39.099998474121094,38.029998779296875,27.67859649658203
2007-05-01,338400,37.95000076293945,37.9900016784668,38.61000061035156,37.43000030517578,26.947969436645508
2007-04-30,225000,39.439998626708984,37.88999938964844,39.459999084472656,37.810001373291016,26.877031326293945
2007-04-27,130800,39.279998779296875,39.290000915527344,39.47999954223633,38.7400016784668,27.870119094848633
2007-04-26,121300,39.619998931884766,39.43000030517578,39.650001525878906,39.310001373291016,27.96941566467285
2007-04-25,170100,39.099998474121094,39.630001068115234,39.77000045776367,39.02000045776367,28.111299514770508
2007-04-24,162400,39.040000915527344,38.959999084472656,39.04999923706055,38.59000015258789,27.63603401184082
2007-04-23,108500,38.720001220703125,39.040000915527344,39.11000061035156,38.720001220703125,27.692781448364258
2007-04-20,143600,39.18000030517578,38.86000061035156,39.18000030517578,38.529998779296875,27.565099716186523
2007-04-19,128900,38.029998779296875,38.130001068115234,38.349998474121094,37.849998474121094,27.047273635864258
2007-04-18,125800,38.56999969482422,38.349998474121094,38.66999816894531,38.310001373291016,27.203325271606445
2007-04-17,210600,38.900001525878906,38.779998779296875,39.0,38.34000015258789,27.508346557617188
2007-04-16,188100,39.099998474121094,38.79999923706055,39.290000915527344,38.5,27.522531509399414
2007-04-13,364200,39.08000183105469,38.970001220703125,39.119998931884766,38.599998474121094,27.64314079284668
2007-04-12,154200,38.779998779296875,39.130001068115234,39.130001068115234,38.529998779296875,27.75661277770996
2007-04-11,186800,39.25,38.93000030517578,39.25,38.77000045776367,27.6147518157959
2007-04-10,122600,38.709999084472656,39.27000045776367,39.27000045776367,38.63999938964844,27.85592269897461
2007-04-09,140000,38.95000076293945,38.810001373291016,39.060001373291016,38.650001525878906,27.529626846313477
2007-04-05,136500,38.880001068115234,38.97999954223633,39.060001373291016,38.560001373291016,27.650222778320312
2007-04-04,188900,39.209999084472656,39.0099983215332,39.209999084472656,38.7599983215332,27.671497344970703
2007-04-03,229500,39.380001068115234,39.13999938964844,39.439998626708984,39.099998474121094,27.763710021972656
2007-04-02,108800,38.9900016784668,39.29999923706055,39.29999923706055,38.810001373291016,27.87720489501953
2007-03-30,214200,39.130001068115234,38.869998931884766,39.36000061035156,38.439998626708984,27.572195053100586
2007-03-29,173100,38.97999954223633,39.09000015258789,39.09000015258789,38.5,27.72825050354004
2007-03-28,372400,38.599998474121094,38.790000915527344,38.970001220703125,38.41999816894531,27.515438079833984
2007-03-27,170500,38.849998474121094,38.7599983215332,38.900001525878906,38.209999084472656,27.494171142578125
2007-03-26,178700,38.900001525878906,38.959999084472656,38.970001220703125,38.36000061035156,27.63603401184082
2007-03-23,183300,39.04999923706055,38.959999084472656,39.08000183105469,38.75,27.63603401184082
2007-03-22,161500,39.400001525878906,39.04999923706055,39.400001525878906,38.849998474121094,27.699874877929688
2007-03-21,185800,38.7400016784668,39.25,39.36000061035156,38.40999984741211,27.84173583984375
2007-03-20,272700,38.31999969482422,38.650001525878906,38.650001525878906,37.91999816894531,27.4161319732666
2007-03-19,214500,37.70000076293945,38.43000030517578,38.43000030517578,37.70000076293945,27.26008415222168
2007-03-16,327800,37.959999084472656,37.540000915527344,38.09000015258789,37.5,26.62877082824707
2007-03-15,221500,38.06999969482422,38.0,38.06999969482422,37.209999084472656,26.955059051513672
2007-03-14,221800,36.790000915527344,37.34000015258789,37.5,36.599998474121094,26.48689079284668
2007-03-13,217000,37.470001220703125,36.869998931884766,37.779998779296875,36.77000045776367,26.153507232666016
2007-03-12,240800,36.77000045776367,37.720001220703125,37.869998931884766,36.70000076293945,26.756450653076172
2007-03-09,167900,36.72999954223633,36.790000915527344,36.93000030517578,36.4900016784668,26.096759796142578
2007-03-08,230400,36.779998779296875,36.529998779296875,36.959999084472656,36.34000015258789,25.912328720092773
2007-03-07,246200,36.470001220703125,36.529998779296875,36.93000030517578,36.25,25.912328720092773
2007-03-06,366500,35.880001068115234,36.4900016784668,36.61000061035156,35.38999938964844,25.88395881652832
2007-03-05,247000,35.900001525878906,35.599998474121094,36.5,35.29999923706055,25.25263786315918
2007-03-02,286300,36.79999923706055,36.29999923706055,37.0099983215332,36.22999954223633,25.74917221069336
2007-03-01,306400,36.5,37.029998779296875,37.279998779296875,36.119998931884766,26.267004013061523
2007-02-28,353700,36.900001525878906,37.119998931884766,38.22999954223633,36.45000076293945,26.330842971801758
2007-02-27,271900,38.25,37.36000061035156,38.54999923706055,37.25,26.50107765197754
2007-02-26,194700,38.529998779296875,38.79999923706055,39.08000183105469,38.15999984741211,27.522531509399414
2007-02-23,142600,39.0,38.52000045776367,39.0,38.470001220703125,27.32392692565918
2007-02-22,141100,38.7400016784668,39.099998474121094,39.099998474121094,38.439998626708984,27.7353515625
2007-02-21,103700,38.709999084472656,38.84000015258789,38.900001525878906,38.56999969482422,27.550918579101562
2007-02-20,135300,38.31999969482422,38.900001525878906,39.0099983215332,38.15999984741211,27.59347152709961
2007-02-16,183200,38.810001373291016,38.63999938964844,39.09000015258789,38.099998474121094,27.409048080444336
2007-02-15,100800,39.06999969482422,38.79999923706055,39.06999969482422,38.619998931884766,27.522531509399414
2007-02-14,201100,39.61000061035156,39.04999923706055,39.95000076293945,39.0099983215332,27.699874877929688
2007-02-13,129700,39.220001220703125,39.619998931884766,39.619998931884766,38.97999954223633,28.10420036315918
2007-02-12,109700,39.20000076293945,39.279998779296875,39.290000915527344,38.959999084472656,27.71759796142578
2007-02-09,151400,39.38999938964844,39.20000076293945,39.63999938964844,38.70000076293945,27.661151885986328
2007-02-08,170300,39.619998931884766,39.41999816894531,39.68000030517578,39.150001525878906,27.81639289855957
2007-02-07,120700,39.22999954223633,39.58000183105469,39.58000183105469,39.04999923706055,27.929306030273438
2007-02-06,131000,39.040000915527344,39.27000045776367,39.310001373291016,38.97999954223633,27.710548400878906
2007-02-05,185000,39.0099983215332,38.970001220703125,39.220001220703125,38.810001373291016,27.49886703491211
2007-02-02,205200,39.79999923706055,39.13999938964844,39.810001373291016,39.04999923706055,27.61881446838379
2007-02-01,100900,39.31999969482422,39.68000030517578,39.7400016784668,39.31999969482422,27.99985694885254
2007-01-31,223400,39.20000076293945,39.25,39.630001068115234,38.959999084472656,27.696435928344727
2007-01-30,166700,38.650001525878906,39.189998626708984,39.20000076293945,38.59000015258789,27.654090881347656
2007-01-29,192000,38.2400016784668,38.58000183105469,38.70000076293945,38.15999984741211,27.22365379333496
2007-01-26,140200,38.310001373291016,38.369998931884766,38.45000076293945,37.77000045776367,27.075475692749023
2007-01-25,221900,38.79999923706055,38.31999969482422,38.939998626708984,38.09000015258789,27.04019546508789
2007-01-24,195500,38.81999969482422,38.86000061035156,38.97999954223633,38.560001373291016,27.421247482299805
2007-01-23,294000,37.7400016784668,38.81999969482422,38.970001220703125,37.59000015258789,27.393016815185547
2007-01-22,161800,37.869998931884766,37.88999938964844,38.09000015258789,37.5,26.736757278442383
2007-01-19,188300,37.86000061035156,37.91999816894531,37.97999954223633,37.43000030517578,26.757932662963867
2007-01-18,123300,38.06999969482422,37.86000061035156,38.18000030517578,37.70000076293945,26.715600967407227
2007-01-17,161900,38.41999816894531,38.18000030517578,38.4900016784668,38.09000015258789,26.941402435302734
2007-01-16,132700,39.029998779296875,38.56999969482422,39.349998474121094,38.43000030517578,27.216596603393555
2007-01-12,180400,38.529998779296875,38.939998626708984,39.02000045776367,38.43000030517578,27.47768783569336
2007-01-11,335600,37.619998931884766,38.61000061035156,38.97999954223633,37.619998931884766,27.244823455810547
2007-01-10,164200,37.790000915527344,37.630001068115234,38.20000076293945,37.54999923706055,26.553302764892578
2007-01-09,295800,37.7400016784668,37.95000076293945,38.04999923706055,37.060001373291016,26.779104232788086
2007-01-08,203200,37.5,37.7400016784668,37.83000183105469,37.209999084472656,26.63092803955078
2007-01-05,255500,38.7599983215332,37.72999954223633,38.7599983215332,37.619998931884766,26.62386131286621
2007-01-04,228100,38.619998931884766,38.970001220703125,39.099998474121094,38.47999954223633,27.49886703491211
2007-01-03,244800,38.369998931884766,38.650001525878906,39.11000061035156,38.209999084472656,27.27304458618164
2006-12-29,127700,38.70000076293945,38.369998931884766,38.790000915527344,38.310001373291016,27.075475692749023
2006-12-28,128600,38.88999938964844,38.790000915527344,39.09000015258789,38.7599983215332,27.371835708618164
2006-12-27,170300,38.84000015258789,38.90999984741211,39.369998931884766,38.619998931884766,27.456525802612305
2006-12-26,208800,38.0099983215332,38.900001525878906,38.97999954223633,38.0099983215332,27.449462890625
2006-12-22,156200,37.97999954223633,38.099998474121094,38.22999954223633,37.720001220703125,26.88494873046875
2006-12-21,151000,38.060001373291016,38.060001373291016,38.47999954223633,37.91999816894531,26.856727600097656
2006-12-20,228400,37.86000061035156,38.08000183105469,38.5099983215332,37.86000061035156,26.870845794677734
2006-12-19,261200,37.849998474121094,37.81999969482422,38.25,37.7400016784668,26.6873779296875
2006-12-18,194800,38.31999969482422,38.02000045776367,38.58000183105469,37.88999938964844,26.828510284423828
2006-12-15,391800,38.2599983215332,38.29999923706055,38.599998474121094,38.2599983215332,27.026079177856445
2006-12-14,189700,38.47999954223633,38.41999816894531,38.970001220703125,38.29999923706055,27.11075782775879
2006-12-13,150400,38.56999969482422,38.380001068115234,38.599998474121094,38.2599983215332,27.082530975341797
2006-12-12,174600,38.310001373291016,38.47999954223633,38.4900016784668,38.0,27.153087615966797
2006-12-11,135900,38.209999084472656,38.290000915527344,38.470001220703125,38.0099983215332,27.01902198791504
2006-12-08,150200,38.25,38.09000015258789,38.529998779296875,37.83000183105469,26.87789535522461
2006-12-07,165600,38.459999084472656,38.40999984741211,38.630001068115234,38.209999084472656,27.10369110107422
2006-12-06,154500,38.369998931884766,38.310001373291016,38.5,38.22999954223633,27.03314781188965
2006-12-05,248600,38.400001525878906,38.470001220703125,38.959999084472656,38.290000915527344,27.146038055419922
2006-12-04,260200,37.34000015258789,38.2400016784668,38.380001068115234,37.34000015258789,26.983741760253906
2006-12-01,349400,37.45000076293945,37.310001373291016,37.56999969482422,36.77000045776367,26.327495574951172
2006-11-30,194300,37.68000030517578,37.540000915527344,37.869998931884766,37.41999816894531,26.48979949951172
2006-11-29,181800,37.18000030517578,37.75,37.84000015258789,37.099998474121094,26.637968063354492
2006-11-28,182600,36.33000183105469,37.040000915527344,37.11000061035156,36.31999969482422,26.1369686126709
2006-11-27,314700,36.77000045776367,36.36000061035156,36.97999954223633,36.31999969482422,25.65713882446289
2006-11-24,71700,36.650001525878906,36.91999816894531,37.029998779296875,36.650001525878906,26.052289962768555
2006-11-22,141200,37.04999923706055,36.810001373291016,37.119998931884766,36.650001525878906,25.974672317504883
2006-11-21,312700,37.279998779296875,37.040000915527344,37.279998779296875,36.599998474121094,26.1369686126709
2006-11-20,202600,37.279998779296875,37.54999923706055,37.7400016784668,37.13999938964844,26.496843338012695
2006-11-17,197800,37.41999816894531,37.43000030517578,37.4900016784668,37.150001525878906,26.41217613220215
2006-11-16,224100,37.439998626708984,37.41999816894531,37.689998626708984,37.25,26.405120849609375
2006-11-15,210900,37.16999816894531,37.459999084472656,37.630001068115234,37.060001373291016,26.433330535888672
2006-11-14,167800,36.790000915527344,37.220001220703125,37.220001220703125,36.72999954223633,26.263988494873047
2006-11-13,211400,36.84000015258789,36.75,37.0099983215332,36.66999816894531,25.932327270507812
2006-11-10,140200,37.02000045776367,37.04999923706055,37.220001220703125,36.810001373291016,25.999372482299805
2006-11-09,279000,37.150001525878906,37.09000015258789,37.150001525878906,36.779998779296875,26.02743911743164
2006-11-08,297600,36.27000045776367,37.11000061035156,37.150001525878906,36.27000045776367,26.041475296020508
2006-11-07,234300,36.310001373291016,36.470001220703125,37.29999923706055,36.20000076293945,25.59236717224121
2006-11-06,141500,35.4900016784668,36.08000183105469,36.189998626708984,35.4900016784668,25.318689346313477
2006-11-03,149100,35.08000183105469,35.599998474121094,35.790000915527344,35.08000183105469,24.981853485107422
2006-11-02,222000,35.27000045776367,35.08000183105469,35.47999954223633,35.04999923706055,24.616945266723633
2006-11-01,124300,35.97999954223633,35.45000076293945,36.2599983215332,35.45000076293945,24.87659454345703
2006-10-31,82300,35.95000076293945,35.880001068115234,36.040000915527344,35.54999923706055,25.1783447265625
2006-10-30,209500,35.849998474121094,35.86000061035156,36.11000061035156,35.59000015258789,25.1643009185791
2006-10-27,135300,36.439998626708984,36.0,36.7400016784668,35.97999954223633,25.262540817260742
2006-10-26,181100,36.2599983215332,36.470001220703125,36.470001220703125,35.95000076293945,25.59236717224121
2006-10-25,161000,35.470001220703125,36.060001373291016,36.15999984741211,35.470001220703125,25.30464744567871
2006-10-24,108900,35.25,35.58000183105469,35.65999984741211,35.15999984741211,24.96781349182129
2006-10-23,91000,35.150001525878906,35.52000045776367,35.61000061035156,35.0099983215332,24.92570686340332
2006-10-20,129300,35.529998779296875,35.31999969482422,35.529998779296875,35.11000061035156,24.785354614257812
2006-10-19,313600,35.0,35.43000030517578,35.45000076293945,35.0,24.862558364868164
2006-10-18,296800,35.36000061035156,35.220001220703125,35.68000030517578,34.97999954223633,24.71518898010254
2006-10-17,190900,34.70000076293945,35.18000030517578,35.18000030517578,34.70000076293945,24.68712615966797
2006-10-16,146600,34.70000076293945,34.880001068115234,34.9900016784668,34.619998931884766,24.476604461669922
2006-10-13,204500,34.52000045776367,34.7599983215332,34.83000183105469,34.41999816894531,24.39238166809082
2006-10-12,233300,33.83000183105469,34.470001220703125,34.4900016784668,33.790000915527344,24.18889617919922
2006-10-11,204000,33.43000030517578,33.75,33.939998626708984,33.310001373291016,23.683643341064453
2006-10-10,138400,33.599998474121094,33.43000030517578,33.7400016784668,33.11000061035156,23.459089279174805
2006-10-09,61800,33.400001525878906,33.689998626708984,33.709999084472656,33.27000045776367,23.641529083251953
2006-10-06,120000,33.599998474121094,33.52000045776367,33.720001220703125,33.209999084472656,23.522239685058594
2006-10-05,339000,33.97999954223633,33.75,34.189998626708984,33.54999923706055,23.683643341064453
2006-10-04,164200,33.41999816894531,34.16999816894531,34.16999816894531,33.290000915527344,23.978364944458008
2006-10-03,167400,32.959999084472656,33.47999954223633,33.619998931884766,32.79999923706055,23.494165420532227
2006-10-02,159100,33.2400016784668,33.06999969482422,33.54999923706055,33.0,23.206459045410156
2006-09-29,167500,33.56999969482422,33.31999969482422,33.779998779296875,33.310001373291016,23.381893157958984
2006-09-28,116400,33.59000015258789,33.56999969482422,33.77000045776367,33.34000015258789,23.55731773376465
2006-09-27,208300,33.400001525878906,33.599998474121094,33.720001220703125,33.33000183105469,23.578371047973633
2006-09-26,135100,33.45000076293945,33.54999923706055,33.75,33.33000183105469,23.543289184570312
2006-09-25,145300,33.20000076293945,33.45000076293945,33.65999984741211,32.97999954223633,23.473114013671875
2006-09-22,222900,33.029998779296875,33.189998626708984,33.310001373291016,32.52000045776367,23.290660858154297
2006-09-21,344100,33.470001220703125,33.20000076293945,33.470001220703125,32.90999984741211,23.297679901123047
2006-09-20,157300,33.15999984741211,33.459999084472656,33.599998474121094,33.099998474121094,23.480131149291992
2006-09-19,419000,33.0,33.04999923706055,33.11000061035156,32.29999923706055,23.19242286682129
2006-09-18,269700,33.65999984741211,33.15999984741211,33.65999984741211,32.93000030517578,23.26961326599121
2006-09-15,574100,33.75,33.83000183105469,33.84000015258789,33.279998779296875,23.739776611328125
2006-09-14,132300,33.45000076293945,33.540000915527344,33.630001068115234,33.310001373291016,23.53626823425293
2006-09-13,161100,33.18000030517578,33.54999923706055,33.560001373291016,32.97999954223633,23.543289184570312
2006-09-12,137500,32.7400016784668,33.130001068115234,33.18000030517578,32.619998931884766,23.248559951782227
2006-09-11,122900,32.79999923706055,32.810001373291016,33.040000915527344,32.459999084472656,23.024002075195312
2006-09-08,123500,32.959999084472656,32.939998626708984,33.06999969482422,32.79999923706055,23.115232467651367
2006-09-07,185500,33.099998474121094,32.959999084472656,33.36000061035156,32.619998931884766,23.12926483154297
2006-09-06,173900,33.869998931884766,33.279998779296875,33.95000076293945,33.25,23.353824615478516
2006-09-05,255800,33.560001373291016,34.11000061035156,34.189998626708984,33.5099983215332,23.936260223388672
2006-09-01,95200,33.88999938964844,33.63999938964844,33.93000030517578,33.63999938964844,23.606443405151367
2006-08-31,156600,33.95000076293945,33.70000076293945,34.0,33.68000030517578,23.64854621887207
2006-08-30,130900,33.900001525878906,33.880001068115234,34.0,33.58000183105469,23.774866104125977
2006-08-29,172900,33.58000183105469,33.779998779296875,33.959999084472656,33.45000076293945,23.70468521118164
2006-08-28,183600,32.95000076293945,33.58000183105469,33.77000045776367,32.900001525878906,23.564342498779297
2006-08-25,130100,32.630001068115234,32.83000183105469,32.9900016784668,32.59000015258789,23.038042068481445
2006-08-24,251800,32.84000015258789,32.75,32.91999816894531,32.40999984741211,22.981901168823242
2006-08-23,267100,33.41999816894531,32.849998474121094,33.41999816894531,32.630001068115234,23.05207633972168
2006-08-22,211300,33.279998779296875,33.380001068115234,33.38999938964844,33.11000061035156,23.42399024963379
2006-08-21,144700,33.470001220703125,33.33000183105469,33.59000015258789,33.220001220703125,23.388906478881836
2006-08-18,174500,33.900001525878906,33.61000061035156,33.900001525878906,33.470001220703125,23.585397720336914
2006-08-17,240400,33.119998931884766,33.75,33.939998626708984,33.04999923706055,23.683643341064453
2006-08-16,178300,33.54999923706055,33.25,33.70000076293945,33.209999084472656,23.332767486572266
2006-08-15,276700,32.7400016784668,33.38999938964844,33.529998779296875,32.72999954223633,23.431007385253906
2006-08-14,128800,32.41999816894531,32.58000183105469,33.04999923706055,32.41999816894531,22.862613677978516
2006-08-11,145000,32.220001220703125,32.22999954223633,32.33000183105469,31.829999923706055,22.616994857788086
2006-08-10,142200,32.560001373291016,32.40999984741211,32.689998626708984,32.099998474121094,22.599458694458008
2006-08-09,192500,33.15999984741211,32.689998626708984,33.29999923706055,32.619998931884766,22.794694900512695
2006-08-08,203100,32.790000915527344,32.70000076293945,33.400001525878906,32.619998931884766,22.80167579650879
2006-08-07,200100,33.0,32.790000915527344,33.099998474121094,32.54999923706055,22.864429473876953
2006-08-04,277500,33.45000076293945,33.189998626708984,33.65999984741211,33.099998474121094,23.14334487915039
2006-08-03,178400,33.09000015258789,33.220001220703125,33.41999816894531,32.52000045776367,23.16426658630371
2006-08-02,157500,33.150001525878906,33.220001220703125,33.43000030517578,32.97999954223633,23.16426658630371
2006-08-01,171600,32.779998779296875,33.06999969482422,33.20000076293945,32.349998474121094,23.059673309326172
2006-07-31,135200,32.88999938964844,32.93000030517578,33.09000015258789,32.52000045776367,22.96204376220703
2006-07-28,207700,32.900001525878906,33.029998779296875,33.22999954223633,32.79999923706055,23.031784057617188
2006-07-27,157800,33.38999938964844,32.790000915527344,33.54999923706055,32.630001068115234,22.864429473876953
2006-07-26,176600,33.0,33.2400016784668,33.58000183105469,32.72999954223633,23.17821502685547
2006-07-25,245900,33.16999816894531,33.15999984741211,33.79999923706055,33.119998931884766,23.122426986694336
2006-07-24,231800,32.59000015258789,33.31999969482422,33.349998474121094,32.59000015258789,23.233997344970703
2006-07-21,185300,32.08000183105469,32.52000045776367,32.650001525878906,31.850000381469727,22.676156997680664
2006-07-20,216200,32.66999816894531,32.18000030517578,32.709999084472656,32.09000015258789,22.439077377319336
2006-07-19,193200,32.040000915527344,32.52000045776367,32.529998779296875,32.040000915527344,22.676156997680664
2006-07-18,179500,31.709999084472656,32.04999923706055,32.189998626708984,31.59000015258789,22.34842300415039
2006-07-17,249200,31.479999542236328,31.649999618530273,31.950000762939453,31.3799991607666,22.069501876831055
2006-07-14,210400,31.329999923706055,31.649999618530273,31.93000030517578,31.010000228881836,22.069501876831055
2006-07-13,270000,31.579999923706055,31.440000534057617,32.06999969482422,31.3700008392334,21.923076629638672
2006-07-12,188600,32.15999984741211,31.729999542236328,32.29999923706055,31.649999618530273,22.125289916992188
2006-07-11,321100,31.440000534057617,32.279998779296875,32.310001373291016,31.399999618530273,22.50880241394043
2006-07-10,292700,31.100000381469727,31.469999313354492,31.75,30.75,21.943992614746094
2006-07-07,443700,31.899999618530273,31.059999465942383,32.099998474121094,30.700000762939453,21.658103942871094
2006-07-06,238200,32.09000015258789,32.029998779296875,32.40999984741211,31.709999084472656,22.3344783782959
2006-07-05,419800,31.43000030517578,31.93000030517578,31.959999084472656,31.280000686645508,22.264751434326172
2006-07-03,148400,31.299999237060547,31.530000686645508,31.65999984741211,31.079999923706055,21.985830307006836
2006-06-30,450800,31.309999465942383,31.34000015258789,31.34000015258789,30.81999969482422,21.853334426879883
2006-06-29,462300,30.6299991607666,31.239999771118164,31.43000030517578,30.56999969482422,21.783613204956055
2006-06-28,276200,30.1299991607666,30.530000686645508,30.559999465942383,29.93000030517578,21.28852653503418
2006-06-27,411000,29.719999313354492,30.149999618530273,30.290000915527344,29.579999923706055,21.02355194091797
2006-06-26,237600,29.079999923706055,29.639999389648438,29.709999084472656,29.079999923706055,20.667930603027344
2006-06-23,172600,29.059999465942383,29.059999465942383,29.260000228881836,28.829999923706055,20.263500213623047
2006-06-22,197600,29.110000610351562,29.040000915527344,29.3700008392334,28.790000915527344,20.249555587768555
2006-06-21,188600,28.860000610351562,29.100000381469727,29.329999923706055,28.709999084472656,20.291393280029297
2006-06-20,188800,29.0,28.760000228881836,29.170000076293945,28.59000015258789,20.054309844970703
2006-06-19,229700,29.219999313354492,28.8700008392334,29.280000686645508,28.549999237060547,20.13101577758789
2006-06-16,711300,29.530000686645508,29.200000762939453,29.75,29.15999984741211,20.36112403869629
2006-06-15,206500,28.969999313354492,29.579999923706055,29.729999542236328,28.8700008392334,20.6260986328125
2006-06-14,253600,28.5,28.770000457763672,28.84000015258789,28.100000381469727,20.061294555664062
2006-06-13,276300,28.700000762939453,28.510000228881836,29.280000686645508,28.459999084472656,19.879985809326172
2006-06-12,220600,29.25,28.8799991607666,29.399999618530273,28.850000381469727,20.13798713684082
2006-06-09,200100,29.649999618530273,29.15999984741211,29.790000915527344,29.010000228881836,20.33323860168457
2006-06-08,420600,29.5,29.56999969482422,29.700000762939453,28.649999618530273,20.61911964416504
2006-06-07,380000,29.020000457763672,28.93000030517578,29.34000015258789,28.670000076293945,20.17285919189453
2006-06-06,234700,29.139999389648438,29.0,29.18000030517578,28.559999465942383,20.221662521362305
2006-06-05,292300,29.610000610351562,28.950000762939453,29.739999771118164,28.940000534057617,20.186800003051758
2006-06-02,279400,29.899999618530273,29.780000686645508,29.940000534057617,29.3700008392334,20.76555633544922
2006-06-01,495900,29.43000030517578,29.540000915527344,29.709999084472656,29.15999984741211,20.598203659057617
2006-05-31,526400,28.299999237060547,29.110000610351562,29.25,28.25,20.298370361328125
2006-05-30,132700,28.450000762939453,27.979999542236328,28.520000457763672,27.979999542236328,19.510421752929688
2006-05-26,96600,28.75,28.579999923706055,28.809999465942383,28.510000228881836,19.928796768188477
2006-05-25,182000,28.34000015258789,28.59000015258789,28.739999771118164,28.170000076293945,19.935773849487305
2006-05-24,189500,27.799999237060547,28.100000381469727,28.270000457763672,27.309999465942383,19.594087600708008
2006-05-23,171000,28.479999542236328,27.860000610351562,28.559999465942383,27.770000457763672,19.426738739013672
2006-05-22,264500,28.0,28.280000686645508,28.600000381469727,27.799999237060547,19.719608306884766
2006-05-19,241500,27.399999618530273,27.979999542236328,28.100000381469727,27.3700008392334,19.510421752929688
2006-05-18,163900,27.829999923706055,27.549999237060547,28.020000457763672,27.510000228881836,19.210580825805664
2006-05-17,150400,27.889999389648438,27.729999542236328,28.149999618530273,27.59000015258789,19.336091995239258
2006-05-16,148600,28.440000534057617,28.0,28.440000534057617,27.860000610351562,19.524368286132812
2006-05-15,170300,28.299999237060547,28.3799991607666,28.540000915527344,27.959999084472656,19.789335250854492
2006-05-12,212900,28.270000457763672,28.40999984741211,28.549999237060547,27.969999313354492,19.810258865356445
2006-05-11,223000,28.75,28.31999969482422,28.75,28.110000610351562,19.74750328063965
2006-05-10,128000,29.030000686645508,28.8799991607666,29.149999618530273,28.690000534057617,19.995038986206055
2006-05-09,127800,29.09000015258789,29.079999923706055,29.149999618530273,28.850000381469727,20.133508682250977
2006-05-08,158900,28.959999084472656,29.190000534057617,29.59000015258789,28.829999923706055,20.209672927856445
2006-05-05,201300,29.229999542236328,29.040000915527344,29.59000015258789,29.020000457763672,20.105817794799805
2006-05-04,248300,28.729999542236328,29.079999923706055,29.149999618530273,28.670000076293945,20.133508682250977
2006-05-03,343700,28.200000762939453,28.68000030517578,28.850000381469727,27.889999389648438,19.856565475463867
2006-05-02,154600,28.110000610351562,28.049999237060547,28.18000030517578,27.81999969482422,19.420391082763672
2006-05-01,236100,27.75,27.979999542236328,28.3799991607666,27.739999771118164,19.371925354003906
2006-04-28,109100,27.399999618530273,27.719999313354492,27.829999923706055,27.3799991607666,19.191919326782227
2006-04-27,139700,27.049999237060547,27.520000457763672,27.969999313354492,27.0,19.053447723388672
2006-04-26,92200,27.399999618530273,27.290000915527344,27.700000762939453,27.270000457763672,18.89420509338379
2006-04-25,104800,27.610000610351562,27.309999465942383,27.610000610351562,27.1200008392334,18.908050537109375
2006-04-24,126100,27.450000762939453,27.59000015258789,27.6299991607666,27.420000076293945,19.10190773010254
2006-04-21,137500,28.450000762939453,27.649999618530273,28.450000762939453,27.510000228881836,19.143451690673828
2006-04-20,138500,27.899999618530273,28.170000076293945,28.25,27.739999771118164,19.503469467163086
2006-04-19,112100,27.75,27.969999313354492,28.219999313354492,27.709999084472656,19.365009307861328
2006-04-18,162300,27.280000686645508,27.790000915527344,27.81999969482422,27.219999313354492,19.24038314819336
2006-04-17,200200,27.170000076293945,27.229999542236328,27.329999923706055,26.8799991607666,18.852664947509766
2006-04-13,164200,26.459999084472656,27.229999542236328,27.639999389648438,26.459999084472656,18.852664947509766
2006-04-12,89500,27.200000762939453,27.40999984741211,27.510000228881836,27.200000762939453,18.977293014526367
2006-04-11,104300,27.559999465942383,27.229999542236328,27.68000030517578,27.18000030517578,18.852664947509766
2006-04-10,164800,27.75,27.59000015258789,27.920000076293945,27.420000076293945,19.10190773010254
2006-04-07,179100,28.200000762939453,27.790000915527344,28.360000610351562,27.6200008392334,19.24038314819336
2006-04-06,168700,28.15999984741211,28.059999465942383,28.270000457763672,27.989999771118164,19.42731285095215
2006-04-05,143900,28.34000015258789,28.219999313354492,28.540000915527344,28.110000610351562,19.5380859375
2006-04-04,357200,27.770000457763672,28.469999313354492,28.709999084472656,27.700000762939453,19.711179733276367
2006-04-03,245800,27.899999618530273,27.850000381469727,28.420000076293945,27.799999237060547,19.281923294067383
2006-03-31,234300,28.420000076293945,27.950000762939453,28.530000686645508,27.940000534057617,19.351154327392578
2006-03-30,197700,28.450000762939453,28.3799991607666,28.489999771118164,28.149999618530273,19.648868560791016
2006-03-29,182300,28.100000381469727,28.360000610351562,28.479999542236328,27.979999542236328,19.635019302368164
2006-03-28,193600,27.84000015258789,28.020000457763672,28.260000228881836,27.75,19.39961814880371
2006-03-27,133000,27.90999984741211,27.84000015258789,28.100000381469727,27.719999313354492,19.274999618530273
2006-03-24,250300,27.969999313354492,27.979999542236328,28.049999237060547,27.719999313354492,19.371925354003906
2006-03-23,125400,27.8799991607666,27.969999313354492,27.969999313354492,27.34000015258789,19.365009307861328
2006-03-22,182900,27.899999618530273,27.989999771118164,28.0,27.760000228881836,19.37885093688965
2006-03-21,236700,28.34000015258789,28.030000686645508,28.389999389648438,27.850000381469727,19.40654945373535
2006-03-20,211300,28.299999237060547,28.399999618530273,28.5,28.079999923706055,19.6627140045166
2006-03-17,343800,28.18000030517578,28.239999771118164,28.309999465942383,27.959999084472656,19.551942825317383
2006-03-16,152300,27.780000686645508,28.0,28.200000762939453,27.75,19.38577651977539
2006-03-15,119700,28.100000381469727,27.700000762939453,28.139999389648438,27.440000534057617,19.178068161010742
2006-03-14,132200,27.540000915527344,28.100000381469727,28.149999618530273,27.34000015258789,19.455007553100586
2006-03-13,151800,27.75,27.530000686645508,27.84000015258789,27.350000381469727,19.060365676879883
2006-03-10,152600,26.760000228881836,27.610000610351562,27.6299991607666,26.6200008392334,19.11576271057129
2006-03-09,284500,27.0,26.760000228881836,27.770000457763672,26.649999618530273,18.52726173400879
2006-03-08,141900,27.75,27.760000228881836,28.100000381469727,27.469999313354492,19.219606399536133
2006-03-07,100900,28.229999542236328,27.780000686645508,28.280000686645508,27.770000457763672,19.233455657958984
2006-03-06,107400,28.59000015258789,28.200000762939453,28.59000015258789,27.84000015258789,19.52424430847168
2006-03-03,137600,28.760000228881836,28.56999969482422,28.969999313354492,28.40999984741211,19.780412673950195
2006-03-02,112500,28.809999465942383,28.790000915527344,28.950000762939453,28.520000457763672,19.932727813720703
2006-03-01,94300,28.520000457763672,28.770000457763672,28.770000457763672,28.149999618530273,19.918886184692383
2006-02-28,116900,28.8700008392334,28.520000457763672,29.0,28.31999969482422,19.745800018310547
2006-02-27,151800,28.200000762939453,28.940000534057617,29.040000915527344,28.200000762939453,20.036584854125977
2006-02-24,125800,27.799999237060547,28.200000762939453,28.260000228881836,27.639999389648438,19.52424430847168
2006-02-23,126700,27.940000534057617,27.770000457763672,28.030000686645508,27.530000686645508,19.22653579711914
2006-02-22,127500,27.139999389648438,28.0,28.010000228881836,27.139999389648438,19.38577651977539
2006-02-21,188800,27.209999084472656,27.079999923706055,27.350000381469727,26.8700008392334,18.74881362915039
2006-02-17,167600,26.75,27.149999618530273,27.260000228881836,26.700000762939453,18.79728126525879
2006-02-16,86000,26.950000762939453,26.93000030517578,27.1299991607666,26.739999771118164,18.644960403442383
2006-02-15,74400,26.6200008392334,26.850000381469727,26.920000076293945,26.549999237060547,18.589570999145508
2006-02-14,99300,26.489999771118164,26.649999618530273,26.739999771118164,26.09000015258789,18.45110511779785
2006-02-13,80200,26.59000015258789,26.3799991607666,26.790000915527344,26.299999237060547,18.264169692993164
2006-02-10,118800,26.5,26.729999542236328,26.829999923706055,26.270000457763672,18.36455726623535
2006-02-09,96400,26.899999618530273,26.56999969482422,27.1200008392334,26.530000686645508,18.254634857177734
2006-02-08,114700,26.850000381469727,26.790000915527344,27.040000915527344,26.649999618530273,18.40578842163086
2006-02-07,92800,27.149999618530273,26.75,27.149999618530273,26.739999771118164,18.37830352783203
2006-02-06,95300,26.68000030517578,27.09000015258789,27.100000381469727,26.610000610351562,18.611896514892578
2006-02-03,173200,26.940000534057617,26.729999542236328,27.06999969482422,26.700000762939453,18.36455726623535
2006-02-02,161000,27.450000762939453,27.040000915527344,27.450000762939453,26.719999313354492,18.577550888061523
2006-02-01,123500,27.549999237060547,27.600000381469727,27.739999771118164,27.290000915527344,18.962282180786133
2006-01-31,123800,27.56999969482422,27.649999618530273,27.8700008392334,27.360000610351562,18.99663543701172
2006-01-30,95700,28.170000076293945,27.65999984741211,28.239999771118164,27.579999923706055,19.00350570678711
2006-01-27,113400,28.110000610351562,28.219999313354492,28.579999923706055,28.030000686645508,19.388246536254883
2006-01-26,117100,27.739999771118164,27.959999084472656,27.959999084472656,27.43000030517578,19.209619522094727
2006-01-25,120600,27.829999923706055,27.600000381469727,27.84000015258789,27.229999542236328,18.962282180786133
2006-01-24,75600,27.600000381469727,27.8700008392334,27.940000534057617,27.459999084472656,19.14778709411621
2006-01-23,102400,27.389999389648438,27.510000228881836,27.59000015258789,27.219999313354492,18.90045738220215
2006-01-20,99300,27.780000686645508,27.270000457763672,27.799999237060547,27.110000610351562,18.735565185546875
2006-01-19,88200,27.56999969482422,27.579999923706055,27.760000228881836,27.360000610351562,18.948545455932617
2006-01-18,129700,27.100000381469727,27.520000457763672,27.520000457763672,27.049999237060547,18.907323837280273
2006-01-17,134100,27.0,27.110000610351562,27.18000030517578,26.81999969482422,18.625635147094727
2006-01-13,111300,26.899999618530273,26.93000030517578,27.1200008392334,26.780000686645508,18.501970291137695
2006-01-12,99900,26.81999969482422,26.899999618530273,26.920000076293945,26.719999313354492,18.48135757446289
2006-01-11,173800,27.0,26.8700008392334,27.209999084472656,26.549999237060547,18.46074676513672
2006-01-10,95100,26.989999771118164,27.059999465942383,27.190000534057617,26.829999923706055,18.591285705566406
2006-01-09,91300,27.09000015258789,26.989999771118164,27.25,26.93000030517578,18.543193817138672
2006-01-06,80500,27.06999969482422,27.09000015258789,27.1200008392334,26.780000686645508,18.611896514892578
2006-01-05,92300,27.040000915527344,26.940000534057617,27.049999237060547,26.739999771118164,18.508846282958984
2006-01-04,139900,27.100000381469727,26.90999984741211,27.229999542236328,26.75,18.48822784423828
2006-01-03,124200,26.510000228881836,26.940000534057617,26.969999313354492,26.190000534057617,18.508846282958984
2005-12-30,138900,26.309999465942383,26.399999618530273,26.489999771118164,26.040000915527344,18.13783836364746
2005-12-29,99800,26.520000457763672,26.459999084472656,26.6299991607666,26.40999984741211,18.179067611694336
2005-12-28,128200,26.3700008392334,26.459999084472656,26.649999618530273,26.09000015258789,18.179067611694336
2005-12-27,112100,26.90999984741211,26.360000610351562,26.93000030517578,26.280000686645508,18.110353469848633
2005-12-23,53800,26.950000762939453,26.84000015258789,27.100000381469727,26.84000015258789,18.440135955810547
2005-12-22,146600,26.700000762939453,26.850000381469727,26.920000076293945,26.450000762939453,18.447006225585938
2005-12-21,126200,26.950000762939453,26.790000915527344,27.0,26.56999969482422,18.40578842163086
2005-12-20,50300,26.579999923706055,26.68000030517578,26.920000076293945,26.530000686645508,18.33020782470703
2005-12-19,112400,26.850000381469727,26.579999923706055,26.93000030517578,26.389999389648438,18.261505126953125
2005-12-16,297700,27.1200008392334,26.979999542236328,27.25,26.850000381469727,18.53632164001465
2005-12-15,109600,27.1299991607666,27.049999237060547,27.1299991607666,26.399999618530273,18.584415435791016
2005-12-14,49200,26.950000762939453,27.110000610351562,27.25,26.760000228881836,18.625635147094727
2005-12-13,68400,26.649999618530273,26.899999618530273,27.030000686645508,26.59000015258789,18.48135757446289
2005-12-12,119500,27.0,26.700000762939453,27.079999923706055,26.6200008392334,18.34394645690918
2005-12-09,61300,26.81999969482422,26.940000534057617,26.989999771118164,26.6200008392334,18.508846282958984
2005-12-08,101400,26.700000762939453,26.75,26.950000762939453,26.440000534057617,18.37830352783203
2005-12-07,67700,27.0,26.649999618530273,27.040000915527344,26.459999084472656,18.309600830078125
2005-12-06,134800,26.770000457763672,27.020000457763672,27.229999542236328,26.739999771118164,18.563806533813477
2005-12-05,120300,26.81999969482422,26.56999969482422,26.989999771118164,26.40999984741211,18.254634857177734
2005-12-02,103000,27.1200008392334,26.850000381469727,27.1200008392334,26.729999542236328,18.447006225585938
2005-12-01,129600,27.010000228881836,27.110000610351562,27.360000610351562,26.75,18.625635147094727
2005-11-30,141600,26.469999313354492,26.68000030517578,26.780000686645508,26.31999969482422,18.33020782470703
2005-11-29,66200,26.420000076293945,26.469999313354492,26.84000015258789,26.270000457763672,18.185928344726562
2005-11-28,103800,26.889999389648438,26.31999969482422,26.889999389648438,26.260000228881836,18.082876205444336
2005-11-25,28400,26.780000686645508,26.889999389648438,26.959999084472656,26.700000762939453,18.474489212036133
2005-11-23,64700,26.799999237060547,26.84000015258789,26.989999771118164,26.65999984741211,18.440135955810547
2005-11-22,64500,26.899999618530273,26.889999389648438,27.059999465942383,26.649999618530273,18.474489212036133
2005-11-21,102000,26.68000030517578,26.90999984741211,27.030000686645508,26.649999618530273,18.48822784423828
2005-11-18,106400,27.219999313354492,26.65999984741211,27.219999313354492,26.610000610351562,18.316463470458984
2005-11-17,153900,26.829999923706055,26.93000030517578,27.200000762939453,26.729999542236328,18.501970291137695
2005-11-16,154200,26.43000030517578,26.649999618530273,26.670000076293945,26.350000381469727,18.309600830078125
2005-11-15,220000,26.75,26.329999923706055,26.979999542236328,26.329999923706055,18.089744567871094
2005-11-14,161300,26.8799991607666,26.809999465942383,27.0,26.559999465942383,18.419523239135742
2005-11-11,111100,26.760000228881836,26.889999389648438,26.889999389648438,26.559999465942383,18.474489212036133
2005-11-10,133000,26.59000015258789,26.8799991607666,26.889999389648438,26.0,18.467615127563477
2005-11-09,157200,26.510000228881836,26.739999771118164,26.959999084472656,26.290000915527344,18.230588912963867
2005-11-08,144800,26.649999618530273,26.40999984741211,26.8700008392334,26.329999923706055,18.005599975585938
2005-11-07,297100,26.719999313354492,26.829999923706055,26.899999618530273,26.40999984741211,18.29194450378418
2005-11-04,227300,26.829999923706055,26.6299991607666,26.899999618530273,26.09000015258789,18.15559196472168
2005-11-03,315700,27.399999618530273,26.829999923706055,27.559999465942383,26.829999923706055,18.29194450378418
2005-11-02,154800,26.399999618530273,27.040000915527344,27.040000915527344,26.399999618530273,18.43512725830078
2005-11-01,149900,27.110000610351562,26.399999618530273,27.110000610351562,26.049999237060547,17.998788833618164
2005-10-31,160300,26.889999389648438,27.260000228881836,27.489999771118164,26.889999389648438,18.585111618041992
2005-10-28,126300,26.399999618530273,26.90999984741211,27.149999618530273,26.25,18.34649085998535
2005-10-27,202800,26.18000030517578,26.270000457763672,26.420000076293945,25.84000015258789,17.910158157348633
2005-10-26,196300,26.15999984741211,26.280000686645508,26.850000381469727,26.0,17.916976928710938
2005-10-25,217700,26.309999465942383,26.270000457763672,26.309999465942383,25.469999313354492,17.910158157348633
2005-10-24,75900,25.860000610351562,26.420000076293945,26.43000030517578,25.84000015258789,18.012418746948242
2005-10-21,103000,25.559999465942383,25.739999771118164,26.079999923706055,25.459999084472656,17.548812866210938
2005-10-20,226400,25.8799991607666,25.549999237060547,26.149999618530273,25.1200008392334,17.419281005859375
2005-10-19,168700,25.25,26.079999923706055,26.079999923706055,25.200000762939453,17.780620574951172
2005-10-18,86800,25.56999969482422,25.309999465942383,25.899999618530273,25.260000228881836,17.255657196044922
2005-10-17,105400,25.899999618530273,25.700000762939453,26.059999465942383,25.399999618530273,17.521549224853516
2005-10-14,118500,25.799999237060547,25.899999618530273,26.100000381469727,25.450000762939453,17.657896041870117
2005-10-13,186100,25.440000534057617,25.579999923706055,25.81999969482422,25.18000030517578,17.439733505249023
2005-10-12,148200,25.479999542236328,25.56999969482422,25.8700008392334,25.290000915527344,17.43291473388672
2005-10-11,116700,26.170000076293945,25.540000915527344,26.25,25.520000457763672,17.41246223449707
2005-10-10,73900,26.3700008392334,26.030000686645508,26.3700008392334,25.799999237060547,17.74653434753418
2005-10-07,87000,26.219999313354492,26.350000381469727,26.6200008392334,26.100000381469727,17.964698791503906
2005-10-06,173800,26.360000610351562,26.059999465942383,26.610000610351562,25.700000762939453,17.766983032226562
2005-10-05,178700,27.149999618530273,26.469999313354492,27.200000762939453,26.399999618530273,18.0465087890625
2005-10-04,158300,27.520000457763672,27.170000076293945,27.860000610351562,27.06999969482422,18.523746490478516
2005-10-03,101400,27.389999389648438,27.489999771118164,27.850000381469727,27.389999389648438,18.741920471191406
2005-09-30,152300,27.81999969482422,27.389999389648438,27.920000076293945,27.010000228881836,18.673738479614258
2005-09-29,77000,27.540000915527344,28.06999969482422,28.06999969482422,26.940000534057617,19.137346267700195
2005-09-28,116800,27.299999237060547,27.43000030517578,27.59000015258789,26.93000030517578,18.701017379760742
2005-09-27,102300,27.209999084472656,27.190000534057617,27.479999542236328,26.8799991607666,18.537385940551758
2005-09-26,72600,27.280000686645508,27.139999389648438,27.479999542236328,26.950000762939453,18.5032958984375
2005-09-23,52600,27.059999465942383,27.18000030517578,27.329999923706055,26.90999984741211,18.530567169189453
2005-09-22,85600,27.219999313354492,27.020000457763672,27.309999465942383,26.889999389648438,18.421485900878906
2005-09-21,125600,27.469999313354492,27.1299991607666,27.829999923706055,27.1200008392334,18.49648094177246
2005-09-20,117400,27.329999923706055,27.510000228881836,28.010000228881836,27.329999923706055,18.755556106567383
2005-09-19,60300,27.84000015258789,27.43000030517578,27.8700008392334,27.40999984741211,18.701017379760742
2005-09-16,257800,27.690000534057617,27.940000534057617,27.940000534057617,27.450000762939453,19.048715591430664
2005-09-15,66900,27.329999923706055,27.489999771118164,27.739999771118164,27.329999923706055,18.741920471191406
2005-09-14,65600,27.399999618530273,27.31999969482422,27.5,27.25,18.626012802124023
2005-09-13,65200,27.760000228881836,27.389999389648438,28.0,27.329999923706055,18.673738479614258
2005-09-12,112100,27.5,27.889999389648438,28.0,27.329999923706055,19.014625549316406
2005-09-09,90400,27.479999542236328,27.549999237060547,27.670000076293945,27.34000015258789,18.78282356262207
2005-09-08,136600,27.399999618530273,27.440000534057617,27.510000228881836,27.280000686645508,18.70783042907715
2005-09-07,179100,27.520000457763672,27.549999237060547,27.700000762939453,27.350000381469727,18.78282356262207
2005-09-06,145600,27.5,27.65999984741211,27.700000762939453,27.3700008392334,18.857816696166992
2005-09-02,91100,27.530000686645508,27.420000076293945,27.670000076293945,27.299999237060547,18.69419288635254
2005-09-01,96400,27.479999542236328,27.549999237060547,27.84000015258789,27.270000457763672,18.78282356262207
2005-08-31,115500,26.84000015258789,27.420000076293945,27.420000076293945,26.799999237060547,18.69419288635254
2005-08-30,117500,26.579999923706055,26.84000015258789,26.950000762939453,26.479999542236328,18.298768997192383
2005-08-29,116900,26.31999969482422,26.690000534057617,26.690000534057617,26.170000076293945,18.196504592895508
2005-08-26,184800,26.329999923706055,26.290000915527344,26.489999771118164,26.229999542236328,17.923786163330078
2005-08-25,59600,26.450000762939453,26.329999923706055,26.489999771118164,26.239999771118164,17.951061248779297
2005-08-24,101000,26.34000015258789,26.40999984741211,26.649999618530273,26.260000228881836,18.005599975585938
2005-08-23,90700,26.40999984741211,26.3799991607666,26.5,26.25,17.985153198242188
2005-08-22,109200,26.3700008392334,26.40999984741211,26.510000228881836,26.229999542236328,18.005599975585938
2005-08-19,98800,26.209999084472656,26.309999465942383,26.510000228881836,26.020000457763672,17.937427520751953
2005-08-18,155900,26.239999771118164,26.270000457763672,26.459999084472656,25.940000534057617,17.910158157348633
2005-08-17,124100,26.200000762939453,26.25,26.399999618530273,25.829999923706055,17.896520614624023
2005-08-16,140700,26.690000534057617,26.239999771118164,26.690000534057617,26.239999771118164,17.889699935913086
2005-08-15,120600,26.59000015258789,26.690000534057617,27.190000534057617,26.43000030517578,18.196504592895508
2005-08-12,137600,26.8700008392334,26.530000686645508,26.8700008392334,26.209999084472656,18.087411880493164
2005-08-11,142700,26.229999542236328,26.8799991607666,26.90999984741211,26.18000030517578,18.326030731201172
2005-08-10,135300,26.299999237060547,26.360000610351562,26.709999084472656,25.670000076293945,17.831748962402344
2005-08-09,107000,26.09000015258789,26.18000030517578,26.6200008392334,25.850000381469727,17.709985733032227
2005-08-08,126100,25.860000610351562,25.84000015258789,26.139999389648438,25.639999389648438,17.4799861907959
2005-08-05,89000,26.399999618530273,25.93000030517578,26.5,25.719999313354492,17.540870666503906
2005-08-04,125300,26.709999084472656,26.399999618530273,26.950000762939453,26.399999618530273,17.858810424804688
2005-08-03,58700,26.790000915527344,26.75,26.989999771118164,26.670000076293945,18.095571517944336
2005-08-02,82600,26.469999313354492,26.889999389648438,26.940000534057617,26.469999313354492,18.190279006958008
2005-08-01,70900,26.719999313354492,26.450000762939453,26.959999084472656,26.450000762939453,17.892629623413086
2005-07-29,127500,26.829999923706055,26.780000686645508,26.950000762939453,26.5,18.115869522094727
2005-07-28,191800,26.1299991607666,26.829999923706055,26.8700008392334,26.100000381469727,18.149688720703125
2005-07-27,59100,26.100000381469727,26.110000610351562,26.200000762939453,25.940000534057617,17.662643432617188
2005-07-26,85600,25.899999618530273,26.100000381469727,26.280000686645508,25.8799991607666,17.65587043762207
2005-07-25,96500,26.09000015258789,25.920000076293945,26.239999771118164,25.75,17.534107208251953
2005-07-22,129100,25.520000457763672,26.09000015258789,26.100000381469727,25.459999084472656,17.64910316467285
2005-07-21,128900,25.860000610351562,25.530000686645508,26.040000915527344,25.520000457763672,17.27028465270996
2005-07-20,241700,25.540000915527344,25.940000534057617,25.940000534057617,25.520000457763672,17.547636032104492
2005-07-19,161000,25.860000610351562,25.65999984741211,26.010000228881836,25.649999618530273,17.358217239379883
2005-07-18,93100,25.860000610351562,25.799999237060547,25.989999771118164,25.700000762939453,17.452922821044922
2005-07-15,189100,25.809999465942383,25.899999618530273,25.969999313354492,25.780000686645508,17.52057456970215
2005-07-14,144200,26.5,25.90999984741211,26.540000915527344,25.799999237060547,17.527341842651367
2005-07-13,85300,26.34000015258789,26.360000610351562,26.389999389648438,26.15999984741211,17.831748962402344
2005-07-12,96200,26.190000534057617,26.440000534057617,26.479999542236328,26.100000381469727,17.885868072509766
2005-07-11,122600,26.299999237060547,26.200000762939453,26.440000534057617,26.040000915527344,17.7235164642334
2005-07-08,116500,25.739999771118164,26.260000228881836,26.350000381469727,25.56999969482422,17.76410675048828
2005-07-07,346100,25.239999771118164,25.780000686645508,25.780000686645508,25.0,17.439401626586914
2005-07-06,241500,25.600000381469727,25.489999771118164,25.790000915527344,25.25,17.243227005004883
2005-07-05,347900,25.530000686645508,25.649999618530273,25.649999618530273,25.260000228881836,17.351455688476562
2005-07-01,300800,25.5,25.6299991607666,25.829999923706055,25.450000762939453,17.337932586669922
2005-06-30,266700,25.59000015258789,25.510000228881836,25.729999542236328,25.440000534057617,17.256750106811523
2005-06-29,146100,25.700000762939453,25.540000915527344,25.709999084472656,25.420000076293945,17.277055740356445
2005-06-28,230500,25.56999969482422,25.649999618530273,25.739999771118164,25.459999084472656,17.351455688476562
2005-06-27,541000,25.610000610351562,25.479999542236328,25.639999389648438,25.40999984741211,17.236459732055664
2005-06-24,238400,25.459999084472656,25.56999969482422,25.729999542236328,25.18000030517578,17.29734230041504
2005-06-23,134900,25.75,25.5,25.81999969482422,25.440000534057617,17.24998664855957
2005-06-22,119400,25.65999984741211,25.780000686645508,25.84000015258789,25.65999984741211,17.439401626586914
2005-06-21,112000,25.790000915527344,25.510000228881836,25.950000762939453,25.5,17.256750106811523
2005-06-20,93900,25.649999618530273,25.760000228881836,25.850000381469727,25.649999618530273,17.425870895385742
2005-06-17,244000,26.299999237060547,25.68000030517578,26.350000381469727,25.68000030517578,17.37175178527832
2005-06-16,142500,25.489999771118164,26.040000915527344,26.040000915527344,25.43000030517578,17.615280151367188
2005-06-15,135400,25.43000030517578,25.5,25.5,25.229999542236328,17.24998664855957
2005-06-14,122600,25.420000076293945,25.489999771118164,25.549999237060547,25.270000457763672,17.243227005004883
2005-06-13,74900,25.170000076293945,25.479999542236328,25.479999542236328,25.0,17.236459732055664
2005-06-10,146400,25.25,25.25,25.329999923706055,25.059999465942383,17.080867767333984
2005-06-09,85400,24.979999542236328,25.170000076293945,25.170000076293945,24.850000381469727,17.02675437927246
2005-06-08,81600,25.15999984741211,24.969999313354492,25.40999984741211,24.940000534057617,16.891460418701172
2005-06-07,133900,25.190000534057617,25.100000381469727,25.450000762939453,25.0,16.97939682006836
2005-06-06,102100,25.100000381469727,25.1200008392334,25.18000030517578,25.0,16.992923736572266
2005-06-03,154200,25.489999771118164,25.059999465942383,25.799999237060547,25.059999465942383,16.952333450317383
2005-06-02,109300,25.469999313354492,25.510000228881836,25.6299991607666,25.270000457763672,17.256750106811523
2005-06-01,125100,24.969999313354492,25.489999771118164,25.6200008392334,24.969999313354492,17.243227005004883
2005-05-31,82200,25.0,24.979999542236328,25.25,24.8799991607666,16.898225784301758
2005-05-27,62200,24.8799991607666,25.010000228881836,25.06999969482422,24.760000228881836,16.918519973754883
2005-05-26,124400,24.600000381469727,24.8799991607666,24.979999542236328,24.5,16.83057975769043
2005-05-25,122400,24.510000228881836,24.5,24.700000762939453,24.299999237060547,16.57352066040039
2005-05-24,129200,24.520000457763672,24.59000015258789,24.719999313354492,24.360000610351562,16.634401321411133
2005-05-23,130600,24.639999389648438,24.610000610351562,24.760000228881836,24.450000762939453,16.64792823791504
2005-05-20,121000,24.90999984741211,24.530000686645508,24.90999984741211,24.510000228881836,16.593812942504883
2005-05-19,164600,24.850000381469727,24.860000610351562,25.0,24.700000762939453,16.81705093383789
2005-05-18,191700,24.739999771118164,24.950000762939453,24.989999771118164,24.649999618530273,16.87793731689453
2005-05-17,187900,24.690000534057617,24.700000762939453,24.75,24.40999984741211,16.70881462097168
2005-05-16,85800,24.510000228881836,24.770000457763672,25.0,24.510000228881836,16.75616455078125
2005-05-13,200800,24.5,24.5,25.020000457763672,24.389999389648438,16.57352066040039
2005-05-12,131300,24.690000534057617,24.5,24.920000076293945,24.450000762939453,16.57352066040039
2005-05-11,158400,24.860000610351562,24.899999618530273,24.959999084472656,24.530000686645508,16.705427169799805
2005-05-10,143400,25.149999618530273,24.799999237060547,25.149999618530273,24.780000686645508,16.63833999633789
2005-05-09,67500,24.969999313354492,25.25,25.25,24.899999618530273,16.940244674682617
2005-05-06,76600,25.100000381469727,24.969999313354492,25.200000762939453,24.8700008392334,16.75239372253418
2005-05-05,179900,25.1200008392334,25.0,25.3799991607666,24.979999542236328,16.77251625061035
2005-05-04,198300,24.399999618530273,25.15999984741211,25.15999984741211,24.299999237060547,16.879863739013672
2005-05-03,182800,24.81999969482422,24.530000686645508,24.860000610351562,24.469999313354492,16.457195281982422
2005-05-02,133300,24.5,25.0,25.040000915527344,24.5,16.77251625061035
2005-04-29,283300,24.739999771118164,24.469999313354492,24.75,23.530000686645508,16.41693687438965
2005-04-28,175400,24.889999389648438,24.68000030517578,25.100000381469727,24.600000381469727,16.557832717895508
2005-04-27,157500,25.059999465942383,25.139999389648438,25.610000610351562,24.65999984741211,16.866439819335938
2005-04-26,148400,25.100000381469727,25.049999237060547,25.360000610351562,24.81999969482422,16.80606460571289
2005-04-25,104300,25.329999923706055,25.100000381469727,25.399999618530273,24.899999618530273,16.8396053314209
2005-04-22,220100,25.25,25.34000015258789,25.34000015258789,24.860000610351562,17.000627517700195
2005-04-21,192700,24.950000762939453,25.350000381469727,25.559999465942383,24.75,17.00733757019043
2005-04-20,178200,25.260000228881836,24.700000762939453,25.270000457763672,24.649999618530273,16.571247100830078
2005-04-19,157500,24.760000228881836,25.299999237060547,25.299999237060547,24.75,16.973787307739258
2005-04-18,285800,24.700000762939453,24.600000381469727,24.899999618530273,24.489999771118164,16.50416374206543
2005-04-15,194100,24.350000381469727,24.549999237060547,24.8799991607666,24.350000381469727,16.47061538696289
2005-04-14,185900,25.06999969482422,24.329999923706055,25.1200008392334,24.309999465942383,16.323015213012695
2005-04-13,177000,24.959999084472656,25.040000915527344,25.100000381469727,24.670000076293945,16.79935646057129
2005-04-12,130200,24.5,25.040000915527344,25.09000015258789,24.360000610351562,16.79935646057129
2005-04-11,117500,24.600000381469727,24.600000381469727,24.739999771118164,24.43000030517578,16.50416374206543
2005-04-08,169100,24.8700008392334,24.600000381469727,25.0,24.520000457763672,16.50416374206543
2005-04-07,222900,24.799999237060547,24.8799991607666,25.030000686645508,24.690000534057617,16.69200897216797
2005-04-06,140500,24.739999771118164,24.799999237060547,25.049999237060547,24.700000762939453,16.63833999633789
2005-04-05,183900,24.719999313354492,24.790000915527344,24.93000030517578,24.68000030517578,16.63163948059082
2005-04-04,170600,24.639999389648438,24.850000381469727,24.989999771118164,24.200000762939453,16.671886444091797
2005-04-01,154900,24.270000457763672,24.540000915527344,24.6200008392334,24.239999771118164,16.463903427124023
2005-03-31,270600,24.3799991607666,24.15999984741211,24.56999969482422,24.110000610351562,16.208965301513672
2005-03-30,126800,23.81999969482422,24.399999618530273,24.420000076293945,23.81999969482422,16.369977951049805
2005-03-29,168300,24.020000457763672,23.700000762939453,24.299999237060547,23.65999984741211,15.900346755981445
2005-03-28,164800,24.139999389648438,24.020000457763672,24.15999984741211,23.969999313354492,16.11503791809082
2005-03-24,110200,24.139999389648438,23.959999084472656,24.299999237060547,23.940000534057617,16.074783325195312
2005-03-23,99000,24.299999237060547,24.100000381469727,24.309999465942383,23.8700008392334,16.1687068939209
2005-03-22,167400,24.68000030517578,24.34000015258789,24.700000762939453,24.270000457763672,16.32972526550293
2005-03-21,100500,24.719999313354492,24.68000030517578,24.799999237060547,24.399999618530273,16.557832717895508
2005-03-18,296600,25.110000610351562,24.809999465942383,25.110000610351562,24.389999389648438,16.645042419433594
2005-03-17,98400,25.100000381469727,25.010000228881836,25.1299991607666,25.010000228881836,16.77923011779785
2005-03-16,146200,25.200000762939453,25.030000686645508,25.239999771118164,25.0,16.79264259338379
2005-03-15,92000,25.399999618530273,25.190000534057617,25.889999389648438,25.170000076293945,16.899988174438477
2005-03-14,109800,25.299999237060547,25.18000030517578,25.450000762939453,25.139999389648438,16.893274307250977
2005-03-11,73400,25.100000381469727,25.100000381469727,25.209999084472656,24.920000076293945,16.8396053314209
2005-03-10,91500,24.979999542236328,24.979999542236328,25.219999313354492,24.93000030517578,16.75910186767578
2005-03-09,66200,25.399999618530273,25.079999923706055,25.5,25.06999969482422,16.82619285583496
2005-03-08,88000,25.520000457763672,25.549999237060547,25.860000610351562,25.469999313354492,17.141511917114258
2005-03-07,58900,25.700000762939453,25.670000076293945,26.1299991607666,25.670000076293945,17.222023010253906
2005-03-04,70100,25.200000762939453,25.600000381469727,25.690000534057617,25.059999465942383,17.175058364868164
2005-03-03,100900,25.399999618530273,25.149999618530273,25.450000762939453,25.020000457763672,16.873151779174805
2005-03-02,52900,25.420000076293945,25.25,25.700000762939453,25.190000534057617,16.940244674682617
2005-03-01,55200,25.149999618530273,25.290000915527344,25.59000015258789,25.1200008392334,16.967077255249023
2005-02-28,136300,25.049999237060547,25.079999923706055,25.3700008392334,24.760000228881836,16.82619285583496
2005-02-25,80600,24.649999618530273,25.270000457763672,25.270000457763672,24.549999237060547,16.953662872314453
2005-02-24,82900,24.280000686645508,24.639999389648438,24.729999542236328,24.0,16.530990600585938
2005-02-23,126700,24.43000030517578,24.309999465942383,24.610000610351562,24.200000762939453,16.309598922729492
2005-02-22,109900,25.049999237060547,24.350000381469727,25.049999237060547,24.350000381469727,16.336437225341797
2005-02-18,84600,25.280000686645508,25.139999389648438,25.280000686645508,25.0,16.866439819335938
2005-02-17,74000,25.5,25.260000228881836,25.540000915527344,25.229999542236328,16.94695281982422
2005-02-16,167300,25.469999313354492,25.5,25.649999618530273,25.229999542236328,17.10796546936035
2005-02-15,53600,25.549999237060547,25.530000686645508,25.75,25.5,17.128097534179688
2005-02-14,42200,25.649999618530273,25.549999237060547,25.65999984741211,25.469999313354492,17.141511917114258
2005-02-11,95400,25.389999389648438,25.670000076293945,25.84000015258789,25.219999313354492,17.222023010253906
2005-02-10,101200,25.68000030517578,25.649999618530273,25.809999465942383,25.469999313354492,17.07107162475586
2005-02-09,92300,25.75,25.670000076293945,25.760000228881836,25.510000228881836,17.084379196166992
2005-02-08,69900,25.450000762939453,25.75,25.770000457763672,25.450000762939453,17.137624740600586
2005-02-07,50900,25.799999237060547,25.5,25.899999618530273,25.399999618530273,16.971235275268555
2005-02-04,76200,25.3700008392334,25.770000457763672,25.809999465942383,25.3700008392334,17.15093231201172
2005-02-03,61700,25.280000686645508,25.299999237060547,25.329999923706055,24.899999618530273,16.838132858276367
2005-02-02,63300,25.209999084472656,25.280000686645508,25.440000534057617,25.09000015258789,16.824817657470703
2005-02-01,103500,25.3700008392334,25.309999465942383,25.6299991607666,25.200000762939453,16.844785690307617
2005-01-31,108300,24.950000762939453,25.3700008392334,25.469999313354492,24.950000762939453,16.88472557067871
2005-01-28,57900,25.049999237060547,24.790000915527344,25.100000381469727,24.540000915527344,16.498714447021484
2005-01-27,73700,24.899999618530273,25.010000228881836,25.1200008392334,24.850000381469727,16.64512825012207
2005-01-26,87600,24.700000762939453,24.989999771118164,24.989999771118164,24.6299991607666,16.63181495666504
2005-01-25,74700,24.0,24.610000610351562,24.65999984741211,24.0,16.3789119720459
2005-01-24,124800,24.270000457763672,24.5,24.649999618530273,24.200000762939453,16.30569839477539
2005-01-21,82800,24.469999313354492,24.270000457763672,24.6299991607666,24.200000762939453,16.15262794494629
2005-01-20,118100,24.399999618530273,24.399999618530273,24.760000228881836,24.239999771118164,16.239151000976562
2005-01-19,79400,24.75,24.540000915527344,24.889999389648438,24.530000686645508,16.332321166992188
2005-01-18,67600,24.809999465942383,24.899999618530273,24.969999313354492,24.700000762939453,16.571910858154297
2005-01-14,95000,24.399999618530273,24.799999237060547,24.799999237060547,24.350000381469727,16.505361557006836
2005-01-13,113600,24.3799991607666,24.350000381469727,24.639999389648438,24.209999084472656,16.205869674682617
2005-01-12,67100,24.100000381469727,24.3799991607666,24.3799991607666,24.059999465942383,16.225831985473633
2005-01-11,87500,24.399999618530273,24.18000030517578,24.40999984741211,24.06999969482422,16.09272575378418
2005-01-10,183400,24.209999084472656,24.5,24.700000762939453,24.209999084472656,16.30569839477539
2005-01-07,109000,24.860000610351562,24.170000076293945,24.969999313354492,24.170000076293945,16.086074829101562
2005-01-06,75400,24.799999237060547,24.649999618530273,24.850000381469727,24.649999618530273,16.40553092956543
2005-01-05,183200,24.93000030517578,24.739999771118164,24.979999542236328,24.65999984741211,16.46542739868164
2005-01-04,100900,25.020000457763672,24.93000030517578,25.239999771118164,24.93000030517578,16.591880798339844
2005-01-03,98300,25.350000381469727,25.040000915527344,25.559999465942383,24.969999313354492,16.66509437561035
2004-12-31,43600,25.549999237060547,25.399999618530273,25.68000030517578,25.360000610351562,16.904685974121094
2004-12-30,26700,25.510000228881836,25.549999237060547,25.709999084472656,25.510000228881836,17.0045166015625
2004-12-29,29600,25.549999237060547,25.530000686645508,25.700000762939453,25.469999313354492,16.99120330810547
2004-12-28,68300,25.260000228881836,25.690000534057617,26.149999618530273,25.260000228881836,17.097700119018555
2004-12-27,55500,25.530000686645508,25.260000228881836,25.549999237060547,25.260000228881836,16.811506271362305
2004-12-23,35500,25.600000381469727,25.549999237060547,25.760000228881836,25.549999237060547,17.0045166015625
2004-12-22,59500,25.670000076293945,25.670000076293945,25.889999389648438,25.600000381469727,17.084379196166992
2004-12-21,90600,25.549999237060547,25.670000076293945,25.739999771118164,25.520000457763672,17.084379196166992
2004-12-20,129600,25.59000015258789,25.56999969482422,25.600000381469727,25.43000030517578,17.017826080322266
2004-12-17,178000,25.489999771118164,25.600000381469727,25.600000381469727,25.440000534057617,17.03778839111328
2004-12-16,72600,25.549999237060547,25.510000228881836,25.600000381469727,25.399999618530273,16.977893829345703
2004-12-15,130400,25.25,25.600000381469727,25.600000381469727,25.209999084472656,17.03778839111328
2004-12-14,109900,25.299999237060547,25.290000915527344,25.450000762939453,25.06999969482422,16.831466674804688
2004-12-13,79500,25.170000076293945,25.280000686645508,25.350000381469727,25.0,16.824817657470703
2004-12-10,135800,25.0,25.170000076293945,25.270000457763672,24.459999084472656,16.75160789489746
2004-12-09,92800,24.81999969482422,24.899999618530273,24.899999618530273,24.6200008392334,16.571910858154297
2004-12-08,102100,24.649999618530273,25.020000457763672,25.06999969482422,24.649999618530273,16.651784896850586
2004-12-07,107600,25.31999969482422,24.899999618530273,25.31999969482422,24.899999618530273,16.571910858154297
2004-12-06,89300,25.239999771118164,25.309999465942383,25.450000762939453,25.100000381469727,16.844785690307617
2004-12-03,135400,25.399999618530273,25.34000015258789,25.479999542236328,25.200000762939453,16.86475372314453
2004-12-02,89300,25.3700008392334,25.34000015258789,25.469999313354492,25.25,16.86475372314453
2004-12-01,113500,25.5,25.610000610351562,25.610000610351562,25.329999923706055,17.044445037841797
2004-11-30,66500,25.5,25.399999618530273,25.600000381469727,25.25,16.904685974121094
2004-11-29,88700,25.549999237060547,25.549999237060547,25.600000381469727,25.18000030517578,17.0045166015625
2004-11-26,10200,25.360000610351562,25.469999313354492,25.59000015258789,25.360000610351562,16.951269149780273
2004-11-24,73100,25.25,25.34000015258789,25.5,25.149999618530273,16.86475372314453
2004-11-23,80500,25.190000534057617,25.350000381469727,25.450000762939453,25.049999237060547,16.871408462524414
2004-11-22,117900,24.739999771118164,25.18000030517578,25.219999313354492,24.739999771118164,16.758258819580078
2004-11-19,46000,24.90999984741211,24.719999313354492,24.959999084472656,24.709999084472656,16.452116012573242
2004-11-18,71600,25.0,24.93000030517578,25.059999465942383,24.850000381469727,16.591880798339844
2004-11-17,153200,24.93000030517578,25.149999618530273,25.290000915527344,24.93000030517578,16.73829460144043
2004-11-16,67300,25.059999465942383,24.899999618530273,25.06999969482422,24.829999923706055,16.571910858154297
2004-11-15,99800,25.399999618530273,25.15999984741211,25.450000762939453,24.8700008392334,16.744951248168945
2004-11-12,84100,25.260000228881836,25.350000381469727,25.3700008392334,24.889999389648438,16.871408462524414
2004-11-11,78100,24.799999237060547,25.260000228881836,25.299999237060547,24.780000686645508,16.811506271362305
2004-11-10,86400,24.790000915527344,24.889999389648438,25.0,24.790000915527344,16.565258026123047
2004-11-09,75400,25.09000015258789,25.1299991607666,25.270000457763672,25.0,16.588552474975586
2004-11-08,123000,25.899999618530273,25.100000381469727,25.899999618530273,25.0,16.56875228881836
2004-11-05,161400,25.600000381469727,25.899999618530273,25.979999542236328,25.5,17.096830368041992
2004-11-04,130600,25.100000381469727,25.59000015258789,25.59000015258789,24.899999618530273,16.892210006713867
2004-11-03,116000,24.75,25.18000030517578,25.18000030517578,24.75,16.621553421020508
2004-11-02,131500,24.799999237060547,24.600000381469727,24.940000534057617,24.520000457763672,16.238698959350586
2004-11-01,57800,24.5,24.93000030517578,24.950000762939453,24.420000076293945,16.456533432006836
2004-10-29,88200,24.549999237060547,24.43000030517578,24.649999618530273,24.43000030517578,16.126474380493164
2004-10-28,74000,24.549999237060547,24.59000015258789,24.59000015258789,24.329999923706055,16.232097625732422
2004-10-27,119100,24.06999969482422,24.68000030517578,24.68000030517578,24.06999969482422,16.291501998901367
2004-10-26,105600,23.760000228881836,24.190000534057617,24.280000686645508,23.700000762939453,15.968045234680176
2004-10-25,115500,23.8700008392334,23.670000076293945,24.020000457763672,23.670000076293945,15.624795913696289
2004-10-22,111200,24.049999237060547,23.90999984741211,24.049999237060547,23.770000457763672,15.783225059509277
2004-10-21,130200,23.75,23.989999771118164,23.989999771118164,23.59000015258789,15.836033821105957
2004-10-20,97300,23.549999237060547,23.709999084472656,23.790000915527344,23.489999771118164,15.651195526123047
2004-10-19,76300,23.600000381469727,23.709999084472656,23.760000228881836,23.549999237060547,15.651195526123047
2004-10-18,90800,23.549999237060547,23.549999237060547,23.770000457763672,23.530000686645508,15.54558277130127
2004-10-15,87200,23.520000457763672,23.610000610351562,23.950000762939453,23.479999542236328,15.585184097290039
2004-10-14,47000,23.549999237060547,23.510000228881836,23.639999389648438,23.450000762939453,15.519172668457031
2004-10-13,73800,24.0,23.600000381469727,24.0,23.489999771118164,15.578579902648926
2004-10-12,49700,23.889999389648438,23.969999313354492,24.0,23.780000686645508,15.822826385498047
2004-10-11,28600,23.920000076293945,23.889999389648438,23.989999771118164,23.81999969482422,15.77001953125
2004-10-08,81200,23.649999618530273,23.860000610351562,23.969999313354492,23.649999618530273,15.750216484069824
2004-10-07,91700,24.149999618530273,23.709999084472656,24.149999618530273,23.709999084472656,15.651195526123047
2004-10-06,143900,23.700000762939453,24.170000076293945,24.170000076293945,23.700000762939453,15.954850196838379
2004-10-05,152600,23.950000762939453,23.860000610351562,24.040000915527344,23.829999923706055,15.750216484069824
2004-10-04,46200,24.100000381469727,24.0,24.149999618530273,23.940000534057617,15.842629432678223
2004-10-01,108700,23.799999237060547,24.0,24.149999618530273,23.799999237060547,15.842629432678223
2004-09-30,65700,23.790000915527344,23.950000762939453,23.950000762939453,23.670000076293945,15.809626579284668
2004-09-29,70900,23.600000381469727,23.790000915527344,23.790000915527344,23.530000686645508,15.704009056091309
2004-09-28,106400,23.149999618530273,23.600000381469727,23.600000381469727,23.149999618530273,15.578579902648926
2004-09-27,70200,23.329999923706055,23.190000534057617,23.40999984741211,23.15999984741211,15.307941436767578
2004-09-24,60200,23.5,23.34000015258789,23.549999237060547,23.34000015258789,15.406952857971191
2004-09-23,82200,23.5,23.399999618530273,23.600000381469727,23.399999618530273,15.446568489074707
2004-09-22,92200,23.780000686645508,23.549999237060547,23.790000915527344,23.489999771118164,15.54558277130127
2004-09-21,68100,23.889999389648438,23.8799991607666,23.940000534057617,23.729999542236328,15.76341724395752
2004-09-20,61600,23.799999237060547,23.790000915527344,23.899999618530273,23.770000457763672,15.704009056091309
2004-09-17,179300,24.149999618530273,23.989999771118164,24.149999618530273,23.790000915527344,15.836033821105957
2004-09-16,75200,23.600000381469727,24.0,24.0,23.600000381469727,15.842629432678223
2004-09-15,51100,23.68000030517578,23.559999465942383,23.68000030517578,23.440000534057617,15.55218505859375
2004-09-14,78800,23.649999618530273,23.65999984741211,23.770000457763672,23.520000457763672,15.61818790435791
2004-09-13,83700,23.59000015258789,23.729999542236328,23.799999237060547,23.59000015258789,15.664405822753906
2004-09-10,56900,23.399999618530273,23.6200008392334,23.670000076293945,23.299999237060547,15.591780662536621
2004-09-09,132000,23.229999542236328,23.520000457763672,23.530000686645508,23.229999542236328,15.525781631469727
2004-09-08,107900,23.350000381469727,23.229999542236328,23.459999084472656,23.229999542236328,15.334343910217285
2004-09-07,92900,23.450000762939453,23.420000076293945,23.5,23.329999923706055,15.459765434265137
2004-09-03,114400,23.75,23.450000762939453,23.760000228881836,23.43000030517578,15.479574203491211
2004-09-02,110600,23.799999237060547,23.75,23.799999237060547,23.59000015258789,15.67759895324707
2004-09-01,203700,23.600000381469727,23.790000915527344,23.799999237060547,23.5,15.704009056091309
2004-08-31,73900,23.280000686645508,23.600000381469727,23.6200008392334,23.239999771118164,15.578579902648926
2004-08-30,47300,23.469999313354492,23.399999618530273,23.530000686645508,23.270000457763672,15.446568489074707
2004-08-27,47700,23.399999618530273,23.56999969482422,23.56999969482422,23.360000610351562,15.558783531188965
2004-08-26,37900,23.489999771118164,23.350000381469727,23.489999771118164,23.270000457763672,15.413559913635254
2004-08-25,66700,23.280000686645508,23.459999084472656,23.479999542236328,23.209999084472656,15.486165046691895
2004-08-24,52000,23.309999465942383,23.350000381469727,23.350000381469727,23.139999389648438,15.413559913635254
2004-08-23,78200,23.459999084472656,23.209999084472656,23.579999923706055,23.209999084472656,15.321141242980957
2004-08-20,95400,23.25,23.360000610351562,23.420000076293945,23.25,15.420156478881836
2004-08-19,88700,23.299999237060547,23.329999923706055,23.450000762939453,23.290000915527344,15.400352478027344
2004-08-18,106400,23.149999618530273,23.360000610351562,23.40999984741211,23.09000015258789,15.420156478881836
2004-08-17,68000,23.530000686645508,23.280000686645508,23.690000534057617,23.229999542236328,15.367350578308105
2004-08-16,66800,23.229999542236328,23.559999465942383,23.639999389648438,23.229999542236328,15.55218505859375
2004-08-13,71800,23.25,23.200000762939453,23.350000381469727,23.1299991607666,15.314546585083008
2004-08-12,79300,23.5,23.15999984741211,23.5,23.059999465942383,15.288138389587402
2004-08-11,70800,23.399999618530273,23.600000381469727,23.670000076293945,23.149999618530273,15.443257331848145
2004-08-10,59300,23.06999969482422,23.489999771118164,23.489999771118164,23.06999969482422,15.371284484863281
2004-08-09,84600,22.8700008392334,23.06999969482422,23.06999969482422,22.8700008392334,15.096447944641113
2004-08-06,81400,23.0,22.8700008392334,23.229999542236328,22.8700008392334,14.965572357177734
2004-08-05,90900,23.25,23.100000381469727,23.389999389648438,23.0,15.116069793701172
2004-08-04,109100,23.09000015258789,23.239999771118164,23.5,22.940000534057617,15.207688331604004
2004-08-03,161500,23.649999618530273,23.170000076293945,23.649999618530273,23.1299991607666,15.161879539489746
2004-08-02,70900,23.6200008392334,23.719999313354492,23.81999969482422,23.43000030517578,15.5217924118042
2004-07-30,89100,23.770000457763672,23.670000076293945,23.93000030517578,23.59000015258789,15.489073753356934
2004-07-29,49100,23.600000381469727,23.770000457763672,23.770000457763672,23.479999542236328,15.554505348205566
2004-07-28,65200,23.299999237060547,23.5,23.549999237060547,23.25,15.377833366394043
2004-07-27,87300,22.809999465942383,23.399999618530273,23.440000534057617,22.809999465942383,15.312393188476562
2004-07-26,61800,23.030000686645508,22.790000915527344,23.190000534057617,22.700000762939453,14.913219451904297
2004-07-23,69900,23.25,22.93000030517578,23.3799991607666,22.93000030517578,15.004834175109863
2004-07-22,122900,23.450000762939453,23.350000381469727,23.68000030517578,23.299999237060547,15.279670715332031
2004-07-21,104500,24.31999969482422,23.530000686645508,24.459999084472656,23.510000228881836,15.39745807647705
2004-07-20,60600,24.049999237060547,24.309999465942383,24.31999969482422,24.010000228881836,15.907868385314941
2004-07-19,66200,23.920000076293945,23.899999618530273,24.100000381469727,23.760000228881836,15.639579772949219
2004-07-16,65600,23.729999542236328,23.969999313354492,23.969999313354492,23.68000030517578,15.685382843017578
2004-07-15,57900,23.649999618530273,23.729999542236328,23.850000381469727,23.649999618530273,15.528338432312012
2004-07-14,52900,23.469999313354492,23.709999084472656,23.770000457763672,23.43000030517578,15.515242576599121
2004-07-13,38700,23.81999969482422,23.549999237060547,23.899999618530273,23.549999237060547,15.410547256469727
2004-07-12,73900,23.600000381469727,23.780000686645508,23.950000762939453,23.559999465942383,15.56104850769043
2004-07-09,94100,23.56999969482422,23.649999618530273,23.690000534057617,23.40999984741211,15.475982666015625
2004-07-08,70800,23.65999984741211,23.520000457763672,23.790000915527344,23.520000457763672,15.390917778015137
2004-07-07,57400,23.700000762939453,23.649999618530273,23.93000030517578,23.639999389648438,15.475982666015625
2004-07-06,82800,23.850000381469727,23.649999618530273,23.90999984741211,23.600000381469727,15.475982666015625
2004-07-02,37800,23.899999618530273,23.979999542236328,24.1200008392334,23.799999237060547,15.691926956176758
2004-07-01,89900,24.049999237060547,23.899999618530273,24.149999618530273,23.8700008392334,15.639579772949219
2004-06-30,131800,23.84000015258789,24.1299991607666,24.200000762939453,23.790000915527344,15.790085792541504
2004-06-29,204400,23.469999313354492,23.84000015258789,23.989999771118164,23.469999313354492,15.600310325622559
2004-06-28,142500,23.43000030517578,23.459999084472656,23.520000457763672,23.280000686645508,15.351646423339844
2004-06-25,122900,23.350000381469727,23.399999618530273,23.530000686645508,23.049999237060547,15.312393188476562
2004-06-24,75400,23.459999084472656,23.40999984741211,23.549999237060547,23.399999618530273,15.318925857543945
2004-06-23,109200,23.399999618530273,23.459999084472656,23.459999084472656,22.899999618530273,15.351646423339844
2004-06-22,119400,23.399999618530273,23.469999313354492,23.479999542236328,23.100000381469727,15.35819149017334
2004-06-21,86700,23.389999389648438,23.469999313354492,23.5,23.290000915527344,15.35819149017334
2004-06-18,141100,23.459999084472656,23.399999618530273,23.520000457763672,23.299999237060547,15.312393188476562
2004-06-17,58400,23.440000534057617,23.450000762939453,23.450000762939453,23.200000762939453,15.345111846923828
2004-06-16,73200,23.219999313354492,23.440000534057617,23.450000762939453,23.219999313354492,15.338560104370117
2004-06-15,96600,22.850000381469727,23.200000762939453,23.260000228881836,22.850000381469727,15.181517601013184
2004-06-14,84000,22.75,22.700000762939453,22.899999618530273,22.700000762939453,14.854329109191895
2004-06-10,115200,22.520000457763672,22.8700008392334,22.8799991607666,22.520000457763672,14.965572357177734
2004-06-09,89800,22.75,22.559999465942383,22.809999465942383,22.510000228881836,14.762710571289062
2004-06-08,32400,22.799999237060547,22.799999237060547,22.899999618530273,22.700000762939453,14.919760704040527
2004-06-07,72300,22.6299991607666,22.950000762939453,22.950000762939453,22.5,15.017918586730957
2004-06-04,88900,22.549999237060547,22.520000457763672,22.649999618530273,22.290000915527344,14.736539840698242
2004-06-03,52000,22.75,22.399999618530273,22.75,22.399999618530273,14.658014297485352
2004-06-02,39900,22.8700008392334,22.81999969482422,22.93000030517578,22.75,14.932853698730469
2004-06-01,78700,22.719999313354492,22.670000076293945,22.799999237060547,22.559999465942383,14.834693908691406
2004-05-28,31400,22.700000762939453,22.600000381469727,22.780000686645508,22.549999237060547,14.788887977600098
2004-05-27,64100,22.639999389648438,22.670000076293945,22.780000686645508,22.459999084472656,14.834693908691406
2004-05-26,48500,22.649999618530273,22.639999389648438,22.770000457763672,22.489999771118164,14.815064430236816
2004-05-25,80000,22.200000762939453,22.700000762939453,22.700000762939453,22.200000762939453,14.854329109191895
2004-05-24,63700,22.020000457763672,22.260000228881836,22.270000457763672,21.899999618530273,14.566402435302734
2004-05-21,74800,21.969999313354492,21.920000076293945,22.049999237060547,21.760000228881836,14.343911170959473
2004-05-20,71500,21.75,21.889999389648438,22.0,21.649999618530273,14.324277877807617
2004-05-19,107200,21.979999542236328,21.649999618530273,22.049999237060547,21.549999237060547,14.167229652404785
2004-05-18,80200,21.530000686645508,21.889999389648438,21.889999389648438,21.5,14.324277877807617
2004-05-17,82800,21.940000534057617,21.610000610351562,21.940000534057617,21.559999465942383,14.141057968139648
2004-05-14,73000,21.850000381469727,21.93000030517578,22.219999313354492,21.75,14.350454330444336
2004-05-13,77500,22.0,21.920000076293945,22.1200008392334,21.860000610351562,14.343911170959473
2004-05-12,89100,22.100000381469727,22.270000457763672,22.299999237060547,21.700000762939453,14.438803672790527
2004-05-11,63800,22.299999237060547,22.200000762939453,22.299999237060547,22.06999969482422,14.393420219421387
2004-05-10,106900,22.350000381469727,22.1299991607666,22.440000534057617,22.079999923706055,14.348030090332031
2004-05-07,92500,22.850000381469727,22.40999984741211,23.100000381469727,22.399999618530273,14.529561042785645
2004-05-06,70100,23.0,22.850000381469727,23.09000015258789,22.739999771118164,14.814837455749512
2004-05-05,46000,23.15999984741211,23.030000686645508,23.299999237060547,23.030000686645508,14.931544303894043
2004-05-04,53200,23.0,23.209999084472656,23.360000610351562,22.950000762939453,15.048246383666992
2004-05-03,78700,22.899999618530273,23.06999969482422,23.219999313354492,22.809999465942383,14.957481384277344
2004-04-30,76700,23.049999237060547,22.799999237060547,23.149999618530273,22.799999237060547,14.782421112060547
2004-04-29,94000,23.209999084472656,23.0,23.450000762939453,22.850000381469727,14.912091255187988
2004-04-28,99000,23.229999542236328,22.959999084472656,23.3799991607666,22.950000762939453,14.886157989501953
2004-04-27,101400,23.34000015258789,23.280000686645508,23.709999084472656,23.149999618530273,15.093631744384766
2004-04-26,33000,23.350000381469727,23.3700008392334,23.549999237060547,23.309999465942383,15.151984214782715
2004-04-23,41000,23.450000762939453,23.389999389648438,23.450000762939453,23.229999542236328,15.164950370788574
2004-04-22,76600,23.1200008392334,23.399999618530273,23.489999771118164,23.1200008392334,15.171439170837402
2004-04-21,44600,22.889999389648438,23.1200008392334,23.1200008392334,22.75,14.989887237548828
2004-04-20,52600,23.25,22.829999923706055,23.290000915527344,22.799999237060547,14.801876068115234
2004-04-19,54100,23.200000762939453,23.139999389648438,23.350000381469727,22.989999771118164,15.002862930297852
2004-04-16,63000,22.899999618530273,23.200000762939453,23.350000381469727,22.799999237060547,15.041768074035645
2004-04-15,75600,22.850000381469727,22.899999618530273,23.049999237060547,22.81999969482422,14.847257614135742
2004-04-14,56500,23.149999618530273,22.93000030517578,23.200000762939453,22.84000015258789,14.866711616516113
2004-04-13,81400,23.600000381469727,23.149999618530273,23.649999618530273,23.149999618530273,15.00934886932373
2004-04-12,93900,23.84000015258789,23.459999084472656,23.979999542236328,23.280000686645508,15.210330963134766
2004-04-08,52600,24.030000686645508,23.790000915527344,24.059999465942383,23.75,15.424295425415039
2004-04-07,112000,23.760000228881836,24.010000228881836,24.020000457763672,23.760000228881836,15.56693172454834
2004-04-06,70200,23.5,23.760000228881836,23.780000686645508,23.5,15.404833793640137
2004-04-05,79400,23.649999618530273,23.5,23.739999771118164,23.360000610351562,15.236276626586914
2004-04-02,53400,23.889999389648438,23.690000534057617,23.979999542236328,23.489999771118164,15.359460830688477
2004-04-01,72400,23.450000762939453,23.690000534057617,23.690000534057617,23.399999618530273,15.359460830688477
2004-03-31,73600,23.450000762939453,23.399999618530273,23.479999542236328,23.25,15.171439170837402
2004-03-30,107200,23.100000381469727,23.389999389648438,23.399999618530273,23.09000015258789,15.164950370788574
2004-03-29,98600,22.950000762939453,23.18000030517578,23.239999771118164,22.940000534057617,15.02879524230957
2004-03-26,76400,22.950000762939453,22.920000076293945,23.0,22.850000381469727,14.860225677490234
2004-03-25,82300,22.889999389648438,22.889999389648438,23.020000457763672,22.850000381469727,14.840777397155762
2004-03-24,68500,23.110000610351562,22.899999618530273,23.1200008392334,22.81999969482422,14.847257614135742
2004-03-23,71300,23.25,23.0,23.25,22.899999618530273,14.912091255187988
2004-03-22,92700,23.200000762939453,23.06999969482422,23.200000762939453,22.809999465942383,14.957481384277344
2004-03-19,72200,23.489999771118164,23.1200008392334,23.489999771118164,23.09000015258789,14.989887237548828
2004-03-18,75500,23.5,23.43000030517578,23.549999237060547,23.350000381469727,15.19088363647461
2004-03-17,83300,23.239999771118164,23.510000228881836,23.510000228881836,23.149999618530273,15.242749214172363
2004-03-16,83200,23.25,23.139999389648438,23.350000381469727,23.100000381469727,15.002862930297852
2004-03-15,77500,23.549999237060547,23.149999618530273,23.549999237060547,23.100000381469727,15.00934886932373
2004-03-12,63100,23.049999237060547,23.5,23.5,22.860000610351562,15.236276626586914
2004-03-11,70200,23.170000076293945,23.020000457763672,23.479999542236328,22.90999984741211,14.925057411193848
2004-03-10,71600,23.479999542236328,23.059999465942383,23.549999237060547,23.0,14.950997352600098
2004-03-09,48400,23.399999618530273,23.440000534057617,23.549999237060547,23.260000228881836,15.197364807128906
2004-03-08,39500,23.450000762939453,23.329999923706055,23.489999771118164,23.260000228881836,15.126046180725098
2004-03-05,62100,23.479999542236328,23.399999618530273,23.56999969482422,23.25,15.171439170837402
2004-03-04,51800,23.389999389648438,23.530000686645508,23.530000686645508,23.149999618530273,15.255721092224121
2004-03-03,55500,23.299999237060547,23.350000381469727,23.3799991607666,23.059999465942383,15.139018058776855
2004-03-02,72000,23.450000762939453,23.25,23.450000762939453,23.200000762939453,15.074182510375977
2004-03-01,65300,23.350000381469727,23.450000762939453,23.5,23.350000381469727,15.203856468200684
2004-02-27,45600,22.549999237060547,23.469999313354492,23.540000915527344,22.549999237060547,15.216815948486328
2004-02-26,77400,23.450000762939453,23.530000686645508,23.59000015258789,23.270000457763672,15.255721092224121
2004-02-25,49300,23.1200008392334,23.450000762939453,23.450000762939453,23.059999465942383,15.203856468200684
2004-02-24,71700,22.969999313354492,23.040000915527344,23.299999237060547,22.899999618530273,14.938028335571289
2004-02-23,91200,23.110000610351562,22.8700008392334,23.149999618530273,22.860000610351562,14.827811241149902
2004-02-20,75800,23.149999618530273,23.110000610351562,23.149999618530273,22.68000030517578,14.983416557312012
2004-02-19,77900,23.459999084472656,23.010000228881836,23.520000457763672,22.959999084472656,14.91857624053955
2004-02-18,66100,23.799999237060547,23.299999237060547,23.809999465942383,23.299999237060547,15.106595993041992
2004-02-17,46400,23.600000381469727,23.799999237060547,23.899999618530273,23.549999237060547,15.430771827697754
2004-02-13,77800,23.549999237060547,23.5,23.850000381469727,23.5,15.236276626586914
2004-02-12,65200,23.649999618530273,23.700000762939453,23.700000762939453,23.510000228881836,15.365938186645508
2004-02-11,50300,23.790000915527344,23.899999618530273,23.989999771118164,23.719999313354492,15.362695693969727
2004-02-10,68700,23.600000381469727,23.940000534057617,23.940000534057617,23.549999237060547,15.388408660888672
2004-02-09,46500,23.649999618530273,23.649999618530273,23.700000762939453,23.549999237060547,15.202003479003906
2004-02-06,56200,23.149999618530273,23.700000762939453,23.700000762939453,23.100000381469727,15.234137535095215
2004-02-05,71900,23.06999969482422,23.1299991607666,23.229999542236328,22.950000762939453,14.867745399475098
2004-02-04,110000,23.309999465942383,23.059999465942383,23.389999389648438,23.010000228881836,14.822759628295898
2004-02-03,34000,23.549999237060547,23.459999084472656,23.690000534057617,23.459999084472656,15.079869270324707
2004-02-02,54200,23.450000762939453,23.6299991607666,23.770000457763672,23.25,15.189143180847168
2004-01-30,49800,23.809999465942383,23.489999771118164,23.81999969482422,23.280000686645508,15.099156379699707
2004-01-29,91500,23.5,23.809999465942383,23.809999465942383,23.399999618530273,15.304854393005371
2004-01-28,59300,24.0,23.450000762939453,24.049999237060547,23.450000762939453,15.073442459106445
2004-01-27,90600,23.799999237060547,23.8799991607666,24.010000228881836,23.75,15.349835395812988
2004-01-26,53900,23.700000762939453,23.700000762939453,23.889999389648438,23.5,15.234137535095215
2004-01-23,89600,23.579999923706055,23.739999771118164,23.739999771118164,23.5,15.259852409362793
2004-01-22,66500,23.520000457763672,23.469999313354492,23.68000030517578,23.459999084472656,15.086299896240234
2004-01-21,55000,23.489999771118164,23.520000457763672,23.579999923706055,23.299999237060547,15.118436813354492
2004-01-20,68400,23.469999313354492,23.489999771118164,23.6299991607666,23.34000015258789,15.099156379699707
2004-01-16,314600,23.450000762939453,23.450000762939453,23.579999923706055,23.299999237060547,15.073442459106445
2004-01-15,71000,23.200000762939453,23.299999237060547,23.299999237060547,23.0,14.97702407836914
2004-01-14,37800,23.100000381469727,23.200000762939453,23.200000762939453,22.920000076293945,14.91274642944336
2004-01-13,84100,22.899999618530273,23.100000381469727,23.100000381469727,22.81999969482422,14.848467826843262
2004-01-12,51300,22.790000915527344,22.969999313354492,22.969999313354492,22.739999771118164,14.764899253845215
2004-01-09,62700,23.0,22.790000915527344,23.100000381469727,22.790000915527344,14.649198532104492
2004-01-08,122400,22.84000015258789,23.0,23.049999237060547,22.799999237060547,14.784183502197266
2004-01-07,61300,22.790000915527344,22.739999771118164,22.899999618530273,22.639999389648438,14.617063522338867
2004-01-06,57000,22.799999237060547,22.540000915527344,22.959999084472656,22.540000915527344,14.48850154876709
2004-01-05,89600,22.610000610351562,22.729999542236328,22.829999923706055,22.600000381469727,14.610634803771973
2004-01-02,55600,22.56999969482422,22.510000228881836,22.75,22.389999389648438,14.469221115112305
2003-12-31,82500,23.100000381469727,22.450000762939453,23.1200008392334,22.450000762939453,14.43065071105957
2003-12-30,70700,23.18000030517578,23.18000030517578,23.18000030517578,22.940000534057617,14.899888038635254
2003-12-29,84900,22.969999313354492,23.18000030517578,23.18000030517578,22.850000381469727,14.899888038635254
2003-12-26,22000,22.920000076293945,22.889999389648438,22.940000534057617,22.860000610351562,14.713478088378906
2003-12-24,15100,22.8799991607666,22.770000457763672,22.920000076293945,22.770000457763672,14.636348724365234
2003-12-23,77600,22.549999237060547,22.940000534057617,22.940000534057617,22.530000686645508,14.745617866516113
2003-12-22,41500,22.350000381469727,22.649999618530273,22.649999618530273,22.350000381469727,14.559209823608398
2003-12-19,71400,22.600000381469727,22.389999389648438,22.600000381469727,22.25,14.392082214355469
2003-12-18,52600,22.25,22.600000381469727,22.65999984741211,22.18000030517578,14.52707290649414
2003-12-17,42200,22.350000381469727,22.299999237060547,22.350000381469727,22.18000030517578,14.334232330322266
2003-12-16,53600,22.200000762939453,22.350000381469727,22.350000381469727,22.049999237060547,14.366373062133789
2003-12-15,92900,22.549999237060547,22.1299991607666,22.56999969482422,22.1299991607666,14.224958419799805
2003-12-12,59200,22.549999237060547,22.549999237060547,22.709999084472656,22.450000762939453,14.494928359985352
2003-12-11,70200,22.299999237060547,22.489999771118164,22.610000610351562,22.299999237060547,14.456361770629883
2003-12-10,47300,22.350000381469727,22.299999237060547,22.479999542236328,22.200000762939453,14.334232330322266
2003-12-09,65100,22.81999969482422,22.31999969482422,22.899999618530273,22.309999465942383,14.347085952758789
2003-12-08,48600,22.31999969482422,22.770000457763672,22.809999465942383,22.299999237060547,14.636348724365234
2003-12-05,62800,22.399999618530273,22.219999313354492,22.520000457763672,22.219999313354492,14.282803535461426
2003-12-04,78800,22.360000610351562,22.479999542236328,22.540000915527344,22.190000534057617,14.44992733001709
2003-12-03,74900,22.799999237060547,22.360000610351562,22.90999984741211,22.360000610351562,14.372802734375
2003-12-02,39000,22.850000381469727,22.799999237060547,23.0,22.799999237060547,14.655625343322754
2003-12-01,41300,22.75,22.899999618530273,22.950000762939453,22.75,14.719911575317383
2003-11-28,20700,22.799999237060547,22.549999237060547,22.850000381469727,22.549999237060547,14.494928359985352
2003-11-26,39200,22.75,22.75,22.8700008392334,22.600000381469727,14.623485565185547
2003-11-25,92100,22.649999618530273,22.6200008392334,22.75,22.450000762939453,14.53992748260498
2003-11-24,72100,22.299999237060547,22.649999618530273,22.690000534057617,22.299999237060547,14.559209823608398
2003-11-21,55000,22.600000381469727,22.25,22.739999771118164,22.139999389648438,14.302091598510742
2003-11-20,74200,22.469999313354492,22.450000762939453,22.559999465942383,22.059999465942383,14.43065071105957
2003-11-19,51300,22.040000915527344,22.40999984741211,22.56999969482422,22.040000915527344,14.404936790466309
2003-11-18,67600,22.15999984741211,22.040000915527344,22.34000015258789,22.010000228881836,14.167107582092285
2003-11-17,100800,22.399999618530273,22.399999618530273,22.450000762939453,22.059999465942383,14.398514747619629
2003-11-14,60400,22.649999618530273,22.549999237060547,22.780000686645508,22.5,14.494928359985352
2003-11-13,113900,22.1200008392334,22.600000381469727,22.670000076293945,22.110000610351562,14.52707290649414
2003-11-12,63400,22.649999618530273,22.850000381469727,22.850000381469727,22.6299991607666,14.556002616882324
2003-11-11,51600,22.799999237060547,22.75,22.850000381469727,22.579999923706055,14.492291450500488
2003-11-10,68400,22.739999771118164,22.8700008392334,23.0,22.65999984741211,14.56873607635498
2003-11-07,40500,22.850000381469727,22.739999771118164,22.950000762939453,22.719999313354492,14.485922813415527
2003-11-06,57100,23.100000381469727,22.75,23.149999618530273,22.719999313354492,14.492291450500488
2003-11-05,77200,22.899999618530273,23.079999923706055,23.079999923706055,22.6299991607666,14.702516555786133
2003-11-04,88800,22.780000686645508,22.979999542236328,22.979999542236328,22.600000381469727,14.638810157775879
2003-11-03,100400,22.6200008392334,22.940000534057617,22.940000534057617,22.59000015258789,14.613327026367188
2003-10-31,72200,22.440000534057617,22.579999923706055,22.579999923706055,22.280000686645508,14.384004592895508
2003-10-30,104000,22.860000610351562,22.440000534057617,22.899999618530273,22.3799991607666,14.294816017150879
2003-10-29,41800,22.700000762939453,22.850000381469727,22.889999389648438,22.700000762939453,14.556002616882324
2003-10-28,54400,22.479999542236328,22.899999618530273,22.899999618530273,22.399999618530273,14.587849617004395
2003-10-27,46000,22.350000381469727,22.5,22.649999618530273,22.350000381469727,14.333036422729492
2003-10-24,63400,22.5,22.350000381469727,22.610000610351562,22.329999923706055,14.2374849319458
2003-10-23,54300,22.600000381469727,22.520000457763672,22.690000534057617,22.399999618530273,14.345776557922363
2003-10-22,89800,22.75,22.68000030517578,22.850000381469727,22.6200008392334,14.44770336151123
2003-10-21,57200,22.850000381469727,22.850000381469727,22.950000762939453,22.780000686645508,14.556002616882324
2003-10-20,66300,22.850000381469727,22.889999389648438,22.950000762939453,22.639999389648438,14.581473350524902
2003-10-17,74800,22.989999771118164,22.799999237060547,23.0,22.59000015258789,14.524141311645508
2003-10-16,72600,23.030000686645508,23.0,23.18000030517578,22.959999084472656,14.651545524597168
2003-10-15,43300,23.479999542236328,23.079999923706055,23.479999542236328,23.0,14.702516555786133
2003-10-14,44600,23.219999313354492,23.479999542236328,23.479999542236328,23.100000381469727,14.957316398620605
2003-10-13,54100,23.200000762939453,23.260000228881836,23.459999084472656,23.049999237060547,14.817172050476074
2003-10-10,55800,23.399999618530273,23.239999771118164,23.43000030517578,23.059999465942383,14.804433822631836
2003-10-09,71800,23.049999237060547,23.329999923706055,23.360000610351562,23.049999237060547,14.861766815185547
2003-10-08,80200,23.170000076293945,22.950000762939453,23.170000076293945,22.770000457763672,14.619705200195312
2003-10-07,57900,22.899999618530273,23.270000457763672,23.270000457763672,22.899999618530273,14.823545455932617
2003-10-06,95800,23.299999237060547,22.969999313354492,23.350000381469727,22.75,14.63244342803955
2003-10-03,63700,23.25,23.149999618530273,23.440000534057617,23.100000381469727,14.747100830078125
2003-10-02,40300,22.969999313354492,23.100000381469727,23.229999542236328,22.93000030517578,14.715255737304688
2003-10-01,91000,22.700000762939453,23.049999237060547,23.1299991607666,22.649999618530273,14.683396339416504
2003-09-30,77200,22.700000762939453,22.700000762939453,22.75,22.479999542236328,14.460439682006836
2003-09-29,95200,22.399999618530273,22.790000915527344,22.790000915527344,22.25,14.517778396606445
2003-09-26,72200,22.6200008392334,22.3700008392334,22.65999984741211,22.270000457763672,14.250223159790039
2003-09-25,77900,22.520000457763672,22.6200008392334,22.899999618530273,22.520000457763672,14.409477233886719
2003-09-24,87500,23.0,22.81999969482422,23.100000381469727,22.81999969482422,14.536890029907227
2003-09-23,51700,22.920000076293945,23.079999923706055,23.079999923706055,22.75,14.702516555786133
2003-09-22,48700,22.75,22.780000686645508,22.899999618530273,22.68000030517578,14.511399269104004
2003-09-19,72800,22.649999618530273,22.889999389648438,22.959999084472656,22.649999618530273,14.581473350524902
2003-09-18,51200,22.75,22.860000610351562,22.8700008392334,22.670000076293945,14.562366485595703
2003-09-17,41000,22.780000686645508,22.790000915527344,22.850000381469727,22.65999984741211,14.517778396606445
2003-09-16,82500,22.920000076293945,22.889999389648438,23.040000915527344,22.649999618530273,14.581473350524902
2003-09-15,59600,22.920000076293945,22.8799991607666,22.969999313354492,22.8700008392334,14.575108528137207
2003-09-12,47100,22.649999618530273,22.920000076293945,22.920000076293945,22.600000381469727,14.600589752197266
2003-09-11,39000,22.5,22.760000228881836,22.84000015258789,22.5,14.498661994934082
2003-09-10,54000,22.56999969482422,22.520000457763672,22.75,22.5,14.345776557922363
2003-09-09,62800,22.93000030517578,22.670000076293945,22.93000030517578,22.639999389648438,14.441329002380371
2003-09-08,81600,22.549999237060547,22.860000610351562,23.040000915527344,22.530000686645508,14.562366485595703
2003-09-05,109900,22.850000381469727,22.6200008392334,23.049999237060547,22.530000686645508,14.409477233886719
2003-09-04,75500,23.219999313354492,22.950000762939453,23.239999771118164,22.950000762939453,14.619705200195312
2003-09-03,78000,23.200000762939453,23.219999313354492,23.489999771118164,23.010000228881836,14.791693687438965
2003-09-02,78300,22.5,23.170000076293945,23.239999771118164,22.5,14.759841918945312
2003-08-29,50700,22.40999984741211,22.59000015258789,22.829999923706055,22.31999969482422,14.390373229980469
2003-08-28,44700,22.219999313354492,22.489999771118164,22.489999771118164,22.219999313354492,14.326668739318848
2003-08-27,59500,22.239999771118164,22.270000457763672,22.399999618530273,22.15999984741211,14.186527252197266
2003-08-26,86400,22.100000381469727,22.200000762939453,22.299999237060547,21.899999618530273,14.141932487487793
2003-08-25,86100,21.600000381469727,22.049999237060547,22.260000228881836,21.600000381469727,14.046378135681152
2003-08-22,73200,22.280000686645508,21.75,22.290000915527344,21.75,13.85525894165039
2003-08-21,65800,22.239999771118164,22.280000686645508,22.280000686645508,22.1200008392334,14.192893981933594
2003-08-20,86900,21.850000381469727,22.25,22.25,21.649999618530273,14.173779487609863
2003-08-19,63100,21.84000015258789,21.979999542236328,21.979999542236328,21.780000686645508,14.001785278320312
2003-08-18,48400,21.850000381469727,21.780000686645508,21.920000076293945,21.549999237060547,13.874381065368652
2003-08-15,25000,21.700000762939453,21.719999313354492,21.770000457763672,21.420000076293945,13.83615493774414
2003-08-14,35100,21.450000762939453,21.549999237060547,21.639999389648438,21.360000610351562,13.727865219116211
2003-08-13,108800,21.549999237060547,21.510000228881836,21.649999618530273,21.389999389648438,13.702383995056152
2003-08-12,61600,21.389999389648438,21.760000228881836,21.829999923706055,21.3700008392334,13.731050491333008
2003-08-11,67400,21.1299991607666,21.399999618530273,21.399999618530273,21.0,13.50388240814209
2003-08-08,131200,20.969999313354492,21.1299991607666,21.200000762939453,20.850000381469727,13.333503723144531
2003-08-07,84400,20.899999618530273,20.969999313354492,21.200000762939453,20.84000015258789,13.2325439453125
2003-08-06,191500,20.979999542236328,20.8700008392334,21.299999237060547,20.8700008392334,13.169440269470215
2003-08-05,95500,21.149999618530273,20.959999084472656,21.399999618530273,20.959999084472656,13.226235389709473
2003-08-04,81000,21.149999618530273,21.25,21.489999771118164,21.0,13.409233093261719
2003-08-01,86200,21.25,21.149999618530273,21.399999618530273,20.799999237060547,13.346126556396484
2003-07-31,103500,20.799999237060547,21.229999542236328,21.510000228881836,20.739999771118164,13.396607398986816
2003-07-30,48700,20.700000762939453,20.450000762939453,20.729999542236328,20.399999618530273,12.904413223266602
2003-07-29,45600,20.510000228881836,20.75,20.790000915527344,20.350000381469727,13.093718528747559
2003-07-28,48200,20.450000762939453,20.360000610351562,20.520000457763672,20.329999923706055,12.847620964050293
2003-07-25,39900,20.450000762939453,20.350000381469727,20.5,20.25,12.841312408447266
2003-07-24,69100,20.549999237060547,20.399999618530273,20.600000381469727,20.3799991607666,12.872864723205566
2003-07-23,83400,20.68000030517578,20.469999313354492,20.68000030517578,20.139999389648438,12.91702938079834
2003-07-22,64800,20.5,20.479999542236328,20.59000015258789,20.399999618530273,12.923343658447266
2003-07-21,66200,20.649999618530273,20.510000228881836,20.75,20.40999984741211,12.942269325256348
2003-07-18,41200,20.809999465942383,20.799999237060547,20.8799991607666,20.670000076293945,13.125271797180176
2003-07-17,169900,20.799999237060547,20.709999084472656,20.860000610351562,20.690000534057617,13.068472862243652
2003-07-16,78000,21.09000015258789,20.760000228881836,21.18000030517578,20.739999771118164,13.100028038024902
2003-07-15,45300,21.40999984741211,21.09000015258789,21.459999084472656,21.049999237060547,13.308262825012207
2003-07-14,46800,21.459999084472656,21.459999084472656,21.719999313354492,21.31999969482422,13.541743278503418
2003-07-11,50100,21.350000381469727,21.420000076293945,21.450000762939453,21.260000228881836,13.516501426696777
2003-07-10,38400,21.399999618530273,21.229999542236328,21.5,21.139999389648438,13.396607398986816
2003-07-09,106100,21.600000381469727,21.420000076293945,21.649999618530273,21.260000228881836,13.516501426696777
2003-07-08,65600,21.700000762939453,21.540000915527344,21.700000762939453,21.3799991607666,13.59222412109375
2003-07-07,72500,21.56999969482422,21.649999618530273,21.700000762939453,21.459999084472656,13.661638259887695
2003-07-03,28600,21.350000381469727,21.56999969482422,21.579999923706055,21.280000686645508,13.611154556274414
2003-07-02,96500,21.049999237060547,21.489999771118164,21.489999771118164,21.0,13.560672760009766
2003-07-01,57500,21.100000381469727,20.899999618530273,21.100000381469727,20.81999969482422,13.188368797302246
2003-06-30,97100,21.079999923706055,21.18000030517578,21.18000030517578,20.780000686645508,13.365056991577148
2003-06-27,45200,20.979999542236328,21.079999923706055,21.299999237060547,20.899999618530273,13.301955223083496
2003-06-26,37100,21.0,21.1299991607666,21.190000534057617,20.940000534057617,13.333503723144531
2003-06-25,52600,21.059999465942383,20.989999771118164,21.239999771118164,20.950000762939453,13.245159149169922
2003-06-24,56800,21.239999771118164,20.989999771118164,21.290000915527344,20.979999542236328,13.245159149169922
2003-06-23,70700,21.549999237060547,21.190000534057617,21.56999969482422,20.959999084472656,13.37137222290039
2003-06-20,76900,21.850000381469727,21.540000915527344,21.899999618530273,21.350000381469727,13.59222412109375
2003-06-19,56100,21.920000076293945,21.84000015258789,22.079999923706055,21.670000076293945,13.781533241271973
2003-06-18,35000,22.100000381469727,21.920000076293945,22.149999618530273,21.81999969482422,13.832015037536621
2003-06-17,52100,21.979999542236328,22.15999984741211,22.280000686645508,21.950000762939453,13.983457565307617
2003-06-16,59000,22.0,22.229999542236328,22.229999542236328,21.899999618530273,14.027632713317871
2003-06-13,43400,22.290000915527344,21.75,22.290000915527344,21.709999084472656,13.724736213684082
2003-06-12,58000,22.100000381469727,22.290000915527344,22.350000381469727,21.989999771118164,14.065489768981934
2003-06-11,39000,21.799999237060547,22.030000686645508,22.170000076293945,21.799999237060547,13.901426315307617
2003-06-10,60100,21.68000030517578,22.049999237060547,22.049999237060547,21.540000915527344,13.914048194885254
2003-06-09,58600,21.75,21.690000534057617,21.8799991607666,21.6200008392334,13.68687629699707
2003-06-06,52000,22.299999237060547,21.899999618530273,22.440000534057617,21.899999618530273,13.81938648223877
2003-06-05,41700,22.450000762939453,22.170000076293945,22.450000762939453,22.100000381469727,13.989770889282227
2003-06-04,72000,21.959999084472656,22.309999465942383,22.43000030517578,21.959999084472656,14.07811450958252
2003-06-03,45800,21.969999313354492,22.079999923706055,22.079999923706055,21.729999542236328,13.932981491088867
2003-06-02,93900,21.399999618530273,21.8700008392334,21.989999771118164,21.389999389648438,13.80046272277832
2003-05-30,70800,21.610000610351562,21.25,21.639999389648438,21.239999771118164,13.409233093261719
2003-05-29,62500,21.489999771118164,21.389999389648438,21.579999923706055,21.110000610351562,13.49757194519043
2003-05-28,35800,21.549999237060547,21.459999084472656,21.700000762939453,21.420000076293945,13.541743278503418
2003-05-27,59700,21.5,21.389999389648438,21.770000457763672,21.350000381469727,13.49757194519043
2003-05-23,50300,20.709999084472656,21.299999237060547,21.389999389648438,20.610000610351562,13.440775871276855
2003-05-22,54100,20.6200008392334,20.610000610351562,20.649999618530273,20.520000457763672,13.005376815795898
2003-05-21,32300,20.68000030517578,20.579999923706055,20.799999237060547,20.510000228881836,12.986444473266602
2003-05-20,46200,20.5,20.579999923706055,20.65999984741211,20.440000534057617,12.986444473266602
2003-05-19,42800,20.43000030517578,20.440000534057617,20.59000015258789,20.3700008392334,12.898099899291992
2003-05-16,131700,20.829999923706055,20.299999237060547,20.93000030517578,20.299999237060547,12.809757232666016
2003-05-15,48500,20.700000762939453,20.829999923706055,20.860000610351562,20.459999084472656,13.144201278686523
2003-05-14,47800,20.5,20.540000915527344,20.6299991607666,20.489999771118164,12.961203575134277
2003-05-13,68700,20.5,20.389999389648438,20.709999084472656,20.31999969482422,12.866546630859375
2003-05-12,106700,20.93000030517578,20.700000762939453,21.0,20.649999618530273,12.932807922363281
2003-05-09,47600,20.5,20.899999618530273,21.030000686645508,20.5,13.057760238647461
2003-05-08,40800,20.469999313354492,20.489999771118164,20.610000610351562,20.450000762939453,12.801605224609375
2003-05-07,56500,20.600000381469727,20.559999465942383,20.799999237060547,20.5,12.845337867736816
2003-05-06,73700,20.389999389648438,20.549999237060547,20.610000610351562,20.239999771118164,12.839091300964355
2003-05-05,56200,20.420000076293945,20.3799991607666,20.549999237060547,20.299999237060547,12.732879638671875
2003-05-02,61300,20.25,20.3700008392334,20.700000762939453,20.229999542236328,12.726630210876465
2003-05-01,119300,20.760000228881836,20.25,20.760000228881836,20.049999237060547,12.651659965515137
2003-04-30,90300,20.5,20.760000228881836,20.950000762939453,20.280000686645508,12.970294952392578
2003-04-29,69800,21.049999237060547,20.530000686645508,21.06999969482422,20.530000686645508,12.8265962600708
2003-04-28,90800,20.510000228881836,21.059999465942383,21.280000686645508,20.510000228881836,13.157722473144531
2003-04-25,45500,20.549999237060547,20.520000457763672,20.770000457763672,20.5,12.820347785949707
2003-04-24,71100,20.399999618530273,20.450000762939453,20.739999771118164,20.329999923706055,12.776616096496582
2003-04-23,71900,20.75,20.549999237060547,20.8700008392334,20.540000915527344,12.839091300964355
2003-04-22,73500,20.31999969482422,20.649999618530273,20.739999771118164,20.31999969482422,12.90156078338623
2003-04-21,74600,20.31999969482422,20.270000457763672,20.399999618530273,20.190000534057617,12.664154052734375
2003-04-17,67400,20.100000381469727,20.299999237060547,20.299999237060547,19.940000534057617,12.68289566040039
2003-04-16,128600,20.34000015258789,20.010000228881836,20.34000015258789,19.739999771118164,12.501710891723633
2003-04-15,44900,20.200000762939453,20.239999771118164,20.31999969482422,19.950000762939453,12.645413398742676
2003-04-14,47100,20.149999618530273,20.200000762939453,20.239999771118164,20.079999923706055,12.620418548583984
2003-04-11,108900,20.579999923706055,20.139999389648438,20.579999923706055,20.030000686645508,12.582934379577637
2003-04-10,59700,20.299999237060547,20.3799991607666,20.850000381469727,20.15999984741211,12.732879638671875
2003-04-09,50900,20.270000457763672,20.260000228881836,20.649999618530273,20.170000076293945,12.657903671264648
2003-04-08,62400,20.360000610351562,20.31999969482422,20.510000228881836,20.25,12.695390701293945
2003-04-07,53200,20.770000457763672,20.350000381469727,20.979999542236328,20.270000457763672,12.71413803100586
2003-04-04,43800,20.799999237060547,20.670000076293945,20.8700008392334,20.549999237060547,12.9140625
2003-04-03,44300,20.649999618530273,20.75,20.790000915527344,20.559999465942383,12.964046478271484
2003-04-02,42600,20.600000381469727,20.5,20.799999237060547,20.469999313354492,12.807847023010254
2003-04-01,44400,20.270000457763672,20.5,20.5,20.1200008392334,12.807847023010254
2003-03-31,43200,20.34000015258789,20.350000381469727,20.530000686645508,20.110000610351562,12.71413803100586
2003-03-28,44700,20.350000381469727,20.3799991607666,20.459999084472656,20.260000228881836,12.732879638671875
2003-03-27,39400,20.200000762939453,20.5,20.600000381469727,20.200000762939453,12.807847023010254
2003-03-26,42200,20.549999237060547,20.219999313354492,20.670000076293945,20.219999313354492,12.632913589477539
2003-03-25,62900,20.479999542236328,20.450000762939453,20.889999389648438,20.299999237060547,12.776616096496582
2003-03-24,42200,20.700000762939453,20.43000030517578,20.760000228881836,20.200000762939453,12.764119148254395
2003-03-21,73400,20.3799991607666,20.600000381469727,20.799999237060547,20.299999237060547,12.87033462524414
2003-03-20,42200,20.309999465942383,20.399999618530273,20.649999618530273,20.170000076293945,12.745380401611328
2003-03-19,47500,20.25,20.399999618530273,20.469999313354492,20.200000762939453,12.745380401611328
2003-03-18,81900,19.899999618530273,20.200000762939453,20.270000457763672,19.799999237060547,12.620418548583984
2003-03-17,71600,19.899999618530273,20.389999389648438,20.389999389648438,19.899999618530273,12.739124298095703
2003-03-14,58500,19.850000381469727,19.950000762939453,19.950000762939453,19.729999542236328,12.464226722717285
2003-03-13,67900,19.520000457763672,19.950000762939453,19.950000762939453,19.299999237060547,12.464226722717285
2003-03-12,61000,19.639999389648438,19.510000228881836,19.790000915527344,19.5,12.18932819366455
2003-03-11,88400,19.649999618530273,19.639999389648438,19.93000030517578,19.6299991607666,12.270547866821289
2003-03-10,77400,20.100000381469727,19.600000381469727,20.149999618530273,19.600000381469727,12.245552062988281
2003-03-07,78200,20.299999237060547,20.200000762939453,20.399999618530273,20.049999237060547,12.620418548583984
2003-03-06,53900,20.350000381469727,20.350000381469727,20.43000030517578,20.1200008392334,12.71413803100586
2003-03-05,55300,20.25,20.40999984741211,20.540000915527344,20.049999237060547,12.751622200012207
2003-03-04,57600,20.600000381469727,20.350000381469727,20.65999984741211,20.329999923706055,12.71413803100586
2003-03-03,47100,20.260000228881836,20.3799991607666,20.479999542236328,20.260000228881836,12.732879638671875
2003-02-28,35000,20.639999389648438,20.25,20.700000762939453,20.049999237060547,12.651659965515137
2003-02-27,39200,20.450000762939453,20.639999389648438,20.649999618530273,20.299999237060547,12.895319938659668
2003-02-26,36100,20.920000076293945,20.350000381469727,20.920000076293945,20.15999984741211,12.71413803100586
2003-02-25,40500,20.610000610351562,20.81999969482422,20.81999969482422,20.299999237060547,13.007774353027344
2003-02-24,75700,20.450000762939453,20.360000610351562,20.600000381469727,20.18000030517578,12.720386505126953
2003-02-21,49300,20.299999237060547,20.450000762939453,20.530000686645508,20.299999237060547,12.776616096496582
2003-02-20,89300,20.610000610351562,20.299999237060547,20.610000610351562,19.920000076293945,12.68289566040039
2003-02-19,62000,20.950000762939453,20.600000381469727,21.200000762939453,20.399999618530273,12.87033462524414
2003-02-18,60500,20.75,20.850000381469727,20.8700008392334,20.56999969482422,13.026520729064941
2003-02-14,42800,20.649999618530273,20.600000381469727,20.809999465942383,20.299999237060547,12.87033462524414
2003-02-13,52200,20.34000015258789,20.549999237060547,20.68000030517578,20.020000457763672,12.839091300964355
2003-02-12,40100,20.799999237060547,20.5,20.809999465942383,20.5,12.679770469665527
2003-02-11,53000,20.950000762939453,20.700000762939453,20.959999084472656,20.610000610351562,12.803483009338379
2003-02-10,80800,20.799999237060547,21.049999237060547,21.18000030517578,20.700000762939453,13.019963264465332
2003-02-07,41300,21.25,20.75,21.25,20.75,12.834406852722168
2003-02-06,36900,21.450000762939453,21.299999237060547,21.450000762939453,21.149999618530273,13.174592018127441
2003-02-05,40500,21.700000762939453,21.350000381469727,21.700000762939453,21.100000381469727,13.205524444580078
2003-02-04,65200,21.68000030517578,21.600000381469727,21.760000228881836,21.420000076293945,13.360150337219238
2003-02-03,54900,21.75,21.670000076293945,21.959999084472656,21.40999984741211,13.403450965881348
2003-01-31,37500,21.549999237060547,21.600000381469727,21.639999389648438,21.25,13.360150337219238
2003-01-30,41900,21.530000686645508,21.399999618530273,21.700000762939453,21.299999237060547,13.23643970489502
2003-01-29,30000,21.899999618530273,21.649999618530273,21.950000762939453,21.459999084472656,13.391077041625977
2003-01-28,73000,21.389999389648438,21.799999237060547,22.0,21.270000457763672,13.483858108520508
2003-01-27,33400,21.75,21.350000381469727,21.75,21.110000610351562,13.205524444580078
2003-01-24,76500,21.889999389648438,21.700000762939453,21.889999389648438,21.5,13.422006607055664
2003-01-23,45600,21.75,21.940000534057617,22.0,21.739999771118164,13.570449829101562
2003-01-22,69300,22.25,21.700000762939453,22.25,21.5,13.422006607055664
2003-01-21,41400,22.40999984741211,22.209999084472656,22.469999313354492,22.100000381469727,13.737448692321777
2003-01-17,72700,22.700000762939453,22.40999984741211,22.899999618530273,22.40999984741211,13.861157417297363
2003-01-16,48000,23.049999237060547,22.610000610351562,23.06999969482422,22.600000381469727,13.984854698181152
2003-01-15,40400,23.170000076293945,23.100000381469727,23.170000076293945,22.8700008392334,14.287944793701172
2003-01-14,103400,23.100000381469727,23.1299991607666,23.350000381469727,22.719999313354492,14.306500434875488
2003-01-13,47400,23.1200008392334,23.049999237060547,23.290000915527344,22.739999771118164,14.257009506225586
2003-01-10,67600,22.950000762939453,23.059999465942383,23.200000762939453,22.84000015258789,14.263197898864746
2003-01-09,51100,23.0,23.049999237060547,23.450000762939453,22.8700008392334,14.257009506225586
2003-01-08,35400,23.25,23.0,23.260000228881836,23.0,14.226090431213379
2003-01-07,58200,23.5,23.309999465942383,23.5,23.100000381469727,14.417828559875488
2003-01-06,68500,23.399999618530273,23.5,23.5,23.399999618530273,14.53534984588623
2003-01-03,83900,23.399999618530273,23.399999618530273,23.5,23.299999237060547,14.473496437072754
2003-01-02,48000,23.520000457763672,23.479999542236328,23.639999389648438,23.3700008392334,14.522978782653809
2002-12-31,79300,23.100000381469727,23.450000762939453,23.579999923706055,22.979999542236328,14.50442886352539
2002-12-30,42700,23.100000381469727,23.200000762939453,23.280000686645508,22.799999237060547,14.349794387817383
2002-12-27,47600,23.1200008392334,23.100000381469727,23.18000030517578,22.670000076293945,14.287944793701172
2002-12-26,14800,23.0,23.059999465942383,23.219999313354492,23.0,14.263197898864746
2002-12-24,9900,23.049999237060547,22.899999618530273,23.06999969482422,22.809999465942383,14.164237976074219
2002-12-23,38300,22.75,23.09000015258789,23.149999618530273,22.65999984741211,14.281756401062012
2002-12-20,82000,22.950000762939453,22.75,23.040000915527344,22.649999618530273,14.071455001831055
2002-12-19,81500,23.350000381469727,22.899999618530273,23.610000610351562,22.799999237060547,14.164237976074219
2002-12-18,56000,23.56999969482422,23.200000762939453,23.56999969482422,23.049999237060547,14.349794387817383
2002-12-17,40900,23.5,23.5,23.5,23.200000762939453,14.53534984588623
2002-12-16,71000,22.950000762939453,23.5,23.5,22.950000762939453,14.53534984588623
2002-12-13,43600,23.399999618530273,22.799999237060547,23.600000381469727,22.799999237060547,14.102376937866211
2002-12-12,44400,23.239999771118164,23.5,23.6299991607666,23.06999969482422,14.53534984588623
2002-12-11,35300,23.049999237060547,23.139999389648438,23.299999237060547,23.010000228881836,14.3126859664917
2002-12-10,58200,22.600000381469727,23.049999237060547,23.049999237060547,22.450000762939453,14.257009506225586
2002-12-09,42900,22.450000762939453,22.65999984741211,22.889999389648438,22.450000762939453,14.015790939331055
2002-12-06,41100,22.700000762939453,22.700000762939453,22.799999237060547,22.389999389648438,14.040533065795898
2002-12-05,47100,22.479999542236328,22.799999237060547,22.850000381469727,22.479999542236328,14.102376937866211
2002-12-04,117500,22.549999237060547,22.549999237060547,22.940000534057617,22.549999237060547,13.947749137878418
2002-12-03,64200,22.65999984741211,22.649999618530273,22.899999618530273,22.479999542236328,14.00960636138916
2002-12-02,78500,22.31999969482422,22.559999465942383,22.700000762939453,22.0,13.953938484191895
2002-11-29,25700,22.600000381469727,22.200000762939453,22.600000381469727,22.020000457763672,13.731266021728516
2002-11-27,73300,22.100000381469727,22.5,22.530000686645508,22.100000381469727,13.916826248168945
2002-11-26,81100,22.25,22.18000030517578,22.25,21.799999237060547,13.718903541564941
2002-11-25,68800,21.709999084472656,22.399999618530273,22.479999542236328,21.709999084472656,13.854972839355469
2002-11-22,94900,21.5,21.690000534057617,21.809999465942383,21.399999618530273,13.415822982788086
2002-11-21,89000,22.0,21.5,22.0,21.459999084472656,13.298301696777344
2002-11-20,70600,21.8799991607666,21.850000381469727,22.350000381469727,21.799999237060547,13.514781951904297
2002-11-19,49200,21.8700008392334,21.950000762939453,22.299999237060547,21.84000015258789,13.576638221740723
2002-11-18,60900,22.25,22.06999969482422,22.56999969482422,22.020000457763672,13.650856971740723
2002-11-15,46800,22.469999313354492,22.350000381469727,22.649999618530273,22.34000015258789,13.824045181274414
2002-11-14,69800,22.299999237060547,22.56999969482422,22.899999618530273,22.299999237060547,13.960125923156738
2002-11-13,53000,22.200000762939453,22.350000381469727,22.84000015258789,22.170000076293945,13.824045181274414
2002-11-12,83200,22.200000762939453,22.43000030517578,22.700000762939453,22.200000762939453,13.746728897094727
2002-11-11,61100,22.25,22.149999618530273,22.350000381469727,22.049999237060547,13.57512092590332
2002-11-08,40100,22.149999618530273,22.350000381469727,22.3700008392334,22.049999237060547,13.697700500488281
2002-11-07,64500,22.5,22.200000762939453,22.610000610351562,21.969999313354492,13.605770111083984
2002-11-06,29500,22.280000686645508,22.600000381469727,22.739999771118164,22.219999313354492,13.850919723510742
2002-11-05,54900,21.860000610351562,22.260000228881836,22.260000228881836,21.860000610351562,13.64254093170166
2002-11-04,43800,22.350000381469727,21.959999084472656,22.459999084472656,21.93000030517578,13.458683013916016
2002-11-01,73100,22.18000030517578,22.350000381469727,22.350000381469727,22.010000228881836,13.697700500488281
2002-10-31,71100,21.850000381469727,22.479999542236328,22.549999237060547,21.799999237060547,13.777379989624023
2002-10-30,76900,22.049999237060547,21.850000381469727,22.049999237060547,21.760000228881836,13.391264915466309
2002-10-29,66000,22.299999237060547,22.049999237060547,22.299999237060547,21.6299991607666,13.513837814331055
2002-10-28,28300,22.399999618530273,22.299999237060547,22.520000457763672,22.100000381469727,13.667054176330566
2002-10-25,62300,22.100000381469727,22.350000381469727,22.350000381469727,21.700000762939453,13.697700500488281
2002-10-24,49400,21.899999618530273,22.350000381469727,22.399999618530273,21.899999618530273,13.697700500488281
2002-10-23,43600,21.649999618530273,22.049999237060547,22.18000030517578,21.5,13.513837814331055
2002-10-22,52900,21.899999618530273,21.75,21.899999618530273,21.549999237060547,13.329972267150879
2002-10-21,26100,21.25,21.850000381469727,21.850000381469727,21.25,13.391264915466309
2002-10-18,39100,21.1200008392334,21.350000381469727,21.399999618530273,21.049999237060547,13.084833145141602
2002-10-17,32000,20.780000686645508,21.1200008392334,21.309999465942383,20.780000686645508,12.943868637084961
2002-10-16,116000,21.350000381469727,20.579999923706055,21.350000381469727,20.399999618530273,12.612913131713867
2002-10-15,31600,21.0,21.440000534057617,21.440000534057617,20.850000381469727,13.139989852905273
2002-10-14,37500,20.700000762939453,21.0,21.0,20.559999465942383,12.87032699584961
2002-10-11,61300,20.860000610351562,20.649999618530273,21.0,20.649999618530273,12.655817031860352
2002-10-10,69800,20.200000762939453,20.829999923706055,20.950000762939453,19.81999969482422,12.766135215759277
2002-10-09,87900,20.799999237060547,20.260000228881836,20.799999237060547,20.25,12.41679573059082
2002-10-08,75300,20.75,20.8700008392334,21.0,20.15999984741211,12.790650367736816
2002-10-07,68200,21.350000381469727,20.850000381469727,21.5,20.799999237060547,12.778386116027832
2002-10-04,46400,21.950000762939453,21.31999969482422,21.950000762939453,21.110000610351562,13.066445350646973
2002-10-03,71600,22.450000762939453,21.950000762939453,22.649999618530273,21.899999618530273,13.452550888061523
2002-10-02,77700,22.579999923706055,22.5,22.75,22.270000457763672,13.789633750915527
2002-10-01,52100,22.200000762939453,22.600000381469727,22.600000381469727,21.899999618530273,13.850919723510742
2002-09-30,82200,21.850000381469727,22.25,22.299999237060547,21.510000228881836,13.6364107131958
2002-09-27,51900,22.34000015258789,21.899999618530273,22.5,21.729999542236328,13.421904563903809
2002-09-26,60200,22.299999237060547,22.440000534057617,22.440000534057617,21.850000381469727,13.752861022949219
2002-09-25,59300,21.360000610351562,21.950000762939453,22.149999618530273,21.309999465942383,13.452550888061523
2002-09-24,87200,21.399999618530273,21.459999084472656,21.690000534057617,21.100000381469727,13.152242660522461
2002-09-23,51900,21.90999984741211,21.5,21.90999984741211,21.360000610351562,13.176758766174316
2002-09-20,111800,22.350000381469727,21.90999984741211,22.399999618530273,21.700000762939453,13.428032875061035
2002-09-19,65500,22.139999389648438,21.90999984741211,22.139999389648438,21.700000762939453,13.428032875061035
2002-09-18,35300,21.700000762939453,22.149999618530273,22.239999771118164,21.530000686645508,13.57512092590332
2002-09-17,57900,21.799999237060547,21.799999237060547,22.149999618530273,21.600000381469727,13.360620498657227
2002-09-16,36000,22.299999237060547,21.979999542236328,22.350000381469727,21.979999542236328,13.470935821533203
2002-09-13,39000,21.399999618530273,22.200000762939453,22.200000762939453,21.34000015258789,13.605770111083984
2002-09-12,42600,21.899999618530273,21.479999542236328,22.0,21.479999542236328,13.16450023651123
2002-09-11,42800,21.989999771118164,21.899999618530273,22.040000915527344,21.75,13.421904563903809
2002-09-10,46000,22.229999542236328,21.959999084472656,22.299999237060547,21.950000762939453,13.458683013916016
2002-09-09,49300,21.899999618530273,22.200000762939453,22.389999389648438,21.559999465942383,13.605770111083984
2002-09-06,45100,21.399999618530273,21.799999237060547,22.0,21.309999465942383,13.360620498657227
2002-09-05,54700,21.780000686645508,21.40999984741211,21.780000686645508,21.239999771118164,13.121600151062012
2002-09-04,39800,20.700000762939453,21.799999237060547,21.799999237060547,20.600000381469727,13.360620498657227
2002-09-03,41300,21.049999237060547,20.600000381469727,21.260000228881836,20.600000381469727,12.625170707702637
2002-08-30,41500,21.200000762939453,21.149999618530273,21.809999465942383,21.149999618530273,12.962258338928223
2002-08-29,51900,21.649999618530273,21.200000762939453,21.649999618530273,21.200000762939453,12.992898941040039
2002-08-28,73500,22.280000686645508,21.600000381469727,22.280000686645508,21.5,13.238044738769531
2002-08-27,56300,23.190000534057617,22.280000686645508,23.190000534057617,22.280000686645508,13.654807090759277
2002-08-26,34500,22.299999237060547,23.190000534057617,23.190000534057617,22.25,14.212515830993652
2002-08-23,72500,22.700000762939453,22.350000381469727,22.940000534057617,22.350000381469727,13.697700500488281
2002-08-22,39500,22.75,22.940000534057617,23.100000381469727,22.65999984741211,14.059292793273926
2002-08-21,52700,22.200000762939453,22.75,22.75,21.950000762939453,13.942851066589355
2002-08-20,49500,22.5,22.25,22.5,22.040000915527344,13.6364107131958
2002-08-19,50300,22.309999465942383,22.5,22.75,22.280000686645508,13.789633750915527
2002-08-16,50900,22.450000762939453,22.299999237060547,22.5,22.239999771118164,13.667054176330566
2002-08-15,46000,22.799999237060547,22.5,22.889999389648438,22.299999237060547,13.789633750915527
2002-08-14,49900,22.1299991607666,22.700000762939453,22.700000762939453,21.899999618530273,13.912209510803223
2002-08-13,92400,23.209999084472656,22.100000381469727,23.219999313354492,22.079999923706055,13.544479370117188
2002-08-12,26000,23.450000762939453,23.520000457763672,23.649999618530273,23.059999465942383,14.2891206741333
2002-08-09,37200,23.299999237060547,23.5,23.600000381469727,23.059999465942383,14.276972770690918
2002-08-08,38400,23.200000762939453,23.209999084472656,23.309999465942383,23.0,14.100789070129395
2002-08-07,72200,22.989999771118164,23.299999237060547,23.299999237060547,22.989999771118164,14.155466079711914
2002-08-06,55000,22.34000015258789,22.959999084472656,22.979999542236328,22.200000762939453,13.948904991149902
2002-08-05,63100,22.510000228881836,22.299999237060547,22.610000610351562,22.299999237060547,13.547933578491211
2002-08-02,50100,22.75,22.600000381469727,22.75,22.329999923706055,13.730194091796875
2002-08-01,82000,21.899999618530273,22.780000686645508,22.899999618530273,21.809999465942383,13.839548110961914
2002-07-31,59700,22.350000381469727,21.850000381469727,22.700000762939453,21.850000381469727,13.27454662322998
2002-07-30,83500,22.049999237060547,22.399999618530273,22.489999771118164,21.510000228881836,13.60869026184082
2002-07-29,62700,20.950000762939453,22.049999237060547,22.049999237060547,20.950000762939453,13.396048545837402
2002-07-26,94200,20.049999237060547,20.850000381469727,20.850000381469727,20.049999237060547,12.667009353637695
2002-07-25,64500,19.549999237060547,20.149999618530273,20.149999618530273,19.450000762939453,12.241744041442871
2002-07-24,149600,18.350000381469727,19.5,19.5,18.100000381469727,11.84685230255127
2002-07-23,95000,19.6200008392334,18.600000381469727,19.68000030517578,18.350000381469727,11.300070762634277
2002-07-22,79100,19.700000762939453,19.600000381469727,20.059999465942383,19.530000686645508,11.907600402832031
2002-07-19,179700,21.030000686645508,19.700000762939453,21.149999618530273,19.700000762939453,11.968353271484375
2002-07-18,40300,22.100000381469727,21.049999237060547,22.1299991607666,21.049999237060547,12.788520812988281
2002-07-17,38200,21.81999969482422,22.149999618530273,22.149999618530273,21.549999237060547,13.456802368164062
2002-07-16,38700,22.079999923706055,21.739999771118164,22.309999465942383,21.709999084472656,13.207716941833496
2002-07-15,100400,22.170000076293945,22.280000686645508,22.280000686645508,21.34000015258789,13.535791397094727
2002-07-12,70400,23.149999618530273,22.200000762939453,23.25,22.139999389648438,13.487184524536133
2002-07-11,39200,23.25,23.209999084472656,23.360000610351562,23.049999237060547,14.100789070129395
2002-07-10,49000,24.0,23.299999237060547,24.1299991607666,23.299999237060547,14.155466079711914
2002-07-09,54300,24.399999618530273,24.059999465942383,24.540000915527344,24.020000457763672,14.61719036102295
2002-07-08,52000,24.100000381469727,24.530000686645508,24.649999618530273,24.100000381469727,14.902727127075195
2002-07-05,34000,24.049999237060547,24.200000762939453,24.25,23.950000762939453,14.70224380493164
2002-07-03,49500,24.0,24.049999237060547,24.200000762939453,23.600000381469727,14.611113548278809
2002-07-02,66300,24.440000534057617,24.0,24.56999969482422,23.75,14.580733299255371
2002-07-01,70700,24.75,24.540000915527344,24.75,24.25,14.908801078796387
2002-06-28,178100,24.5,24.75,24.75,24.399999618530273,15.03638744354248
2002-06-27,91000,24.549999237060547,24.5,24.729999542236328,24.139999389648438,14.884498596191406
2002-06-26,67900,24.170000076293945,24.6200008392334,24.6200008392334,23.850000381469727,14.957406044006348
2002-06-25,93800,24.059999465942383,24.3700008392334,24.700000762939453,24.059999465942383,14.805521011352539
2002-06-24,71600,24.450000762939453,24.15999984741211,24.700000762939453,23.989999771118164,14.677942276000977
2002-06-21,129300,24.25,24.549999237060547,24.549999237060547,23.93000030517578,14.914875030517578
2002-06-20,44900,23.920000076293945,24.149999618530273,24.489999771118164,23.920000076293945,14.671875953674316
2002-06-19,33600,24.420000076293945,23.920000076293945,24.709999084472656,23.920000076293945,14.532129287719727
2002-06-18,43500,24.600000381469727,24.579999923706055,24.700000762939453,24.31999969482422,14.933104515075684
2002-06-17,56400,23.649999618530273,24.600000381469727,24.600000381469727,23.649999618530273,14.945257186889648
2002-06-14,60800,23.760000228881836,23.75,23.760000228881836,23.260000228881836,14.428853988647461
2002-06-13,34600,24.059999465942383,24.010000228881836,24.200000762939453,23.969999313354492,14.586812973022461
2002-06-12,46000,23.950000762939453,24.059999465942383,24.1200008392334,23.760000228881836,14.61719036102295
2002-06-11,79700,23.850000381469727,24.0,24.100000381469727,23.799999237060547,14.580733299255371
2002-06-10,62000,23.899999618530273,23.899999618530273,24.200000762939453,23.799999237060547,14.519981384277344
2002-06-07,77100,23.299999237060547,23.780000686645508,23.950000762939453,23.25,14.447083473205566
2002-06-06,92000,23.399999618530273,23.389999389648438,23.700000762939453,23.260000228881836,14.2101411819458
2002-06-05,46400,23.639999389648438,23.399999618530273,23.739999771118164,23.25,14.216221809387207
2002-06-04,65300,23.5,23.639999389648438,23.639999389648438,23.010000228881836,14.362021446228027
2002-06-03,40900,24.25,23.350000381469727,24.299999237060547,23.350000381469727,14.18584156036377
2002-05-31,42500,24.389999389648438,24.309999465942383,24.600000381469727,24.219999313354492,14.769074440002441
2002-05-30,40900,24.610000610351562,24.389999389648438,24.610000610351562,24.100000381469727,14.817669868469238
2002-05-29,67900,24.670000076293945,24.600000381469727,24.700000762939453,24.450000762939453,14.945257186889648
2002-05-28,83900,24.549999237060547,24.75,24.75,24.489999771118164,15.03638744354248
2002-05-24,85500,24.649999618530273,24.450000762939453,24.649999618530273,24.25,14.854125022888184
2002-05-23,47300,24.0,24.690000534057617,24.690000534057617,24.0,14.9999418258667
2002-05-22,68300,23.950000762939453,24.0,24.0,23.709999084472656,14.580733299255371
2002-05-21,78200,23.600000381469727,23.889999389648438,23.889999389648438,23.489999771118164,14.513910293579102
2002-05-20,30700,23.690000534057617,23.549999237060547,23.799999237060547,23.489999771118164,14.307345390319824
2002-05-17,38400,24.0,23.790000915527344,24.09000015258789,23.59000015258789,14.453153610229492
2002-05-16,91400,24.200000762939453,24.0,24.200000762939453,23.610000610351562,14.580733299255371
2002-05-15,81300,24.450000762939453,24.299999237060547,24.450000762939453,24.0,14.763001441955566
2002-05-14,47800,23.799999237060547,24.5,24.5,23.700000762939453,14.884498596191406
2002-05-13,36200,23.549999237060547,23.889999389648438,24.059999465942383,23.399999618530273,14.513910293579102
2002-05-10,51800,24.5,23.700000762939453,24.5,23.700000762939453,14.273931503295898
2002-05-09,50200,24.739999771118164,24.5,24.75,24.5,14.755760192871094
2002-05-08,56900,24.719999313354492,24.729999542236328,24.739999771118164,24.450000762939453,14.894279479980469
2002-05-07,56700,24.549999237060547,24.600000381469727,24.649999618530273,24.399999618530273,14.815990447998047
2002-05-06,77100,24.700000762939453,24.399999618530273,24.739999771118164,24.399999618530273,14.695528030395508
2002-05-03,113500,24.549999237060547,24.549999237060547,24.739999771118164,24.350000381469727,14.78586483001709
2002-05-02,79000,24.549999237060547,24.700000762939453,24.75,24.360000610351562,14.87620735168457
2002-05-01,86900,24.649999618530273,24.399999618530273,24.670000076293945,24.260000228881836,14.695528030395508
2002-04-30,92700,24.040000915527344,24.75,24.75,24.040000915527344,14.906320571899414
2002-04-29,96800,23.0,24.020000457763672,24.020000457763672,22.959999084472656,14.466667175292969
2002-04-26,82500,22.850000381469727,23.049999237060547,23.3700008392334,22.760000228881836,13.882451057434082
2002-04-25,66900,22.899999618530273,22.950000762939453,23.270000457763672,22.899999618530273,13.82223129272461
2002-04-24,124100,23.030000686645508,22.799999237060547,23.149999618530273,22.75,13.731884956359863
2002-04-23,57600,23.149999618530273,22.93000030517578,23.329999923706055,22.75,13.810186386108398
2002-04-22,89700,22.950000762939453,23.049999237060547,23.149999618530273,22.600000381469727,13.882451057434082
2002-04-19,72200,23.149999618530273,22.850000381469727,23.149999618530273,22.700000762939453,13.762003898620605
2002-04-18,102400,23.3700008392334,23.200000762939453,23.549999237060547,22.899999618530273,13.97280216217041
2002-04-17,82600,23.549999237060547,23.450000762939453,23.950000762939453,23.34000015258789,14.12336540222168
2002-04-16,133800,23.0,23.68000030517578,23.75,22.989999771118164,14.261886596679688
2002-04-15,114100,23.200000762939453,22.950000762939453,23.450000762939453,22.719999313354492,13.82223129272461
2002-04-12,111800,22.790000915527344,23.299999237060547,23.299999237060547,22.639999389648438,14.033027648925781
2002-04-11,102300,23.700000762939453,22.920000076293945,23.709999084472656,22.899999618530273,13.804155349731445
2002-04-10,155300,23.75,23.700000762939453,23.989999771118164,23.299999237060547,14.273931503295898
2002-04-09,74100,24.0,23.75,24.0,23.700000762939453,14.304048538208008
2002-04-08,107100,24.0,24.040000915527344,24.239999771118164,23.75,14.478705406188965
2002-04-05,133800,24.0,24.040000915527344,24.290000915527344,23.8700008392334,14.478705406188965
2002-04-04,105900,23.799999237060547,24.0,24.0,23.65999984741211,14.454612731933594
2002-04-03,51200,24.200000762939453,23.959999084472656,24.299999237060547,23.719999313354492,14.430521011352539
2002-04-02,116300,24.850000381469727,24.149999618530273,24.940000534057617,24.06999969482422,14.544957160949707
2002-04-01,164600,24.940000534057617,24.850000381469727,24.989999771118164,24.68000030517578,14.966550827026367
2002-03-28,97100,24.850000381469727,25.0,25.0,24.81999969482422,15.05689525604248
2002-03-27,47200,25.0,24.899999618530273,25.18000030517578,24.799999237060547,14.996664047241211
2002-03-26,36800,24.799999237060547,25.100000381469727,25.100000381469727,24.68000030517578,15.117124557495117
2002-03-25,115800,24.75,24.799999237060547,24.950000762939453,24.700000762939453,14.936439514160156
2002-03-22,118800,25.149999618530273,24.75,25.149999618530273,24.649999618530273,14.906320571899414
2002-03-21,62900,24.0,25.350000381469727,25.350000381469727,24.0,15.267683982849121
2002-03-20,38600,24.350000381469727,24.100000381469727,24.399999618530273,24.0,14.514845848083496
2002-03-19,52700,24.0,24.350000381469727,24.459999084472656,24.0,14.665413856506348
2002-03-18,41200,23.649999618530273,24.079999923706055,24.079999923706055,23.510000228881836,14.502803802490234
2002-03-15,65200,23.25,23.649999618530273,23.940000534057617,23.25,14.243817329406738
2002-03-14,49500,23.549999237060547,23.549999237060547,23.850000381469727,23.309999465942383,14.18359375
2002-03-13,15300,23.6200008392334,23.700000762939453,23.75,23.510000228881836,14.273931503295898
2002-03-12,35900,23.729999542236328,23.700000762939453,23.889999389648438,23.56999969482422,14.273931503295898
2002-03-11,54800,23.75,23.729999542236328,23.899999618530273,23.690000534057617,14.291999816894531
2002-03-08,52800,24.0,23.780000686645508,24.100000381469727,23.459999084472656,14.322122573852539
2002-03-07,49000,24.40999984741211,24.06999969482422,24.450000762939453,24.010000228881836,14.496776580810547
2002-03-06,59400,23.700000762939453,24.450000762939453,24.450000762939453,23.700000762939453,14.725639343261719
2002-03-05,99200,23.700000762939453,23.649999618530273,23.850000381469727,23.40999984741211,14.243817329406738
2002-03-04,92000,23.700000762939453,23.700000762939453,23.75,23.190000534057617,14.273931503295898
2002-03-01,41800,23.100000381469727,23.700000762939453,23.700000762939453,23.010000228881836,14.273931503295898
2002-02-28,65000,23.549999237060547,23.270000457763672,23.549999237060547,23.0,14.014952659606934
2002-02-27,28800,23.200000762939453,23.600000381469727,23.709999084472656,23.200000762939453,14.213708877563477
2002-02-26,22200,23.149999618530273,23.280000686645508,23.559999465942383,23.100000381469727,14.020978927612305
2002-02-25,43700,23.149999618530273,23.200000762939453,23.209999084472656,22.829999923706055,13.97280216217041
2002-02-22,56300,22.850000381469727,23.25,23.25,22.649999618530273,14.002915382385254
2002-02-21,56200,23.690000534057617,22.950000762939453,23.690000534057617,22.950000762939453,13.82223129272461
2002-02-20,53200,22.690000534057617,23.690000534057617,23.690000534057617,22.3700008392334,14.26791000366211
2002-02-19,41100,23.049999237060547,22.690000534057617,23.149999618530273,22.5,13.665640830993652
2002-02-15,50400,22.75,23.110000610351562,23.25,22.579999923706055,13.918588638305664
2002-02-14,40800,23.149999618530273,22.75,23.149999618530273,22.600000381469727,13.701772689819336
2002-02-13,44300,23.100000381469727,23.149999618530273,23.149999618530273,22.75,13.942683219909668
2002-02-12,91200,23.459999084472656,23.25,23.559999465942383,23.079999923706055,13.879450798034668
2002-02-11,26300,23.149999618530273,23.43000030517578,23.5,23.149999618530273,13.986894607543945
2002-02-08,65800,23.25,23.190000534057617,23.280000686645508,22.920000076293945,13.843626022338867
2002-02-07,67700,23.510000228881836,23.260000228881836,23.520000457763672,23.25,13.88541030883789
2002-02-06,47100,23.600000381469727,23.510000228881836,23.700000762939453,23.5,14.03465747833252
2002-02-05,33900,23.530000686645508,23.700000762939453,23.75,23.530000686645508,14.14807415008545
2002-02-04,33500,23.75,23.600000381469727,23.75,23.549999237060547,14.088384628295898
2002-02-01,84400,23.75,23.829999923706055,23.829999923706055,23.5,14.22568130493164
2002-01-31,42400,23.950000762939453,23.899999618530273,24.0,23.450000762939453,14.26746940612793
2002-01-30,45300,23.520000457763672,23.899999618530273,23.950000762939453,23.5,14.26746940612793
2002-01-29,58600,23.5,23.530000686645508,23.850000381469727,23.5,14.046597480773926
2002-01-28,25900,23.399999618530273,23.5,23.600000381469727,23.25,14.02868938446045
2002-01-25,42800,23.600000381469727,23.350000381469727,23.600000381469727,23.309999465942383,13.939146041870117
2002-01-24,40700,23.549999237060547,23.459999084472656,23.799999237060547,23.309999465942383,14.004807472229004
2002-01-23,49900,23.899999618530273,23.549999237060547,23.90999984741211,23.329999923706055,14.058531761169434
2002-01-22,104800,24.0,23.969999313354492,24.350000381469727,23.559999465942383,14.309257507324219
2002-01-18,60400,23.700000762939453,23.760000228881836,23.889999389648438,23.469999313354492,14.18389892578125
2002-01-17,41700,23.5,23.799999237060547,23.799999237060547,23.18000030517578,14.207770347595215
2002-01-16,64700,23.350000381469727,23.5,23.670000076293945,23.149999618530273,14.02868938446045
2002-01-15,30600,23.100000381469727,23.399999618530273,23.399999618530273,23.100000381469727,13.968985557556152
2002-01-14,43100,23.200000762939453,23.100000381469727,23.399999618530273,23.049999237060547,13.789896965026855
2002-01-11,65100,23.450000762939453,23.299999237060547,23.68000030517578,23.209999084472656,13.909294128417969
2002-01-10,64400,23.25,23.610000610351562,23.649999618530273,23.0,14.094358444213867
2002-01-09,58200,23.0,23.239999771118164,23.34000015258789,22.969999313354492,13.873477935791016
2002-01-08,36900,22.450000762939453,23.0,23.0,22.399999618530273,13.730206489562988
2002-01-07,29900,22.709999084472656,22.600000381469727,22.989999771118164,22.600000381469727,13.491415023803711
2002-01-04,45600,22.84000015258789,22.809999465942383,22.989999771118164,22.790000915527344,13.616781234741211
2002-01-03,36600,22.639999389648438,22.799999237060547,22.93000030517578,22.559999465942383,13.610808372497559
2002-01-02,85700,22.25,22.739999771118164,22.75,21.799999237060547,13.574992179870605
2001-12-31,116700,22.510000228881836,22.350000381469727,22.850000381469727,22.350000381469727,13.342172622680664
2001-12-28,47700,22.950000762939453,22.420000076293945,23.149999618530273,22.420000076293945,13.383962631225586
2001-12-27,84200,22.75,22.850000381469727,22.850000381469727,22.450000762939453,13.640660285949707
2001-12-26,28900,22.950000762939453,22.81999969482422,22.969999313354492,22.600000381469727,13.622748374938965
2001-12-24,19600,22.799999237060547,23.0,23.0,22.719999313354492,13.730206489562988
2001-12-21,103000,22.790000915527344,22.790000915527344,22.799999237060547,22.440000534057617,13.604838371276855
2001-12-20,61800,22.799999237060547,22.770000457763672,22.799999237060547,22.200000762939453,13.592902183532715
2001-12-19,69000,22.700000762939453,22.780000686645508,22.790000915527344,22.399999618530273,13.598868370056152
2001-12-18,144700,22.899999618530273,22.799999237060547,22.90999984741211,21.489999771118164,13.610808372497559
2001-12-17,63900,21.700000762939453,22.920000076293945,22.920000076293945,21.399999618530273,13.682441711425781
2001-12-14,34200,21.200000762939453,21.75,21.75,21.0,12.98399829864502
2001-12-13,59400,21.0,21.299999237060547,21.3700008392334,20.889999389648438,12.715359687805176
2001-12-12,98900,21.200000762939453,21.0,21.200000762939453,20.56999969482422,12.536273956298828
2001-12-11,49200,21.399999618530273,21.25,21.6200008392334,21.219999313354492,12.685511589050293
2001-12-10,50200,21.799999237060547,21.5,21.799999237060547,21.290000915527344,12.834753036499023
2001-12-07,64800,21.850000381469727,21.93000030517578,22.0,21.770000457763672,13.091445922851562
2001-12-06,45100,21.850000381469727,22.0,22.0,21.59000015258789,13.1332368850708
2001-12-05,87700,21.200000762939453,21.899999618530273,21.899999618530273,20.799999237060547,13.07353687286377
2001-12-04,47700,21.049999237060547,21.299999237060547,21.299999237060547,20.520000457763672,12.715359687805176
2001-12-03,32000,20.700000762939453,20.899999618530273,21.0,20.5,12.47657585144043
2001-11-30,75100,21.350000381469727,20.600000381469727,21.389999389648438,20.489999771118164,12.297491073608398
2001-11-29,78000,20.899999618530273,21.299999237060547,21.299999237060547,20.510000228881836,12.715359687805176
2001-11-28,50100,20.799999237060547,20.81999969482422,20.989999771118164,20.510000228881836,12.428817749023438
2001-11-27,86800,21.0,20.700000762939453,21.170000076293945,20.600000381469727,12.357182502746582
2001-11-26,76700,21.15999984741211,21.200000762939453,21.600000381469727,20.950000762939453,12.655667304992676
2001-11-23,22600,20.549999237060547,21.200000762939453,21.25,20.510000228881836,12.655667304992676
2001-11-21,42400,20.799999237060547,20.600000381469727,20.950000762939453,20.600000381469727,12.297491073608398
2001-11-20,22700,21.100000381469727,20.81999969482422,21.100000381469727,20.81999969482422,12.428817749023438
2001-11-19,31900,20.950000762939453,21.200000762939453,21.200000762939453,20.799999237060547,12.655667304992676
2001-11-16,18600,21.0,20.989999771118164,21.059999465942383,20.850000381469727,12.530303955078125
2001-11-15,33500,21.049999237060547,21.0,21.100000381469727,20.920000076293945,12.536273956298828
2001-11-14,41000,21.25,21.139999389648438,21.450000762939453,21.0,12.619853973388672
2001-11-13,46100,20.799999237060547,21.25,21.25,20.799999237060547,12.685511589050293
2001-11-12,22900,20.549999237060547,21.049999237060547,21.100000381469727,20.549999237060547,12.44374942779541
2001-11-09,73600,20.549999237060547,20.5,20.75,20.5,12.118607521057129
2001-11-08,36200,20.5,20.639999389648438,20.75,20.5,12.201370239257812
2001-11-07,25700,20.899999618530273,20.600000381469727,20.899999618530273,20.479999542236328,12.177724838256836
2001-11-06,28500,20.600000381469727,20.950000762939453,20.950000762939453,20.479999542236328,12.384627342224121
2001-11-05,40600,20.600000381469727,20.6200008392334,20.739999771118164,20.5,12.189546585083008
2001-11-02,33500,20.850000381469727,20.670000076293945,20.850000381469727,20.5,12.21910572052002
2001-11-01,78200,20.600000381469727,21.100000381469727,21.149999618530273,20.600000381469727,12.473299980163574
2001-10-31,22400,20.760000228881836,20.600000381469727,21.0,20.600000381469727,12.177724838256836
2001-10-30,44700,20.510000228881836,20.75,20.84000015258789,20.510000228881836,12.266396522521973
2001-10-29,22000,20.899999618530273,20.510000228881836,21.1200008392334,20.510000228881836,12.124519348144531
2001-10-26,37700,21.149999618530273,20.989999771118164,21.399999618530273,20.969999313354492,12.40827751159668
2001-10-25,55400,20.510000228881836,21.229999542236328,21.3700008392334,20.5,12.550148010253906
2001-10-24,63600,20.760000228881836,20.549999237060547,20.760000228881836,20.549999237060547,12.148161888122559
2001-10-23,45800,21.0,20.75,21.149999618530273,20.75,12.266396522521973
2001-10-22,41400,20.649999618530273,21.100000381469727,21.200000762939453,20.559999465942383,12.473299980163574
2001-10-19,37700,20.520000457763672,20.75,21.020000457763672,20.5,12.266396522521973
2001-10-18,31400,20.700000762939453,20.600000381469727,20.850000381469727,20.56999969482422,12.177724838256836
2001-10-17,30500,21.200000762939453,20.799999237060547,21.520000457763672,20.799999237060547,12.295953750610352
2001-10-16,49800,21.299999237060547,21.149999618530273,21.299999237060547,20.700000762939453,12.50285816192627
2001-10-15,60300,21.450000762939453,21.190000534057617,21.450000762939453,20.729999542236328,12.526503562927246
2001-10-12,48800,21.68000030517578,21.5,21.690000534057617,20.549999237060547,12.709759712219238
2001-10-11,54200,21.889999389648438,21.579999923706055,21.889999389648438,21.34000015258789,12.75705337524414
2001-10-10,93300,21.649999618530273,22.0,22.049999237060547,21.530000686645508,13.005334854125977
2001-10-09,58000,21.959999084472656,21.75,22.18000030517578,21.530000686645508,12.8575439453125
2001-10-08,26200,21.5,21.959999084472656,22.18000030517578,21.420000076293945,12.981696128845215
2001-10-05,52200,22.549999237060547,21.649999618530273,22.549999237060547,21.420000076293945,12.798430442810059
2001-10-04,60100,22.100000381469727,22.489999771118164,22.559999465942383,21.959999084472656,13.294997215270996
2001-10-03,90200,21.209999084472656,22.200000762939453,22.200000762939453,21.170000076293945,13.123563766479492
2001-10-02,48500,20.75,21.200000762939453,21.299999237060547,20.399999618530273,12.532415390014648
2001-10-01,46100,21.350000381469727,20.950000762939453,21.350000381469727,20.309999465942383,12.384627342224121
2001-09-28,67000,20.399999618530273,21.200000762939453,21.549999237060547,20.34000015258789,12.532415390014648
2001-09-27,35700,20.399999618530273,20.549999237060547,20.600000381469727,19.959999084472656,12.148161888122559
2001-09-26,213900,19.0,20.399999618530273,20.5,19.0,12.059493064880371
2001-09-25,62100,19.200000762939453,19.0,19.899999618530273,18.610000610351562,11.231879234313965
2001-09-24,42700,18.899999618530273,19.329999923706055,19.329999923706055,18.899999618530273,11.426959991455078
2001-09-21,99100,19.3799991607666,18.850000381469727,19.3799991607666,18.700000762939453,11.143203735351562
2001-09-20,68900,19.649999618530273,19.399999618530273,19.649999618530273,19.3799991607666,11.468341827392578
2001-09-19,90200,20.0,19.700000762939453,20.0,19.200000762939453,11.645687103271484
2001-09-18,136400,20.0,20.079999923706055,20.299999237060547,19.959999084472656,11.870320320129395
2001-09-17,131000,20.899999618530273,20.0,20.899999618530273,19.920000076293945,11.823037147521973
2001-09-10,63100,21.799999237060547,21.200000762939453,21.989999771118164,21.149999618530273,12.532415390014648
2001-09-07,92200,22.100000381469727,21.75,22.100000381469727,21.43000030517578,12.8575439453125
2001-09-06,80700,22.700000762939453,22.299999237060547,22.700000762939453,22.239999771118164,13.182683944702148
2001-09-05,55600,23.09000015258789,22.700000762939453,23.09000015258789,22.610000610351562,13.419142723083496
2001-09-04,67700,22.399999618530273,23.100000381469727,23.229999542236328,22.399999618530273,13.65560245513916
2001-08-31,59600,23.18000030517578,22.520000457763672,23.18000030517578,22.520000457763672,13.312735557556152
2001-08-30,36200,23.5,23.229999542236328,23.510000228881836,23.1200008392334,13.73244857788086
2001-08-29,57400,23.5,23.559999465942383,23.6200008392334,23.3700008392334,13.927531242370605
2001-08-28,45700,23.760000228881836,23.5,23.760000228881836,23.299999237060547,13.892068862915039
2001-08-27,67000,23.700000762939453,23.75,23.809999465942383,23.700000762939453,14.039850234985352
2001-08-24,101100,23.5,23.600000381469727,23.899999618530273,23.459999084472656,13.951178550720215
2001-08-23,36600,23.950000762939453,23.5,23.950000762939453,23.5,13.892068862915039
2001-08-22,51700,23.520000457763672,23.950000762939453,23.950000762939453,23.3799991607666,14.158082962036133
2001-08-21,45300,23.700000762939453,23.549999237060547,23.700000762939453,23.309999465942383,13.92162036895752
2001-08-20,32400,23.5,23.700000762939453,23.75,23.1299991607666,14.010297775268555
2001-08-17,98200,23.700000762939453,23.65999984741211,23.700000762939453,23.489999771118164,13.986640930175781
2001-08-16,46700,23.350000381469727,23.5,23.5,23.049999237060547,13.892068862915039
2001-08-15,53400,23.040000915527344,23.350000381469727,23.350000381469727,22.959999084472656,13.803389549255371
2001-08-14,26700,23.049999237060547,23.100000381469727,23.100000381469727,23.0,13.65560245513916
2001-08-13,52100,22.739999771118164,23.100000381469727,23.200000762939453,22.639999389648438,13.65560245513916
2001-08-10,45300,23.0,22.950000762939453,23.049999237060547,22.860000610351562,13.445747375488281
2001-08-09,88200,23.020000457763672,22.950000762939453,23.020000457763672,22.850000381469727,13.445747375488281
2001-08-08,43200,23.299999237060547,23.040000915527344,23.420000076293945,23.0,13.498473167419434
2001-08-07,69100,23.399999618530273,23.350000381469727,23.6200008392334,23.299999237060547,13.680096626281738
2001-08-06,80300,23.799999237060547,23.5,24.100000381469727,23.5,13.76797103881836
2001-08-03,108800,24.1299991607666,23.84000015258789,24.190000534057617,23.81999969482422,13.967167854309082
2001-08-02,46400,24.0,24.3799991607666,24.399999618530273,24.0,14.283540725708008
2001-08-01,48500,23.799999237060547,24.010000228881836,24.25,23.799999237060547,14.066771507263184
2001-07-31,63000,24.200000762939453,23.899999618530273,24.200000762939453,23.6299991607666,14.002323150634766
2001-07-30,36300,24.049999237060547,24.200000762939453,24.239999771118164,23.809999465942383,14.178083419799805
2001-07-27,49700,23.899999618530273,24.0,24.049999237060547,23.75,14.060905456542969
2001-07-26,75200,23.639999389648438,23.950000762939453,24.0,23.600000381469727,14.031620025634766
2001-07-25,56600,23.399999618530273,23.700000762939453,23.700000762939453,23.299999237060547,13.885147094726562
2001-07-24,63000,23.450000762939453,23.420000076293945,23.65999984741211,23.40999984741211,13.72110366821289
2001-07-23,62200,23.850000381469727,23.450000762939453,23.899999618530273,23.299999237060547,13.738677024841309
2001-07-20,34900,23.649999618530273,23.850000381469727,23.8700008392334,23.5,13.973031044006348
2001-07-19,45500,23.5,23.549999237060547,23.639999389648438,23.399999618530273,13.79726791381836
2001-07-18,69500,23.25,23.399999618530273,23.5,23.100000381469727,13.709382057189941
2001-07-17,29600,23.299999237060547,23.360000610351562,23.450000762939453,22.899999618530273,13.68594741821289
2001-07-16,56900,23.049999237060547,23.350000381469727,23.399999618530273,23.049999237060547,13.680096626281738
2001-07-13,23300,23.270000457763672,23.100000381469727,23.270000457763672,23.059999465942383,13.5336275100708
2001-07-12,92100,23.149999618530273,23.239999771118164,23.25,22.969999313354492,13.615645408630371
2001-07-11,53900,23.18000030517578,23.100000381469727,23.25,23.020000457763672,13.5336275100708
2001-07-10,93600,22.75,23.18000030517578,23.309999465942383,22.75,13.580492973327637
2001-07-09,123600,23.0,23.0,23.219999313354492,22.850000381469727,13.475037574768066
2001-07-06,89200,23.299999237060547,23.299999237060547,23.350000381469727,23.149999618530273,13.65079402923584
2001-07-05,101800,23.25,23.3700008392334,23.399999618530273,23.190000534057617,13.691812515258789
2001-07-03,63400,23.700000762939453,23.309999465942383,23.700000762939453,23.290000915527344,13.656656265258789
2001-07-02,41600,23.799999237060547,23.700000762939453,23.84000015258789,23.579999923706055,13.885147094726562
2001-06-29,92500,23.229999542236328,23.68000030517578,23.829999923706055,23.149999618530273,13.87342643737793
2001-06-28,90200,23.239999771118164,23.290000915527344,23.399999618530273,23.059999465942383,13.644942283630371
2001-06-27,63200,23.600000381469727,23.34000015258789,23.6200008392334,23.149999618530273,13.674232482910156
2001-06-26,50300,23.299999237060547,23.549999237060547,23.6200008392334,23.010000228881836,13.79726791381836
2001-06-25,77700,23.950000762939453,23.200000762939453,23.989999771118164,23.079999923706055,13.592211723327637
2001-06-22,79200,24.34000015258789,23.959999084472656,24.670000076293945,23.959999084472656,14.037473678588867
2001-06-21,78900,24.25,24.290000915527344,24.489999771118164,24.200000762939453,14.230806350708008
2001-06-20,149600,23.969999313354492,24.25,24.56999969482422,23.950000762939453,14.20737361907959
2001-06-19,107600,24.110000610351562,24.010000228881836,24.34000015258789,24.0,14.066771507263184
2001-06-18,53600,24.049999237060547,24.010000228881836,24.190000534057617,24.0,14.066771507263184
2001-06-15,151000,24.0,24.110000610351562,24.5,23.950000762939453,14.125360488891602
2001-06-14,40400,24.200000762939453,24.149999618530273,24.200000762939453,23.850000381469727,14.148783683776855
2001-06-13,66400,23.799999237060547,24.270000457763672,24.450000762939453,23.75,14.21909236907959
2001-06-12,33800,24.149999618530273,24.049999237060547,24.18000030517578,23.899999618530273,14.090201377868652
2001-06-11,111900,24.190000534057617,24.149999618530273,24.190000534057617,23.729999542236328,14.148783683776855
2001-06-08,93800,23.239999771118164,23.690000534057617,23.690000534057617,23.149999618530273,13.879292488098145
2001-06-07,32800,23.299999237060547,23.239999771118164,23.3700008392334,23.1299991607666,13.615645408630371
2001-06-06,39700,23.600000381469727,23.350000381469727,23.600000381469727,23.1299991607666,13.680096626281738
2001-06-05,40100,23.299999237060547,23.600000381469727,23.600000381469727,23.200000762939453,13.826558113098145
2001-06-04,44900,23.209999084472656,23.420000076293945,23.549999237060547,23.100000381469727,13.72110366821289
2001-06-01,40500,23.1299991607666,23.200000762939453,23.299999237060547,23.1299991607666,13.592211723327637
2001-05-31,42500,23.149999618530273,23.1299991607666,23.350000381469727,23.1299991607666,13.55119514465332
2001-05-30,63200,23.100000381469727,23.139999389648438,23.450000762939453,22.899999618530273,13.55705738067627
2001-05-29,76200,23.25,23.18000030517578,23.450000762939453,22.93000030517578,13.580492973327637
2001-05-25,259700,22.309999465942383,23.0,23.149999618530273,22.309999465942383,13.475037574768066
2001-05-24,37600,22.100000381469727,22.209999084472656,22.290000915527344,22.0,13.012198448181152
2001-05-23,54300,22.149999618530273,22.049999237060547,22.5,22.010000228881836,12.918457984924316
2001-05-22,160700,22.139999389648438,22.100000381469727,22.739999771118164,21.899999618530273,12.94775390625
2001-05-21,163300,22.010000228881836,22.139999389648438,22.139999389648438,22.0,12.971187591552734
2001-05-18,94600,22.049999237060547,22.010000228881836,22.149999618530273,21.899999618530273,12.895025253295898
2001-05-17,147900,21.799999237060547,22.0,22.100000381469727,21.799999237060547,12.889168739318848
2001-05-16,110900,21.25,21.700000762939453,21.770000457763672,21.200000762939453,12.713404655456543
2001-05-15,64500,21.25,21.299999237060547,21.450000762939453,21.020000457763672,12.47905445098877
2001-05-14,107200,21.0,21.200000762939453,21.200000762939453,20.850000381469727,12.4204683303833
2001-05-11,45500,20.850000381469727,20.969999313354492,21.0,20.829999923706055,12.285717964172363
2001-05-10,58000,20.799999237060547,21.149999618530273,21.149999618530273,20.799999237060547,12.271072387695312
2001-05-09,50800,21.0,20.959999084472656,21.100000381469727,20.809999465942383,12.160835266113281
2001-05-08,52600,20.799999237060547,20.959999084472656,21.149999618530273,20.799999237060547,12.160835266113281
2001-05-07,36800,21.0,20.75,21.139999389648438,20.75,12.038993835449219
2001-05-04,33400,20.75,21.049999237060547,21.149999618530273,20.600000381469727,12.213059425354004
2001-05-03,29400,20.969999313354492,20.760000228881836,21.0,20.459999084472656,12.044795036315918
2001-05-02,33100,21.100000381469727,20.969999313354492,21.149999618530273,20.850000381469727,12.166638374328613
2001-05-01,22500,21.0,21.049999237060547,21.049999237060547,20.75,12.213059425354004
2001-04-30,44100,21.149999618530273,21.049999237060547,21.149999618530273,20.75,12.213059425354004
2001-04-27,132000,21.049999237060547,21.149999618530273,21.200000762939453,20.899999618530273,12.271072387695312
2001-04-26,69000,21.1200008392334,20.700000762939453,21.149999618530273,20.700000762939453,12.00998592376709
2001-04-25,61000,20.799999237060547,21.100000381469727,21.100000381469727,20.75,12.242061614990234
2001-04-24,34300,21.0,20.799999237060547,21.100000381469727,20.649999618530273,12.068005561828613
2001-04-23,62800,20.649999618530273,21.079999923706055,21.100000381469727,20.549999237060547,12.230456352233887
2001-04-20,35100,20.549999237060547,20.75,20.75,20.049999237060547,12.038993835449219
2001-04-19,44000,20.850000381469727,20.75,20.850000381469727,20.350000381469727,12.038993835449219
2001-04-18,95900,20.899999618530273,20.899999618530273,21.0,20.75,12.126028060913086
2001-04-17,35700,20.950000762939453,21.0,21.0,20.649999618530273,12.184046745300293
2001-04-16,36100,20.790000915527344,20.950000762939453,20.969999313354492,20.389999389648438,12.155033111572266
2001-04-12,27000,20.600000381469727,20.889999389648438,20.889999389648438,20.549999237060547,12.120220184326172
2001-04-11,18200,20.799999237060547,20.649999618530273,20.950000762939453,20.600000381469727,11.980978012084961
2001-04-10,30100,20.600000381469727,20.850000381469727,20.950000762939453,20.5,12.097009658813477
2001-04-09,25600,20.649999618530273,20.520000457763672,20.649999618530273,20.399999618530273,11.905550003051758
2001-04-06,41000,20.889999389648438,20.559999465942383,20.889999389648438,20.5,11.928762435913086
2001-04-05,44800,20.600000381469727,20.979999542236328,20.979999542236328,20.5,12.172435760498047
2001-04-04,36900,20.0,20.549999237060547,20.649999618530273,20.0,11.922956466674805
2001-04-03,36200,20.5,20.18000030517578,20.510000228881836,19.899999618530273,11.708287239074707
2001-04-02,46700,20.700000762939453,20.549999237060547,20.700000762939453,20.399999618530273,11.922956466674805
2001-03-30,88800,20.149999618530273,20.850000381469727,20.850000381469727,20.0,12.097009658813477
2001-03-29,45900,20.149999618530273,19.899999618530273,20.25,19.75,11.545830726623535
2001-03-28,43500,20.190000534057617,20.020000457763672,20.190000534057617,19.809999465942383,11.615453720092773
2001-03-27,65500,19.799999237060547,20.260000228881836,20.260000228881836,19.700000762939453,11.75469970703125
2001-03-26,70000,20.299999237060547,19.860000610351562,20.3799991607666,19.860000610351562,11.522625923156738
2001-03-23,54200,19.899999618530273,20.200000762939453,20.290000915527344,19.799999237060547,11.719886779785156
2001-03-22,155200,20.540000915527344,19.950000762939453,20.540000915527344,19.15999984741211,11.574840545654297
2001-03-21,38900,20.549999237060547,20.540000915527344,20.850000381469727,20.399999618530273,11.917154312133789
2001-03-20,68200,20.600000381469727,20.649999618530273,21.040000915527344,20.510000228881836,11.980978012084961
2001-03-19,55100,20.399999618530273,20.75,20.75,20.25,12.038993835449219
2001-03-16,103200,20.979999542236328,20.399999618530273,20.989999771118164,20.399999618530273,11.835926055908203
2001-03-15,68100,20.75,20.809999465942383,21.0,20.600000381469727,12.07380485534668
2001-03-14,82400,21.100000381469727,20.979999542236328,21.100000381469727,20.81999969482422,12.172435760498047
2001-03-13,48400,20.0,20.959999084472656,20.989999771118164,20.0,12.160835266113281
2001-03-12,68700,21.09000015258789,20.25,21.149999618530273,20.25,11.748902320861816
2001-03-09,55800,21.100000381469727,21.09000015258789,21.149999618530273,21.0,12.236262321472168
2001-03-08,38700,21.100000381469727,21.010000228881836,21.139999389648438,20.90999984741211,12.189845085144043
2001-03-07,70100,21.100000381469727,20.950000762939453,21.149999618530273,20.950000762939453,12.155033111572266
2001-03-06,58700,21.0,21.079999923706055,21.1200008392334,20.799999237060547,12.230456352233887
2001-03-05,53700,21.100000381469727,20.799999237060547,21.110000610351562,20.799999237060547,12.068005561828613
2001-03-02,99500,21.0,21.0,21.139999389648438,20.809999465942383,12.184046745300293
2001-03-01,51200,20.899999618530273,21.100000381469727,21.100000381469727,20.75,12.242061614990234
2001-02-28,50000,21.100000381469727,20.899999618530273,21.350000381469727,20.799999237060547,12.126028060913086
2001-02-27,54900,22.049999237060547,20.950000762939453,22.1200008392334,20.950000762939453,12.155033111572266
2001-02-26,35300,21.700000762939453,22.100000381469727,22.100000381469727,21.600000381469727,12.822257995605469
2001-02-23,115600,21.649999618530273,21.799999237060547,21.799999237060547,20.790000915527344,12.648193359375
2001-02-22,37500,22.100000381469727,21.75,22.290000915527344,21.690000534057617,12.619187355041504
2001-02-21,51900,22.0,22.299999237060547,22.299999237060547,22.0,12.938292503356934
2001-02-20,48600,22.100000381469727,22.020000457763672,22.25,22.0,12.775843620300293
2001-02-16,29900,22.399999618530273,21.899999618530273,22.399999618530273,21.799999237060547,12.706215858459473
2001-02-15,37300,22.049999237060547,22.149999618530273,22.25,21.989999771118164,12.851262092590332
2001-02-14,25000,22.100000381469727,21.950000762939453,22.299999237060547,21.899999618530273,12.735224723815918
2001-02-13,42600,22.100000381469727,22.049999237060547,22.389999389648438,22.010000228881836,12.793245315551758
2001-02-12,83700,22.049999237060547,22.18000030517578,22.200000762939453,22.049999237060547,12.749726295471191
2001-02-09,65500,21.600000381469727,21.950000762939453,22.200000762939453,21.549999237060547,12.617518424987793
2001-02-08,88500,22.489999771118164,21.600000381469727,22.520000457763672,21.280000686645508,12.416325569152832
2001-02-07,63500,22.549999237060547,22.5,22.649999618530273,22.40999984741211,12.933675765991211
2001-02-06,90800,22.549999237060547,22.600000381469727,22.649999618530273,22.25,12.991162300109863
2001-02-05,196400,22.5,22.5,23.100000381469727,22.5,12.933675765991211
2001-02-02,186100,21.25,21.959999084472656,22.0,21.18000030517578,12.623269081115723
2001-02-01,77100,21.549999237060547,21.5,21.950000762939453,21.450000762939453,12.358844757080078
2001-01-31,136300,21.0,21.549999237060547,21.989999771118164,21.0,12.387587547302246
2001-01-30,114500,21.049999237060547,21.06999969482422,21.139999389648438,21.0,12.111666679382324
2001-01-29,160400,21.0,21.049999237060547,21.450000762939453,20.920000076293945,12.100176811218262
2001-01-26,113100,20.6875,20.875,20.875,20.5,11.9995756149292
2001-01-25,57800,20.8125,20.75,20.9375,20.625,11.92772388458252
2001-01-24,60700,20.8125,20.75,20.875,20.625,11.92772388458252
2001-01-23,47900,20.25,20.9375,20.9375,20.25,12.035504341125488
2001-01-22,33300,20.375,20.1875,20.4375,20.0625,11.60438060760498
2001-01-19,63600,20.5625,20.25,20.6875,20.25,11.640312194824219
2001-01-18,108300,20.6875,20.5,20.875,20.375,11.784017562866211
2001-01-17,57100,20.625,20.4375,21.0,20.4375,11.748090744018555
2001-01-16,148300,20.375,20.375,20.9375,20.3125,11.712167739868164
2001-01-12,47800,19.8125,19.8125,19.875,19.5,11.388821601867676
2001-01-11,32200,20.25,19.9375,20.5,19.75,11.460672378540039
2001-01-10,35300,20.25,20.375,20.8125,20.1875,11.712167739868164
2001-01-09,69800,19.8125,20.3125,20.5,19.8125,11.67623519897461
2001-01-08,50200,20.3125,20.0625,20.3125,19.875,11.532529830932617
2001-01-05,123400,21.0,20.0625,21.25,19.75,11.532529830932617
2001-01-04,79700,22.0625,21.0,22.0625,20.5625,12.071433067321777
2001-01-03,135500,22.125,22.0625,22.25,21.625,12.682191848754883
2001-01-02,61700,21.875,22.125,22.4375,21.875,12.718118667602539
2000-12-29,126900,21.9375,21.875,22.4375,21.75,12.574403762817383
2000-12-28,81600,21.9375,22.0,22.0,21.875,12.64626407623291
2000-12-27,108100,21.8125,21.9375,22.0,21.8125,12.610336303710938
2000-12-26,73400,21.9375,21.8125,22.0,21.75,12.538480758666992
2000-12-22,78000,21.375,21.9375,21.9375,21.3125,12.610336303710938
2000-12-21,104900,21.5625,21.375,22.0,21.3125,12.286995887756348
2000-12-20,62700,21.625,21.5625,21.6875,21.5,12.394769668579102
2000-12-19,108800,21.9375,21.875,22.125,21.75,12.574403762817383
2000-12-18,188600,21.25,21.875,21.875,20.8125,12.574403762817383
2000-12-15,77600,20.5625,21.0,21.0,20.5625,12.071433067321777
2000-12-14,30600,21.0,20.8125,21.1875,20.625,11.963650703430176
2000-12-13,45200,21.125,20.875,21.125,20.6875,11.9995756149292
2000-12-12,47900,20.9375,21.125,21.25,20.9375,12.14328670501709
2000-12-11,129500,20.5,20.9375,21.1875,20.4375,12.035504341125488
2000-12-08,47400,20.25,20.5,20.5,20.0,11.784017562866211
2000-12-07,29400,19.75,20.3125,20.5,19.625,11.67623519897461
2000-12-06,37800,20.625,19.75,20.6875,19.75,11.352895736694336
2000-12-05,55400,19.875,20.625,20.625,19.875,11.855867385864258
2000-12-04,84200,20.25,19.75,20.25,19.75,11.352895736694336
2000-12-01,105700,19.3125,20.0625,20.125,19.3125,11.532529830932617
2000-11-30,93700,20.125,19.5,20.1875,19.375,11.209188461303711
2000-11-29,42700,20.3125,20.1875,20.5,20.125,11.60438060760498
2000-11-28,82600,20.75,20.3125,20.75,20.3125,11.67623519897461
2000-11-27,71000,20.375,20.6875,20.75,20.375,11.89179515838623
2000-11-24,35800,20.0625,20.625,20.625,20.0,11.855867385864258
2000-11-22,29800,20.25,19.9375,20.25,19.8125,11.460672378540039
2000-11-21,54600,20.0,20.25,20.25,19.8125,11.640312194824219
2000-11-20,75700,20.1875,20.0625,20.1875,19.75,11.532529830932617
2000-11-17,44600,20.375,20.0625,20.5,20.0,11.532529830932617
2000-11-16,26500,20.0,20.25,20.375,20.0,11.640312194824219
2000-11-15,34600,19.75,20.0,20.0,19.75,11.496599197387695
2000-11-14,25400,19.8125,19.75,19.8125,19.5625,11.352895736694336
2000-11-13,58600,19.875,20.125,20.125,19.5625,11.450616836547852
2000-11-10,52300,20.3125,19.75,20.3125,19.75,11.237249374389648
2000-11-09,55500,19.875,20.25,20.4375,19.75,11.52174186706543
2000-11-08,33900,20.4375,20.0,20.4375,19.9375,11.379494667053223
2000-11-07,38800,20.4375,20.4375,20.5,20.0,11.628419876098633
2000-11-06,24700,20.25,20.1875,20.75,20.0625,11.486177444458008
2000-11-03,32400,20.6875,20.375,20.875,20.1875,11.59286117553711
2000-11-02,79000,20.0625,20.8125,20.8125,19.75,11.841791152954102
2000-11-01,84300,20.75,20.0,20.8125,19.875,11.379494667053223
2000-10-31,54200,20.625,20.875,20.9375,20.625,11.87734603881836
2000-10-30,45500,20.6875,20.875,21.0,20.625,11.87734603881836
2000-10-27,79500,20.75,20.9375,21.0,20.75,11.912906646728516
2000-10-26,66000,20.1875,20.75,20.8125,20.125,11.806222915649414
2000-10-25,36800,20.625,20.4375,20.6875,20.375,11.628419876098633
2000-10-24,28700,21.0,20.75,21.125,20.75,11.806222915649414
2000-10-23,24700,21.375,21.125,21.4375,20.8125,12.019591331481934
2000-10-20,32700,21.375,21.25,21.4375,20.75,12.09070873260498
2000-10-19,32700,20.5625,21.125,21.125,20.5625,12.019591331481934
2000-10-18,54500,21.0,20.6875,21.125,20.25,11.770660400390625
2000-10-17,57500,21.5,21.125,21.625,21.125,12.019591331481934
2000-10-16,77700,21.5,21.5,21.75,21.34375,12.232950210571289
2000-10-13,65500,21.0,21.375,21.375,20.875,12.161836624145508
2000-10-12,68800,20.8125,21.0,21.125,20.5,11.948469161987305
2000-10-11,114400,20.5625,20.9375,21.125,20.4375,11.912906646728516
2000-10-10,59000,20.625,20.6875,20.875,20.375,11.770660400390625
2000-10-09,78800,20.3125,20.5625,20.75,20.0625,11.699540138244629
2000-10-06,97200,21.125,20.5625,21.25,20.3125,11.699540138244629
2000-10-05,88500,21.1875,21.1875,21.375,21.0,12.055152893066406
2000-10-04,108200,21.6875,21.1875,21.75,21.0625,12.055152893066406
2000-10-03,209900,22.0,21.625,22.5,21.625,12.304078102111816
2000-10-02,254200,21.0,21.6875,21.875,21.0,12.339638710021973
2000-09-29,293900,21.0,20.9375,21.25,20.25,11.912906646728516
2000-09-28,178700,19.6875,20.25,20.25,19.4375,11.52174186706543
2000-09-27,57700,20.0,19.9375,20.0625,19.875,11.343927383422852
2000-09-26,82300,19.5,20.0,20.125,19.375,11.379494667053223
2000-09-25,62800,19.6875,19.375,19.9375,19.375,11.02388858795166
2000-09-22,53300,19.25,19.9375,20.0625,19.25,11.343927383422852
2000-09-21,69800,20.4375,19.5,20.5,19.375,11.095008850097656
2000-09-20,89000,20.375,20.875,20.9375,20.1875,11.87734603881836
2000-09-19,91900,20.75,20.1875,20.75,19.9375,11.486177444458008
2000-09-18,74100,20.5625,20.5625,20.875,20.5,11.699540138244629
2000-09-15,189900,19.8125,20.6406192779541,20.6406192779541,19.8125,11.743990898132324
2000-09-14,37700,19.875,20.0625,20.0625,19.75,11.415054321289062
2000-09-13,143800,19.9375,20.0,20.0,19.625,11.379494667053223
2000-09-12,111800,20.0,19.9375,20.125,19.9375,11.343927383422852
2000-09-11,95700,19.6875,19.9531192779541,20.0,19.375,11.352822303771973
2000-09-08,118200,19.625,19.46875,19.9375,19.375,11.077224731445312
2000-09-07,66300,19.375,19.5,19.875,19.25,11.095008850097656
2000-09-06,62200,19.5,19.375,19.5625,19.0625,11.02388858795166
2000-09-05,115400,19.9375,19.25,20.0,19.0625,10.952764511108398
2000-09-01,128700,19.0,19.8125,19.8125,18.9375,11.272809028625488
2000-08-31,155600,19.0,18.875,19.25,18.8125,10.739397048950195
2000-08-30,61900,18.875,19.0,19.0625,18.875,10.810516357421875
2000-08-29,104100,18.625,19.0,19.0625,18.625,10.810516357421875
2000-08-28,108800,18.8125,18.6875,18.8125,18.5,10.632715225219727
2000-08-25,48200,18.75,18.8125,18.8125,18.6875,10.703836441040039
2000-08-24,77000,18.8125,18.875,18.9375,18.6875,10.739397048950195
2000-08-23,125600,18.9375,18.9375,19.0,18.6875,10.774955749511719
2000-08-22,164300,19.0,18.875,19.0625,18.8125,10.739397048950195
2000-08-21,378200,19.25,18.96875,19.25,18.875,10.792738914489746
2000-08-18,51900,18.25,18.5,18.5625,18.25,10.526030540466309
2000-08-17,164100,18.25,18.3281192779541,18.5,18.25,10.428235054016113
2000-08-16,225900,17.9375,18.03125,18.25,17.875,10.25932502746582
2000-08-15,147600,18.0,17.9531192779541,18.0625,17.875,10.214865684509277
2000-08-14,168700,17.875,18.0,18.125,17.8125,10.241544723510742
2000-08-11,71700,17.875,17.9531192779541,18.0,17.8125,10.098227500915527
2000-08-10,42400,17.75,17.7656192779541,17.875,17.5,9.992767333984375
2000-08-09,132600,17.4375,17.3281192779541,17.9375,17.125,9.746682167053223
2000-08-08,45400,17.5,17.4531192779541,17.625,17.375,9.816986083984375
2000-08-07,73500,17.6875,17.5156192779541,17.6875,17.4375,9.852144241333008
2000-08-04,44900,17.8125,17.6875,17.875,17.625,9.948826789855957
2000-08-03,80100,17.8125,17.9375,18.125,17.8125,10.089447975158691
2000-08-02,40900,18.0,17.9375,18.0,17.75,10.089447975158691
2000-08-01,79100,18.0,18.0,18.0,17.75,10.12459945678711
2000-07-31,75700,17.125,18.0,18.0,16.875,10.12459945678711
2000-07-28,155600,17.25,17.125,17.25,16.9375,9.63243293762207
2000-07-27,55800,17.625,17.25,17.625,17.0,9.702743530273438
2000-07-26,32800,17.75,17.4375,17.875,17.375,9.808209419250488
2000-07-25,49700,17.625,17.75,17.9375,17.5,9.983981132507324
2000-07-24,27500,17.625,17.6875,17.6875,17.5,9.948826789855957
2000-07-21,52900,17.875,17.625,18.0,17.5625,9.91366958618164
2000-07-20,59000,18.1875,17.875,18.1875,17.625,10.054290771484375
2000-07-19,43700,17.8125,18.125,18.25,17.6875,10.194910049438477
2000-07-18,92900,18.25,17.9375,18.25,17.75,10.089447975158691
2000-07-17,29500,18.125,18.3125,18.4375,18.125,10.300374031066895
2000-07-14,51100,18.25,18.125,18.375,18.0,10.194910049438477
2000-07-13,27900,18.3125,18.375,18.375,18.125,10.335529327392578
2000-07-12,55800,18.5625,18.4375,18.5625,18.1875,10.370681762695312
2000-07-11,47000,18.5,18.5,18.5625,18.375,10.405838012695312
2000-07-10,41500,18.125,18.5625,18.5625,18.0,10.440993309020996
2000-07-07,67000,17.875,18.0625,18.125,17.6875,10.15975570678711
2000-07-06,43100,17.9375,17.9375,18.3125,17.875,10.089447975158691
2000-07-05,80100,18.4375,17.875,18.5,17.875,10.054290771484375
2000-07-03,22700,17.75,18.0,18.0,17.6875,10.12459945678711
2000-06-30,70400,18.1875,17.5156192779541,18.25,17.5,9.852144241333008
2000-06-29,25500,18.375,18.4375,18.5,18.1875,10.370681762695312
2000-06-28,26800,18.125,18.5,18.5,18.0625,10.405838012695312
2000-06-27,32400,18.4375,18.125,18.625,18.125,10.194910049438477
2000-06-26,42900,18.1875,18.5625,18.5625,18.0,10.440993309020996
2000-06-23,108000,18.4375,18.125,18.4375,17.9375,10.194910049438477
2000-06-22,153800,18.8125,18.5625,18.8125,18.0625,10.440993309020996
2000-06-21,33900,18.9375,18.9375,19.0625,18.875,10.651921272277832
2000-06-20,81800,18.875,18.9375,19.0,18.75,10.651921272277832
2000-06-19,27700,18.8125,19.0,19.0,18.6875,10.687077522277832
2000-06-16,79200,19.125,19.0625,19.125,18.5625,10.722230911254883
2000-06-15,40100,19.1875,19.1875,19.1875,18.8125,10.792540550231934
2000-06-14,57700,19.0,19.0625,19.25,19.0,10.722230911254883
2000-06-13,31100,19.0,19.25,19.25,18.875,10.827695846557617
2000-06-12,58100,19.125,19.0,19.125,18.8125,10.687077522277832
2000-06-09,21500,19.125,19.125,19.1875,18.875,10.757383346557617
2000-06-08,33600,19.0,19.25,19.25,18.875,10.827695846557617
2000-06-07,31900,19.125,19.125,19.125,18.8125,10.757383346557617
2000-06-06,10800,19.25,19.125,19.25,19.125,10.757383346557617
2000-06-05,44000,19.625,19.25,19.625,19.25,10.827695846557617
2000-06-02,30700,19.4375,19.6875,19.6875,19.4375,11.073781967163086
2000-06-01,70700,19.25,19.4375,19.625,19.25,10.933158874511719
2000-05-31,93900,18.875,19.1875,19.25,18.875,10.792540550231934
2000-05-30,44900,18.8125,18.9375,18.9375,18.6875,10.651921272277832
2000-05-26,23000,19.0,18.9375,19.0625,18.875,10.651921272277832
2000-05-25,55400,19.0,19.0,19.125,18.9375,10.687077522277832
2000-05-24,57700,18.4375,19.125,19.125,18.1875,10.757383346557617
2000-05-23,31200,18.8125,18.375,18.9375,18.375,10.335529327392578
2000-05-22,47900,19.0,19.0625,19.0625,18.4375,10.722230911254883
2000-05-19,39000,19.5625,19.0625,19.5625,18.9375,10.722230911254883
2000-05-18,66400,19.375,19.625,19.875,19.3125,11.038628578186035
2000-05-17,41200,19.8125,19.5,19.875,19.5,10.968318939208984
2000-05-16,56000,19.8125,19.9375,20.0,19.75,11.214396476745605
2000-05-15,59600,20.0,19.8125,20.125,19.75,11.144088745117188
2000-05-12,213400,19.125,20.1875,20.1875,19.125,11.239714622497559
2000-05-11,87800,18.125,18.875,19.0,18.125,10.50895881652832
2000-05-10,49100,18.4375,18.25,18.5625,18.1875,10.160980224609375
2000-05-09,51200,18.5625,18.375,18.5625,18.125,10.230574607849121
2000-05-08,43800,18.625,18.4375,18.75,18.25,10.265369415283203
2000-05-05,45100,18.4375,18.625,18.625,18.375,10.369763374328613
2000-05-04,35400,18.0,18.125,18.625,18.0,10.091382026672363
2000-05-03,32500,18.4375,18.125,18.4375,18.125,10.091382026672363
2000-05-02,52500,18.75,18.3125,18.75,18.3125,10.195775985717773
2000-05-01,69900,18.9375,18.75,19.0,18.75,10.439359664916992
2000-04-28,42200,19.1875,19.0625,19.1875,18.625,10.613348960876465
2000-04-27,36300,19.25,19.375,19.375,19.0,10.787343978881836
2000-04-26,44100,19.0,19.25,19.25,18.9375,10.717742919921875
2000-04-25,22300,18.9375,19.0,19.125,18.875,10.578551292419434
2000-04-24,59500,19.0,18.8125,19.0,18.8125,10.474159240722656
2000-04-20,61800,18.8125,19.0,19.0,18.625,10.578551292419434
2000-04-19,67200,18.625,18.875,19.0,18.1875,10.50895881652832
2000-04-18,63000,18.375,18.75,18.875,18.0,10.439359664916992
2000-04-17,66100,18.0,18.5,18.5625,17.75,10.30016803741455
2000-04-14,83500,18.5625,18.0,18.5625,17.8125,10.0217866897583
2000-04-13,30700,18.75,18.5625,18.8125,18.4375,10.334967613220215
2000-04-12,71500,18.4375,18.625,18.875,18.25,10.369763374328613
2000-04-11,70100,18.0625,18.3125,18.5,18.0625,10.195775985717773
2000-04-10,142100,18.375,18.0625,18.375,18.0,10.056586265563965
2000-04-07,84200,18.25,18.5,18.75,18.25,10.30016803741455
2000-04-06,98000,18.125,18.25,18.375,17.9375,10.160980224609375
2000-04-05,52700,18.125,18.5,18.5,18.0,10.30016803741455
2000-04-04,52600,18.8125,18.5,18.8125,18.3125,10.30016803741455
2000-04-03,38100,19.0625,18.8125,19.0625,18.75,10.474159240722656
2000-03-31,108000,19.125,19.0625,19.25,18.0,10.613348960876465
2000-03-30,46100,19.1875,19.0,19.3125,18.875,10.578551292419434
2000-03-29,26100,19.0625,19.3125,19.375,19.0,10.752542495727539
2000-03-28,36500,19.1875,19.0625,19.25,19.0625,10.613348960876465
2000-03-27,30100,19.0,19.1875,19.4375,19.0,10.682945251464844
2000-03-24,54900,19.6875,19.25,19.8125,19.25,10.717742919921875
2000-03-23,47000,19.75,19.4375,19.9375,19.3125,10.822134017944336
2000-03-22,90000,19.25,19.625,19.625,19.0,10.926533699035645
2000-03-21,64000,18.6875,19.125,19.3125,18.6875,10.648144721984863
2000-03-20,44300,18.625,18.9375,19.1875,18.25,10.543753623962402
2000-03-17,64700,19.3125,18.875,19.4375,18.875,10.50895881652832
2000-03-16,93500,18.75,19.5625,19.5625,18.75,10.891733169555664
2000-03-15,48300,18.9375,18.375,19.0,18.0625,10.230574607849121
2000-03-14,85200,19.0,19.0,19.375,18.5,10.578551292419434
2000-03-13,205600,18.0625,19.0,19.5,17.8125,10.578551292419434
2000-03-10,82900,18.375,17.75,18.4375,17.5,9.882596015930176
2000-03-09,102400,18.5,18.0,18.5,18.0,10.0217866897583
2000-03-08,118700,18.8125,18.5,18.9375,18.375,10.30016803741455
2000-03-07,130200,19.25,18.9375,19.5,18.9375,10.543753623962402
2000-03-06,168100,19.0,19.0,19.125,18.5625,10.578551292419434
2000-03-03,62000,17.9375,18.0625,18.375,17.875,10.056586265563965
2000-03-02,67100,18.125,17.9375,18.125,17.75,9.986990928649902
2000-03-01,44100,18.4375,18.0625,18.4375,18.0,10.056586265563965
2000-02-29,105700,17.875,18.5,18.5,17.75,10.30016803741455
2000-02-28,30300,18.0,17.75,18.0625,17.75,9.882596015930176
2000-02-25,63900,17.75,17.75,18.0,17.6875,9.882596015930176
2000-02-24,68800,17.375,17.6875,17.75,17.375,9.847798347473145
2000-02-23,40300,17.125,17.3125,17.5,17.0625,9.639009475708008
2000-02-22,74100,17.625,17.0625,17.875,17.0625,9.499821662902832
2000-02-18,51700,17.875,17.6875,17.875,17.625,9.847798347473145
2000-02-17,50800,17.8125,17.625,18.0,17.3125,9.812997817993164
2000-02-16,54000,17.875,17.8125,18.0,17.625,9.917393684387207
2000-02-15,52700,17.875,17.875,18.0,17.625,9.952190399169922
2000-02-14,142200,17.8125,17.75,17.875,17.625,9.882596015930176
2000-02-11,81700,18.25,18.125,18.3125,17.875,9.97724437713623
2000-02-10,38000,18.5,18.25,18.5,18.25,10.046055793762207
2000-02-09,243200,19.0,18.5,19.0625,18.3125,10.183670997619629
2000-02-08,65200,19.0625,19.0,19.25,18.875,10.458908081054688
2000-02-07,50700,19.3125,19.1875,19.625,19.1875,10.562112808227539
2000-02-04,40300,19.75,19.375,19.8125,19.25,10.665329933166504
2000-02-03,56500,19.9375,19.8125,19.9375,19.75,10.906161308288574
2000-02-02,62700,19.875,19.8125,19.875,19.75,10.906161308288574
2000-02-01,43800,19.5625,19.875,19.875,19.5625,10.940566062927246
2000-01-31,66100,19.5,19.5625,19.6875,19.5,10.768540382385254
2000-01-28,73600,19.4375,19.375,19.9375,19.375,10.665329933166504
2000-01-27,116300,19.625,19.25,20.0,19.25,10.596521377563477
2000-01-26,112400,20.0625,19.5,20.125,19.0,10.734139442443848
2000-01-25,229800,20.0,20.0625,20.5625,19.5625,11.043777465820312
2000-01-24,303500,22.0625,20.1875,22.0625,20.1875,11.112585067749023
2000-01-21,53000,22.125,22.3125,23.0,22.0625,12.282332420349121
2000-01-20,68600,22.125,22.125,22.125,21.875,12.179121971130371
2000-01-19,58500,22.125,22.125,22.125,21.9375,12.179121971130371
2000-01-18,130500,21.875,22.1875,22.25,21.5625,12.21352767944336
2000-01-14,50300,21.25,21.875,21.875,21.125,12.041505813598633
2000-01-13,46800,21.625,21.125,21.625,21.125,11.628652572631836
2000-01-12,37400,21.75,21.625,21.75,21.5,11.903887748718262
2000-01-11,37800,22.0,21.8125,22.0,21.75,12.007101058959961
2000-01-10,97100,21.875,21.9375,22.0,21.8125,12.075910568237305
2000-01-07,163800,21.375,21.8125,21.8125,21.3125,12.007101058959961
2000-01-06,95100,21.0,21.5,21.6875,21.0,11.835081100463867
2000-01-05,165400,21.25,20.875,21.25,20.1875,11.49103832244873
2000-01-04,32200,22.0,21.25,22.0,21.0625,11.69746208190918
2000-01-03,34500,22.875,22.125,22.875,21.8125,12.179121971130371
1999-12-31,94800,22.0,23.0,23.0,21.875,12.660780906677246
1999-12-30,85900,21.625,22.125,22.625,21.625,12.179121971130371
1999-12-29,38300,21.5,21.6875,21.6875,21.125,11.938291549682617
1999-12-28,113800,22.0625,21.4218807220459,22.0625,21.0625,11.792078018188477
1999-12-27,31500,23.125,22.125,23.625,22.125,12.179121971130371
1999-12-23,55400,22.875,23.0,23.0,22.5625,12.660780906677246
1999-12-22,54800,22.75,22.625,23.0,22.375,12.454349517822266
1999-12-21,73900,21.0,22.75,23.0625,21.0,12.523163795471191
1999-12-20,68200,20.75,20.9375,21.0,20.375,11.52544116973877
1999-12-17,142000,21.0,21.0,21.375,20.5625,11.559844017028809
1999-12-16,57600,21.875,21.4375,21.875,21.375,11.800674438476562
1999-12-15,36600,21.875,21.875,21.875,21.5625,12.041505813598633
1999-12-14,26300,21.9375,21.9375,21.9375,21.75,12.075910568237305
1999-12-13,64300,21.875,21.9375,22.0,21.6875,12.075910568237305
1999-12-10,76000,22.125,21.8125,22.25,21.5,12.007101058959961
1999-12-09,62600,22.4375,22.0,22.4375,21.5,12.11031723022461
1999-12-08,14400,22.75,22.5,22.75,22.5,12.385550498962402
1999-12-07,44200,23.375,22.5,23.375,22.3125,12.385550498962402
1999-12-06,36700,22.75,22.75,22.75,22.5,12.523163795471191
1999-12-03,161500,23.125,22.5,23.25,22.0,12.385550498962402
1999-12-02,58000,23.25,22.875,23.3125,22.875,12.591975212097168
1999-12-01,44400,23.5625,23.1875,23.625,23.125,12.763992309570312
1999-11-30,20000,23.625,23.4375,23.625,23.125,12.901616096496582
1999-11-29,22700,23.8125,23.625,23.8125,23.375,13.004822731018066
1999-11-26,22500,23.6875,23.9375,24.0,23.625,13.17684268951416
1999-11-24,74600,24.3125,23.75,24.3125,23.1875,13.073630332946777
1999-11-23,18200,24.25,24.3125,24.3125,24.25,13.38327407836914
1999-11-22,53700,24.5,24.25,24.8125,24.25,13.348872184753418
1999-11-19,63000,24.625,24.625,24.75,24.5,13.555295944213867
1999-11-18,106500,24.6875,24.625,24.6875,24.5,13.555295944213867
1999-11-17,96200,24.1875,24.5625,24.6875,24.1875,13.520893096923828
1999-11-16,104700,23.75,24.0625,24.3125,23.75,13.245654106140137
1999-11-15,38700,23.5625,23.75,23.9375,23.5625,13.073630332946777
1999-11-12,124300,24.1875,23.75,24.1875,23.75,13.073630332946777
1999-11-11,38400,23.75,24.1875,24.3125,23.75,13.201620101928711
1999-11-10,40600,23.8125,23.6875,23.9375,23.6875,12.928719520568848
1999-11-09,25600,23.625,23.875,23.875,23.5,13.031049728393555
1999-11-08,21400,23.5,23.5,23.8125,23.4375,12.826373100280762
1999-11-05,21100,23.375,23.4375,23.5625,23.375,12.792267799377441
1999-11-04,27500,23.25,23.4375,23.5,23.1875,12.792267799377441
1999-11-03,99100,23.1875,23.25,23.375,22.875,12.689927101135254
1999-11-02,68100,23.5,23.3125,23.5,23.25,12.724040031433105
1999-11-01,73000,23.4375,23.4375,23.5,23.3125,12.792267799377441
1999-10-29,55400,23.125,23.25,23.375,23.125,12.689927101135254
1999-10-28,196100,23.5,23.25,23.5,22.875,12.689927101135254
1999-10-27,34600,23.625,23.4375,24.0,23.4375,12.792267799377441
1999-10-26,57600,23.9375,23.625,23.9375,23.5,12.894604682922363
1999-10-25,99700,23.875,23.8125,24.125,23.8125,12.996939659118652
1999-10-22,56600,23.6875,23.875,24.0,23.5625,13.031049728393555
1999-10-21,82900,23.875,23.6875,23.875,23.4375,12.928719520568848
1999-10-20,48500,24.3125,23.8125,24.3125,23.75,12.996939659118652
1999-10-19,28600,24.4375,24.1875,24.4375,24.125,13.201620101928711
1999-10-18,65700,23.75,24.3125,24.3125,23.75,13.269845962524414
1999-10-15,211700,25.0,24.0,25.0,23.75,13.099279403686523
1999-10-14,180600,24.5,25.0,25.0625,24.4375,13.645082473754883
1999-10-13,303400,23.75,24.375,24.5,23.75,13.303960800170898
1999-10-12,400100,25.375,23.875,25.375,23.6875,13.031049728393555
1999-10-11,150700,26.625,25.375,26.625,25.125,13.849756240844727
1999-10-08,81800,27.0,26.6875,27.0,26.5625,14.566121101379395
1999-10-07,67000,26.875,27.125,27.3125,26.875,14.804917335510254
1999-10-06,44100,27.0625,27.0,27.0625,26.875,14.736696243286133
1999-10-05,35600,26.75,27.0,27.0,26.75,14.736696243286133
1999-10-04,34100,26.875,26.75,26.875,26.75,14.60023307800293
1999-10-01,11700,26.9375,26.8125,26.9375,26.6875,14.634355545043945
1999-09-30,50500,27.125,26.9375,27.125,26.875,14.702569961547852
1999-09-29,30300,27.0,27.125,27.25,27.0,14.804917335510254
1999-09-28,49200,27.3125,27.0625,27.3125,26.875,14.770804405212402
1999-09-27,11500,26.875,27.25,27.25,26.875,14.873135566711426
1999-09-24,49900,27.1875,27.0,27.1875,27.0,14.736696243286133
1999-09-23,39800,27.5,27.1875,27.5625,27.1875,14.839020729064941
1999-09-22,30600,27.625,27.4375,27.625,27.3125,14.975479125976562
1999-09-21,63100,27.5,27.6875,27.75,27.375,15.111928939819336
1999-09-20,36200,27.75,27.5,27.8125,27.5,15.009589195251465
1999-09-17,28700,27.75,27.8125,27.8125,27.75,15.180150985717773
1999-09-16,34100,27.75,27.8125,27.875,27.75,15.180150985717773
1999-09-15,16200,28.0,27.875,28.0,27.8125,15.214265823364258
1999-09-14,3900,27.75,27.875,27.875,27.75,15.214265823364258
1999-09-13,18700,27.875,27.75,28.75,27.75,15.146041870117188
1999-09-10,21300,27.8125,28.0,28.0,27.8125,15.282495498657227
1999-09-09,55100,27.9375,27.8125,27.9375,27.75,15.180150985717773
1999-09-08,25700,28.0,27.9375,28.0,27.875,15.248381614685059
1999-09-07,31600,27.875,27.9375,27.9375,27.8125,15.248381614685059
1999-09-03,35700,27.9375,27.875,27.9375,27.8125,15.214265823364258
1999-09-02,46800,28.0,27.875,28.0,27.625,15.214265823364258
1999-09-01,74300,27.8125,27.9375,28.0,27.8125,15.248381614685059
1999-08-31,125400,28.0625,27.875,28.0625,27.75,15.214265823364258
1999-08-30,101300,28.375,28.125,28.375,28.0,15.350715637207031
1999-08-27,31300,28.6875,28.5,28.6875,28.5,15.555394172668457
1999-08-26,30900,28.6875,28.625,28.6875,28.625,15.623617172241211
1999-08-25,15100,28.6875,28.6875,28.6875,28.625,15.657733917236328
1999-08-24,113900,28.75,28.6875,28.75,28.625,15.657733917236328
1999-08-23,36100,28.75,28.6875,28.875,28.5625,15.657733917236328
1999-08-20,96800,28.625,28.75,28.75,28.4375,15.691844940185547
1999-08-19,73600,28.625,28.6875,28.6875,28.5625,15.657733917236328
1999-08-18,234000,28.875,28.6875,28.875,28.625,15.657733917236328
1999-08-17,66600,28.75,28.71875,28.875,28.5,15.674785614013672
1999-08-16,88800,28.9375,28.8125,28.9375,28.6875,15.725960731506348
1999-08-13,72000,28.75,28.9375,28.9375,28.75,15.794179916381836
1999-08-12,31400,28.625,28.875,28.875,28.625,15.760075569152832
1999-08-11,353700,28.75,28.875,28.875,28.75,15.648184776306152
1999-08-10,18100,28.6875,28.75,28.8125,28.6875,15.580435752868652
1999-08-09,57500,28.5,28.75,28.75,28.5,15.580435752868652
1999-08-06,29800,28.6875,28.5625,28.75,28.5,15.478825569152832
1999-08-05,47800,28.75,28.6875,28.75,28.6875,15.54656982421875
1999-08-04,8500,28.75,28.8125,28.8125,28.75,15.614315032958984
1999-08-03,28700,28.5,28.75,28.8125,28.5,15.580435752868652
1999-08-02,75100,28.875,28.4375,28.875,28.4375,15.41108512878418
1999-07-30,22900,28.9375,28.8125,28.9375,28.75,15.614315032958984
1999-07-29,91000,28.9375,29.0,29.0,28.875,15.715924263000488
1999-07-28,39000,28.9375,28.9375,29.0,28.875,15.682050704956055
1999-07-27,329800,29.0,29.0,29.0625,28.875,15.715924263000488
1999-07-26,89100,28.9375,29.0,29.125,28.9375,15.715924263000488
1999-07-23,52900,28.9375,29.0,29.0,28.875,15.715924263000488
1999-07-22,91700,28.875,28.9375,29.0,28.875,15.682050704956055
1999-07-21,62800,28.9375,28.875,29.0,28.8125,15.648184776306152
1999-07-20,27100,28.875,28.9375,28.9375,28.8125,15.682050704956055
1999-07-19,16100,28.875,28.9375,28.9375,28.875,15.682050704956055
1999-07-16,101500,29.0,28.875,29.0,28.875,15.648184776306152
1999-07-15,56700,28.9375,29.0625,29.0625,28.875,15.749791145324707
1999-07-14,39200,28.9375,29.0,29.0625,28.875,15.715924263000488
1999-07-13,15600,28.75,28.875,28.875,28.75,15.648184776306152
1999-07-12,43000,28.75,28.75,28.875,28.75,15.580435752868652
1999-07-09,59900,28.75,28.8125,28.875,28.75,15.614315032958984
1999-07-08,12700,29.0,28.8125,29.0,28.8125,15.614315032958984
1999-07-07,35300,28.9375,28.875,28.9375,28.75,15.648184776306152
1999-07-06,95800,28.75,29.0,29.0,28.6875,15.715924263000488
1999-07-02,69300,28.6875,28.75,28.8125,28.6875,15.580435752868652
1999-07-01,249300,28.625,28.6875,28.75,28.625,15.54656982421875
1999-06-30,284800,28.5,28.625,28.6875,28.4375,15.512697219848633
1999-06-29,94700,28.4375,28.375,28.4375,28.3125,15.377218246459961
1999-06-28,41100,28.4375,28.4375,28.5,28.375,15.41108512878418
1999-06-25,69000,28.375,28.375,28.5,28.3125,15.377218246459961
1999-06-24,80300,28.5,28.375,28.5,28.375,15.377218246459961
1999-06-23,46700,28.375,28.4375,28.4375,28.3125,15.41108512878418
1999-06-22,71500,28.3125,28.5,28.5,28.25,15.444954872131348
1999-06-21,56300,28.1875,28.375,28.375,28.1875,15.377218246459961
1999-06-18,173900,28.4375,28.25,28.4375,28.1875,15.30948257446289
1999-06-17,12800,28.375,28.3125,28.375,28.25,15.343341827392578
1999-06-16,21400,28.3125,28.3125,28.375,28.25,15.343341827392578
1999-06-15,73400,28.25,28.375,28.375,28.25,15.377218246459961
1999-06-14,53400,28.375,28.1875,28.4375,28.1875,15.275603294372559
1999-06-11,18400,28.375,28.375,28.40625,28.25,15.377218246459961
1999-06-10,105100,28.375,28.375,28.375,28.3125,15.377218246459961
1999-06-09,72500,28.375,28.4375,28.4375,28.3125,15.41108512878418
1999-06-08,49900,28.375,28.375,28.4375,28.3125,15.377218246459961
1999-06-07,70300,28.625,28.375,28.625,28.3125,15.377218246459961
1999-06-04,42400,28.375,28.5625,28.5625,28.375,15.478825569152832
1999-06-03,10100,28.3125,28.4375,28.4375,28.3125,15.41108512878418
1999-06-02,61000,28.375,28.4375,28.4375,28.25,15.41108512878418
1999-06-01,144400,28.0,28.25,28.3125,28.0,15.30948257446289
1999-05-28,8100,28.375,28.25,28.375,28.25,15.30948257446289
1999-05-27,151700,28.4375,28.3125,28.4375,28.3125,15.343341827392578
1999-05-26,64500,28.4375,28.5,28.625,28.375,15.444954872131348
1999-05-25,100700,28.4375,28.4375,28.4375,28.3125,15.41108512878418
1999-05-24,92000,28.4375,28.375,28.4375,28.25,15.377218246459961
1999-05-21,22000,28.5,28.4375,28.5625,28.25,15.41108512878418
1999-05-20,29300,28.375,28.375,28.625,28.3125,15.377218246459961
1999-05-19,48300,28.25,28.3125,28.4375,28.25,15.343341827392578
1999-05-18,220800,28.4375,28.25,28.4375,28.25,15.30948257446289
1999-05-17,172600,28.375,28.375,28.4375,28.1875,15.377218246459961
1999-05-14,82100,28.625,28.25,28.625,28.1875,15.30948257446289
1999-05-13,133500,28.5625,28.5625,28.6875,28.375,15.478825569152832
1999-05-12,421300,29.1875,28.6875,29.1875,28.125,15.43547534942627
1999-05-11,279500,28.75,29.3125,29.5,28.4375,15.771760940551758
1999-05-10,67900,28.5,28.625,28.75,28.5,15.40184497833252
1999-05-07,46600,28.75,28.625,28.75,28.4375,15.40184497833252
1999-05-06,17400,28.3125,28.875,28.875,28.3125,15.53636360168457
1999-05-05,171200,28.5625,28.3125,28.5625,28.25,15.233699798583984
1999-05-04,19900,28.75,28.75,28.75,28.5,15.469101905822754
1999-05-03,41200,28.5625,28.875,28.875,28.5625,15.53636360168457
1999-04-30,45300,28.75,28.5625,28.875,28.5,15.368213653564453
1999-04-29,329000,29.0,28.75,29.0,28.625,15.469101905822754
1999-04-28,239500,28.875,29.0,29.3125,28.875,15.603618621826172
1999-04-27,231500,28.375,29.25,29.5,28.125,15.738125801086426
1999-04-26,297300,28.25,28.125,28.375,28.0625,15.13281536102295
1999-04-23,36800,27.375,27.625,27.8125,27.125,14.863789558410645
1999-04-22,45300,27.125,27.375,27.375,27.0,14.729269027709961
1999-04-21,39800,27.3125,27.125,27.3125,27.0625,14.594767570495605
1999-04-20,38900,27.125,27.25,27.25,27.0625,14.662017822265625
1999-04-19,11600,27.125,27.1875,27.4375,27.125,14.628385543823242
1999-04-16,49800,26.9375,27.125,27.375,26.875,14.594767570495605
1999-04-15,72900,27.0625,27.0,27.125,26.875,14.527511596679688
1999-04-14,115700,27.0625,27.125,27.125,27.0625,14.594767570495605
1999-04-13,53000,27.1875,27.125,27.25,27.0625,14.594767570495605
1999-04-12,56900,27.1875,27.1875,27.375,27.0625,14.628385543823242
1999-04-09,42000,27.25,27.3125,27.375,27.1875,14.695646286010742
1999-04-08,25300,27.375,27.375,27.375,27.25,14.729269027709961
1999-04-07,19700,27.5,27.375,27.625,27.25,14.729269027709961
1999-04-06,27700,27.8125,27.375,27.8125,27.375,14.729269027709961
1999-04-05,38400,27.5625,27.6875,27.6875,27.25,14.897421836853027
1999-04-01,37000,27.375,27.5625,27.625,27.3125,14.830159187316895
1999-03-31,38100,27.5,27.5,27.5625,27.3125,14.796531677246094
1999-03-30,21200,27.375,27.5625,27.5625,27.25,14.830159187316895
1999-03-29,36000,27.375,27.4375,27.5,27.375,14.762904167175293
1999-03-26,58100,27.5,27.4375,27.5,27.3125,14.762904167175293
1999-03-25,83700,27.1875,27.625,27.625,27.1875,14.863789558410645
1999-03-24,67400,27.25,27.25,27.25,27.125,14.662017822265625
1999-03-23,120200,27.375,27.3125,27.375,27.25,14.695646286010742
1999-03-22,20500,27.3125,27.4375,27.4375,27.25,14.762904167175293
1999-03-19,50200,27.0625,27.375,27.375,27.0625,14.729269027709961
1999-03-18,56200,27.125,27.0625,27.1875,27.0625,14.561139106750488
1999-03-17,84700,26.875,27.0625,27.375,26.875,14.561139106750488
1999-03-16,58300,27.0,26.9375,27.0625,26.875,14.493870735168457
1999-03-15,71300,27.0,27.0,27.25,26.75,14.527511596679688
1999-03-12,139900,27.625,26.875,27.625,26.5,14.46025276184082
1999-03-11,22400,27.75,27.75,27.875,27.75,14.931047439575195
1999-03-10,49300,27.9375,27.75,28.0,27.6875,14.931047439575195
1999-03-09,146300,28.25,27.875,28.3125,27.875,14.998300552368164
1999-03-08,63900,28.5625,28.3125,28.5625,28.25,15.233699798583984
1999-03-05,106100,28.75,28.5625,28.75,28.5625,15.368213653564453
1999-03-04,54000,28.625,28.75,28.75,28.5625,15.469101905822754
1999-03-03,53300,28.625,28.625,28.9375,28.625,15.40184497833252
1999-03-02,111300,28.875,28.625,28.875,28.5625,15.40184497833252
1999-03-01,77300,28.6875,28.875,28.875,28.5625,15.53636360168457
1999-02-26,99300,28.5625,28.75,28.9375,28.5625,15.469101905822754
1999-02-25,62900,28.5625,28.625,28.625,28.5,15.40184497833252
1999-02-24,141600,28.6875,28.5625,28.8125,28.5625,15.368213653564453
1999-02-23,246500,28.5,28.75,29.0,28.5,15.469101905822754
1999-02-22,559400,29.0,28.375,29.0,28.25,15.26733684539795
1999-02-19,220600,25.875,26.625,26.75,25.8125,14.32573127746582
1999-02-18,62300,25.75,25.75,26.0,25.75,13.854933738708496
1999-02-17,114300,26.25,25.8125,26.25,25.5625,13.888562202453613
1999-02-16,108700,25.8125,26.0,26.1875,25.5625,13.989450454711914
1999-02-12,386600,25.8125,25.6875,26.0,25.6875,13.821307182312012
1999-02-11,84200,25.875,25.9375,26.0,25.25,13.955817222595215
1999-02-10,32000,26.0625,26.0625,26.25,26.0,13.912781715393066
1999-02-09,24700,26.125,26.125,26.25,26.0625,13.946144104003906
1999-02-08,45400,26.125,26.0,26.125,25.875,13.879408836364746
1999-02-05,53300,26.1875,26.1875,26.375,26.1875,13.979506492614746
1999-02-04,122800,26.1875,26.1875,26.25,26.125,13.979506492614746
1999-02-03,29500,26.25,26.25,26.375,26.1875,14.012871742248535
1999-02-02,229400,26.1875,26.25,26.25,26.1875,14.012871742248535
1999-02-01,57400,26.1875,26.1875,26.1875,25.875,13.979506492614746
1999-01-29,43300,26.25,26.3125,26.3125,26.0625,14.046233177185059
1999-01-28,43600,26.1875,26.125,26.25,26.125,13.946144104003906
1999-01-27,70600,26.125,26.1875,26.375,26.0625,13.979506492614746
1999-01-26,94700,26.1875,26.125,26.21875,26.0625,13.946144104003906
1999-01-25,56000,26.1875,26.1875,26.3125,26.0,13.979506492614746
1999-01-22,106600,26.0,26.25,26.4375,25.9375,14.012871742248535
1999-01-21,43400,26.0,26.0625,26.0625,25.9375,13.912781715393066
1999-01-20,67500,26.0,26.125,26.125,25.9375,13.946144104003906
1999-01-19,47400,26.0625,26.0,26.125,26.0,13.879408836364746
1999-01-15,151600,26.0,26.0,26.125,25.8125,13.879408836364746
1999-01-14,104500,26.3125,25.875,26.3125,25.875,13.812681198120117
1999-01-13,61400,26.0,26.375,26.5,26.0,14.07959270477295
1999-01-12,104900,26.3125,26.1875,26.4375,26.125,13.979506492614746
1999-01-11,93500,26.4375,26.1875,26.4375,26.1875,13.979506492614746
1999-01-08,118200,26.375,26.5,26.5,26.375,14.146321296691895
1999-01-07,64200,26.4375,26.375,26.5,26.3125,14.07959270477295
1999-01-06,116000,26.4375,26.4375,26.5,26.3125,14.112957954406738
1999-01-05,55000,26.375,26.375,26.5,26.375,14.07959270477295
1999-01-04,137900,26.625,26.375,26.6875,26.25,14.07959270477295
1998-12-31,71000,26.5,26.625,26.875,26.375,14.213048934936523
1998-12-30,53000,26.625,26.5,26.75,26.5,14.146321296691895
1998-12-29,47300,26.375,26.5,26.625,26.375,14.146321296691895
1998-12-28,49100,26.5,26.375,26.5,26.125,14.07959270477295
1998-12-24,29800,26.5,26.5,26.5625,26.375,14.146321296691895
1998-12-23,81800,26.375,26.5,26.75,26.25,14.146321296691895
1998-12-22,73200,26.5,26.4375,26.5,26.3125,14.112957954406738
1998-12-21,112100,26.25,26.25,26.3125,26.0,14.012871742248535
1998-12-18,140500,26.3125,26.1875,26.375,26.0625,13.979506492614746
1998-12-17,129600,26.3125,26.3125,26.625,26.125,14.046233177185059
1998-12-16,167100,26.0625,26.375,26.625,25.9375,14.07959270477295
1998-12-15,638900,26.875,26.0625,26.875,25.9375,13.912781715393066
1998-12-14,42400,24.5,23.75,24.5,23.25,12.678315162658691
1998-12-11,25900,24.6875,24.375,24.6875,24.0,13.011950492858887
1998-12-10,28500,24.875,24.75,24.875,24.6875,13.21213436126709
1998-12-09,59000,24.375,24.8125,24.8125,24.0,13.245495796203613
1998-12-08,55000,24.8125,24.3125,24.8125,24.125,12.978586196899414
1998-12-07,24000,24.4375,24.6875,24.6875,24.375,13.178771018981934
1998-12-04,82800,23.8125,24.5625,24.5625,23.59375,13.11204719543457
1998-12-03,28900,23.875,23.9375,23.96875,23.6875,12.778403282165527
1998-12-02,52900,24.0,23.8125,24.0,23.8125,12.71167278289795
1998-12-01,55600,23.5,23.5,23.625,23.1875,12.544851303100586
1998-11-30,57800,24.0,23.75,24.0,23.5625,12.678315162658691
1998-11-27,4800,24.0625,24.125,24.125,24.0,12.878494262695312
1998-11-25,30100,24.25,24.0625,24.4375,24.0,12.845128059387207
1998-11-24,51700,24.875,24.25,24.9375,24.25,12.945221900939941
1998-11-23,136600,24.0,24.8125,24.9375,23.875,13.245495796203613
1998-11-20,29900,23.375,23.5,23.5,23.375,12.544851303100586
1998-11-19,46800,23.25,23.4375,23.5,23.25,12.51148509979248
1998-11-18,41900,23.25,23.1875,23.4375,23.0,12.378026962280273
1998-11-17,55600,23.0625,23.375,23.5625,22.9375,12.47812271118164
1998-11-16,50600,22.8125,23.0,23.25,22.8125,12.277937889099121
1998-11-13,32000,22.375,22.6875,22.875,22.0,12.111119270324707
1998-11-12,75600,22.875,22.3125,22.875,22.125,11.910933494567871
1998-11-11,29100,23.0,22.875,23.0,22.8125,12.101778984069824
1998-11-10,113300,23.0,22.875,23.125,22.625,12.101778984069824
1998-11-09,59100,23.625,22.9375,23.75,22.9375,12.134841918945312
1998-11-06,56800,23.3125,23.5,23.875,23.0,12.432428359985352
1998-11-05,108300,23.125,23.8125,24.375,23.125,12.597750663757324
1998-11-04,61700,23.875,23.25,23.9375,23.0,12.300162315368652
1998-11-03,57300,23.6875,23.9375,23.9375,23.0625,12.663881301879883
1998-11-02,62900,23.75,23.9375,23.9375,23.5,12.663881301879883
1998-10-30,41300,23.625,23.6875,23.9375,23.25,12.531617164611816
1998-10-29,47200,23.875,23.5,23.875,23.375,12.432428359985352
1998-10-28,93200,23.375,23.75,24.0,23.125,12.564688682556152
1998-10-27,40900,23.5625,23.625,23.9375,23.5,12.498564720153809
1998-10-26,100200,23.5625,23.5625,23.8125,23.0625,12.465494155883789
1998-10-23,134600,24.0,23.8125,24.0,23.5625,12.597750663757324
1998-10-22,178900,23.75,24.0,24.125,23.4375,12.696948051452637
1998-10-21,128400,23.0,23.4375,23.5,23.0,12.399359703063965
1998-10-20,113300,22.625,23.125,23.1875,22.5625,12.234039306640625
1998-10-19,65800,22.0625,22.75,22.75,21.5625,12.03564739227295
1998-10-16,48900,21.875,22.125,22.375,21.875,11.705001831054688
1998-10-15,113400,21.9375,22.125,22.375,21.625,11.705001831054688
1998-10-14,115700,21.625,22.0625,22.0625,21.5625,11.671936988830566
1998-10-13,69800,21.375,21.625,21.75,21.375,11.440484046936035
1998-10-12,38200,21.5,21.5,21.75,21.5,11.374351501464844
1998-10-09,137000,21.375,21.625,21.875,21.1875,11.440484046936035
1998-10-08,152300,20.875,21.625,21.625,20.375,11.440484046936035
1998-10-07,88800,20.75,21.125,21.125,20.75,11.175962448120117
1998-10-06,57600,20.625,20.875,21.0,20.5,11.04369831085205
1998-10-05,115700,20.6875,20.625,20.75,20.4375,10.911438941955566
1998-10-02,27200,20.5,20.5625,20.75,20.5,10.878378868103027
1998-10-01,85400,20.3125,20.5,20.5625,20.1875,10.845308303833008
1998-09-30,72000,20.125,20.4375,20.6875,19.875,10.812243461608887
1998-09-29,57800,20.3125,20.0,20.5,19.875,10.580792427062988
1998-09-28,56300,19.6875,20.125,20.125,19.6875,10.646921157836914
1998-09-25,38200,19.0,19.625,19.75,19.0,10.382401466369629
1998-09-24,44300,20.0625,19.75,20.0625,19.5625,10.448530197143555
1998-09-23,44200,20.25,19.9375,20.3125,19.875,10.547723770141602
1998-09-22,32300,20.1875,20.0,20.5,20.0,10.580792427062988
1998-09-21,48000,19.875,20.125,20.1875,19.3125,10.646921157836914
1998-09-18,62400,19.5,20.375,20.375,19.375,10.779180526733398
1998-09-17,41400,19.0,19.0,19.0,18.5,10.051748275756836
1998-09-16,27700,19.375,19.125,19.4375,18.875,10.117879867553711
1998-09-15,36700,19.5625,19.5,19.75,19.0,10.31627368927002
1998-09-14,58400,20.0,19.6875,20.0,19.5,10.415467262268066
1998-09-11,71800,18.625,19.5,19.8125,18.625,10.31627368927002
1998-09-10,84600,18.875,18.875,19.375,18.625,9.98561954498291
1998-09-09,82100,19.25,19.125,19.375,18.5625,10.117879867553711
1998-09-08,101700,18.5,19.0,19.0625,18.5,10.051748275756836
1998-09-04,50300,18.375,18.25,18.5625,18.0625,9.654972076416016
1998-09-03,46000,18.75,18.375,18.75,18.25,9.721100807189941
1998-09-02,39600,19.0625,18.875,19.375,18.875,9.98561954498291
1998-09-01,118100,18.375,18.8125,18.9375,18.1875,9.952555656433105
1998-08-31,109100,18.0,18.1875,18.25,17.75,9.621907234191895
1998-08-28,74100,18.0,17.8125,18.375,17.375,9.423519134521484
1998-08-27,84800,18.375,18.125,18.375,17.625,9.588844299316406
1998-08-26,84200,19.0625,18.625,19.125,18.4375,9.853362083435059
1998-08-25,60300,19.625,19.3125,20.0,19.125,10.217076301574707
1998-08-24,95100,19.75,19.4375,19.8125,19.0,10.283206939697266
1998-08-21,147400,19.625,19.625,19.75,18.625,10.382401466369629
1998-08-20,91300,19.8125,19.75,20.0,19.5,10.448530197143555
1998-08-19,99200,21.25,20.0625,21.25,20.0,10.613861083984375
1998-08-18,71900,21.1875,21.375,21.625,21.125,11.308218002319336
1998-08-17,125300,20.75,21.4375,21.5,20.5625,11.232831001281738
1998-08-14,97000,20.625,20.875,21.125,20.5625,10.938094139099121
1998-08-13,133900,21.0625,20.5,21.5,20.375,10.741595268249512
1998-08-12,92500,20.3125,20.8125,21.0,20.3125,10.905344009399414
1998-08-11,160300,20.25,20.0625,20.375,19.4375,10.512360572814941
1998-08-10,271200,21.75,20.6875,21.75,20.5,10.83984661102295
1998-08-07,177900,22.375,22.0,22.4375,21.875,11.527572631835938
1998-08-06,1030700,22.5,22.375,22.8125,22.375,11.724064826965332
1998-08-05,91600,23.5625,23.25,23.9375,23.0,12.182547569274902
1998-08-04,88500,23.6875,23.8125,23.875,23.4375,12.477288246154785
1998-08-03,50000,23.375,23.5625,23.5625,23.375,12.346291542053223
1998-07-31,53800,24.0,23.25,24.0,23.25,12.182547569274902
1998-07-30,77200,23.5,24.0,24.0,23.5,12.575528144836426
1998-07-29,17500,23.0,23.375,23.375,23.0,12.248046875
1998-07-28,45300,23.0625,23.0,23.25,23.0,12.05154800415039
1998-07-27,44800,23.0,23.125,23.1875,22.75,12.117050170898438
1998-07-24,33600,22.6875,23.0,23.0625,22.6875,12.05154800415039
1998-07-23,16500,23.25,22.6875,23.25,22.6875,11.887805938720703
1998-07-22,42600,23.0625,23.25,23.25,23.0,12.182547569274902
1998-07-21,61300,22.8125,23.0625,23.3125,22.75,12.084301948547363
1998-07-20,42700,23.625,22.8125,23.625,22.8125,11.953301429748535
1998-07-17,49500,23.4375,23.625,23.625,23.25,12.37903881072998
1998-07-16,26100,23.0625,23.4375,23.4375,23.0,12.280790328979492
1998-07-15,32300,23.0625,23.0,23.125,22.8125,12.05154800415039
1998-07-14,60300,22.875,23.0,23.4375,22.875,12.05154800415039
1998-07-13,45300,23.0,23.0,23.25,22.9375,12.05154800415039
1998-07-10,79600,23.125,23.125,23.4375,23.125,12.117050170898438
1998-07-09,17500,23.5,23.6875,23.75,23.375,12.411788940429688
1998-07-08,58900,24.0,23.5,24.0,23.375,12.313536643981934
1998-07-07,34700,24.3125,23.9375,24.3125,23.75,12.542784690856934
1998-07-06,13800,24.375,24.3125,24.375,24.25,12.739274024963379
1998-07-02,23400,24.4375,24.5,24.5,24.375,12.837522506713867
1998-07-01,53700,24.5,24.375,24.5,24.0,12.772027969360352
1998-06-30,75500,25.0,24.4375,25.0,24.4375,12.804771423339844
1998-06-29,59000,24.1875,24.875,24.875,24.0,13.034018516540527
1998-06-26,37800,23.875,24.0625,24.0625,23.875,12.60827922821045
1998-06-25,65600,23.875,24.0,24.0,23.875,12.575528144836426
1998-06-24,19100,23.8125,23.875,24.0,23.8125,12.51003646850586
1998-06-23,34500,23.875,23.875,23.9375,23.75,12.51003646850586
1998-06-22,37500,23.625,23.875,23.875,23.5,12.51003646850586
1998-06-19,102800,23.4375,23.6875,23.6875,23.4375,12.411788940429688
1998-06-18,48200,23.4375,23.375,23.5,23.3125,12.248046875
1998-06-17,88800,22.9375,23.1875,23.875,22.9375,12.149801254272461
1998-06-16,50500,22.0,22.6875,22.6875,21.9375,11.887805938720703
1998-06-15,60400,22.0,22.0,22.0,21.75,11.527572631835938
1998-06-12,37700,22.0625,22.0,22.0625,21.75,11.527572631835938
1998-06-11,55000,22.75,22.125,22.875,22.0,11.593070030212402
1998-06-10,38900,22.875,22.875,23.0625,22.8125,11.986059188842773
1998-06-09,37700,23.0625,22.9375,23.125,22.8125,12.018797874450684
1998-06-08,46000,23.0,23.0625,23.1875,23.0,12.084301948547363
1998-06-05,42200,22.5,23.0625,23.125,22.5,12.084301948547363
1998-06-04,54800,22.125,22.6875,22.875,22.0625,11.887805938720703
1998-06-03,54900,22.125,22.125,22.125,21.875,11.593070030212402
1998-06-02,95500,22.1875,22.0,22.25,22.0,11.527572631835938
1998-06-01,70700,22.0,22.125,22.1875,21.9375,11.593070030212402
1998-05-29,61800,21.8125,21.875,21.875,21.625,11.46207332611084
1998-05-28,29000,21.75,21.9375,22.0625,21.75,11.494824409484863
1998-05-27,57500,22.0,21.8125,22.1875,21.625,11.429326057434082
1998-05-26,32400,22.0,22.25,22.4375,22.0,11.658565521240234
1998-05-22,39100,22.75,22.0,22.75,21.875,11.527572631835938
1998-05-21,33400,22.0,22.75,22.75,22.0,11.920555114746094
1998-05-20,27000,22.75,22.1875,22.75,22.125,11.625821113586426
1998-05-19,44900,22.25,22.625,23.0,22.25,11.855056762695312
1998-05-18,45400,22.4375,22.375,22.75,22.125,11.724064826965332
1998-05-15,41300,22.8125,22.4375,22.875,22.0625,11.756814002990723
1998-05-14,59800,22.125,22.9375,23.25,22.125,12.018797874450684
1998-05-13,77800,22.25,22.3125,22.375,22.1875,11.691316604614258
1998-05-12,97900,22.5,22.25,22.6875,22.25,11.551151275634766
1998-05-11,42000,22.0625,22.375,22.625,22.0625,11.616044998168945
1998-05-08,83700,22.375,22.125,22.375,21.9375,11.486260414123535
1998-05-07,69700,22.3125,22.3125,22.3125,22.25,11.583595275878906
1998-05-06,30800,21.875,22.25,22.3125,21.875,11.551151275634766
1998-05-05,42000,22.125,21.875,22.1875,21.8125,11.356466293334961
1998-05-04,68300,22.6875,22.1875,23.0,22.125,11.518704414367676
1998-05-01,256900,23.1875,22.5,23.375,22.5,11.680938720703125
1998-04-30,98300,22.625,23.0625,23.375,22.625,11.972960472106934
1998-04-29,45600,22.5,22.1875,22.5625,21.875,11.518704414367676
1998-04-28,70000,22.75,22.625,22.9375,22.25,11.745833396911621
1998-04-27,127700,23.5,22.625,23.625,22.625,11.745833396911621
1998-04-24,186700,23.875,23.25,24.25,23.1875,12.070302963256836
1998-04-23,254800,23.8125,23.9375,24.25,23.625,12.427221298217773
1998-04-22,138400,23.1875,23.5625,23.5625,23.1875,12.232537269592285
1998-04-21,160400,22.8125,23.375,23.4375,22.6875,12.135198593139648
1998-04-20,147200,22.75,22.9375,22.9375,22.375,11.908063888549805
1998-04-17,105100,22.0,22.625,22.625,21.75,11.745833396911621
1998-04-16,120600,21.9375,21.875,22.25,21.6875,11.356466293334961
1998-04-15,31500,21.25,21.4375,21.4375,21.125,11.129335403442383
1998-04-14,42900,21.75,21.5,21.875,21.4375,11.161787033081055
1998-04-13,51600,21.5,21.625,21.75,21.25,11.226685523986816
1998-04-09,65400,20.6875,21.5,21.5,20.5,11.161787033081055
1998-04-08,39100,20.9375,20.4375,20.9375,20.375,10.610180854797363
1998-04-07,46900,21.75,21.0,21.75,20.9375,10.90221118927002
1998-04-06,66900,21.625,21.3125,21.8125,21.125,11.064444541931152
1998-04-03,69100,21.375,21.5,21.625,21.125,11.161787033081055
1998-04-02,50700,21.0625,21.1875,21.3125,20.9375,10.999549865722656
1998-04-01,49000,21.125,21.0,21.25,20.9375,10.90221118927002
1998-03-31,32800,20.625,20.875,20.9375,20.375,10.837312698364258
1998-03-30,23100,20.875,20.5,20.875,20.3125,10.642631530761719
1998-03-27,56300,20.8125,20.625,20.9375,20.4375,10.707526206970215
1998-03-26,38500,21.0,20.9375,21.0,20.6875,10.869759559631348
1998-03-25,30100,21.0,20.875,21.375,20.8125,10.837312698364258
1998-03-24,38400,21.25,20.875,21.5,20.8125,10.837312698364258
1998-03-23,49800,20.75,21.1875,21.5,20.75,10.999549865722656
1998-03-20,62400,20.875,20.75,21.125,20.625,10.772421836853027
1998-03-19,40100,20.5,20.6875,20.875,20.5,10.739974021911621
1998-03-18,46100,20.5625,20.4375,20.875,20.1875,10.610180854797363
1998-03-17,44600,20.0,20.5,20.625,19.875,10.642631530761719
1998-03-16,57300,20.0625,20.25,20.375,19.875,10.512845993041992
1998-03-13,67700,21.0,20.1875,21.0,20.125,10.480398178100586
1998-03-12,65100,20.125,21.0625,21.0625,20.0625,10.934654235839844
1998-03-11,54200,20.125,20.0625,20.375,20.0,10.415507316589355
1998-03-10,23100,20.25,20.125,20.3125,20.0625,10.447953224182129
1998-03-09,36000,20.0625,20.375,20.625,20.0625,10.577736854553223
1998-03-06,36900,20.1875,20.25,20.6875,20.1875,10.512845993041992
1998-03-05,71400,20.1875,20.1875,20.875,19.875,10.480398178100586
1998-03-04,53500,19.9375,20.3125,20.5,19.75,10.545294761657715
1998-03-03,48700,20.375,20.0625,20.375,19.9375,10.415507316589355
1998-03-02,60900,20.125,20.125,20.25,19.875,10.447953224182129
1998-02-27,32600,20.125,20.25,20.375,19.875,10.512845993041992
1998-02-26,66100,20.1875,20.375,20.4375,19.75,10.577736854553223
1998-02-25,30900,20.0625,20.4375,20.5625,20.0,10.610180854797363
1998-02-24,52200,20.0,20.0625,20.0625,19.625,10.415507316589355
1998-02-23,73500,19.875,20.0,20.0,19.75,10.383056640625
1998-02-20,55700,20.0625,20.0,20.1875,19.875,10.383056640625
1998-02-19,39000,20.0625,20.25,20.375,19.9375,10.512845993041992
1998-02-18,123500,19.9375,20.3125,20.5,19.875,10.545294761657715
1998-02-17,129800,20.75,20.4375,21.125,20.375,10.610180854797363
1998-02-13,135800,20.625,20.5625,20.625,20.375,10.675080299377441
1998-02-12,282700,20.125,20.625,20.625,20.0625,10.707526206970215
1998-02-11,667800,19.5,20.25,20.5,19.5,10.406421661376953
1998-02-10,62200,18.6875,18.8125,19.0,18.625,9.667689323425293
1998-02-09,23400,18.625,18.6875,18.6875,18.5,9.6034517288208
1998-02-06,38700,18.5,18.625,18.625,18.3125,9.571331024169922
1998-02-05,44700,18.5625,18.375,18.5625,18.3125,9.442861557006836
1998-02-04,49400,18.1875,18.5,18.5625,18.1875,9.507097244262695
1998-02-03,34200,18.0,18.3125,18.375,17.9375,9.41073989868164
1998-02-02,30100,18.0,17.9375,18.0,17.8125,9.218032836914062
1998-01-30,78300,18.375,17.8125,18.375,17.8125,9.153792381286621
1998-01-29,58000,18.0,18.0,18.25,17.9375,9.250146865844727
1998-01-28,44200,18.0,18.0,18.25,18.0,9.250146865844727
1998-01-27,58500,17.6875,18.0,18.0625,17.6875,9.250146865844727
1998-01-26,31500,17.5625,17.625,17.75,17.5,9.057438850402832
1998-01-23,38100,17.75,17.6875,17.75,17.5625,9.089555740356445
1998-01-22,37500,17.9375,17.875,18.125,17.875,9.1859130859375
1998-01-21,63500,18.0,17.9375,18.25,17.75,9.218032836914062
1998-01-20,54800,18.3125,18.0,18.4375,18.0,9.250146865844727
1998-01-16,68500,18.125,18.1875,18.1875,18.0,9.346505165100098
1998-01-15,49800,18.0625,18.0,18.25,18.0,9.250146865844727
1998-01-14,45500,18.3125,18.0625,18.3125,17.9375,9.282265663146973
1998-01-13,89700,17.9375,18.1875,18.4375,17.9375,9.346505165100098
1998-01-12,26500,17.5,17.9375,18.0625,17.3125,9.218032836914062
1998-01-09,67900,18.125,17.625,18.1875,17.5625,9.057438850402832
1998-01-08,16900,18.0625,18.125,18.1875,18.0,9.314385414123535
1998-01-07,33800,18.375,18.125,18.375,18.0,9.314385414123535
1998-01-06,23000,18.75,18.25,18.75,18.25,9.378625869750977
1998-01-05,50500,18.8125,18.6875,18.8125,18.375,9.6034517288208
1998-01-02,47100,18.75,18.8125,18.8125,18.625,9.667689323425293
1997-12-31,16600,18.8125,18.6875,18.8125,18.625,9.6034517288208
1997-12-30,35100,18.625,18.5625,18.8125,18.5625,9.539216995239258
1997-12-29,22700,18.25,18.5,18.5,18.25,9.507097244262695
1997-12-26,13400,18.4375,18.3125,18.4375,18.25,9.41073989868164
1997-12-24,9900,18.5,18.4375,18.5,18.375,9.474977493286133
1997-12-23,78400,18.25,18.5,18.625,18.25,9.507097244262695
1997-12-22,68400,17.625,18.0625,18.1875,17.5625,9.282265663146973
1997-12-19,94100,17.375,17.625,17.6875,17.125,9.057438850402832
1997-12-18,44400,17.875,17.5,17.9375,17.4375,8.993204116821289
1997-12-17,99400,18.125,17.9375,18.125,17.875,9.218032836914062
1997-12-16,56900,18.125,18.0,18.25,17.9375,9.250146865844727
1997-12-15,23000,18.375,18.125,18.375,18.0625,9.314385414123535
1997-12-12,42300,17.8125,18.25,18.375,17.8125,9.378625869750977
1997-12-11,66000,18.125,17.8125,18.125,17.75,9.153792381286621
1997-12-10,41400,18.0625,18.125,18.1875,18.0625,9.314385414123535
1997-12-09,48500,18.1875,18.1875,18.25,18.125,9.346505165100098
1997-12-08,19900,18.1875,18.1875,18.1875,18.125,9.346505165100098
1997-12-05,43200,18.1875,18.125,18.5625,18.125,9.314385414123535
1997-12-04,42100,18.375,18.25,18.5,18.25,9.378625869750977
1997-12-03,56900,18.125,18.25,18.25,18.125,9.378625869750977
1997-12-02,29400,18.625,18.125,18.6875,18.0625,9.314385414123535
1997-12-01,21300,18.375,18.625,18.625,18.375,9.571331024169922
1997-11-28,17700,18.5,18.625,18.6875,18.5,9.571331024169922
1997-11-26,19800,18.25,18.5,18.625,18.25,9.507097244262695
1997-11-25,43900,18.125,18.125,18.1875,18.0,9.314385414123535
1997-11-24,30000,18.3125,18.1875,18.375,18.0625,9.346505165100098
1997-11-21,23800,18.375,18.3125,18.375,18.125,9.41073989868164
1997-11-20,591800,18.125,18.125,18.25,17.8125,9.314385414123535
1997-11-19,32800,18.3125,18.0625,18.3125,18.0,9.282265663146973
1997-11-18,39600,18.0625,18.0625,18.1875,18.0625,9.282265663146973
1997-11-17,30000,18.3125,18.1875,18.5,18.1875,9.346505165100098
1997-11-14,55700,18.3125,18.3125,18.375,18.0,9.41073989868164
1997-11-13,135000,17.8125,18.375,18.375,17.75,9.442861557006836
1997-11-12,188900,18.0625,18.125,18.4375,18.0,9.20903491973877
1997-11-11,16200,18.5,18.1875,18.5,18.125,9.240792274475098
1997-11-10,30900,18.25,18.375,18.625,18.25,9.336058616638184
1997-11-07,59800,18.1875,18.25,18.375,17.875,9.272549629211426
1997-11-06,22800,18.75,18.3125,18.75,18.1875,9.304302215576172
1997-11-05,25400,18.875,18.625,18.875,18.5625,9.463077545166016
1997-11-04,36700,18.875,18.6875,18.875,18.5625,9.494834899902344
1997-11-03,32200,18.875,18.875,19.0,18.8125,9.590099334716797
1997-10-31,34100,18.875,18.8125,18.9375,18.625,9.55834674835205
1997-10-30,38900,19.0625,18.75,19.0625,18.75,9.526591300964355
1997-10-29,41400,19.125,19.0625,19.5,19.0,9.685373306274414
1997-10-28,42100,18.625,19.0625,19.0625,18.5625,9.685373306274414
1997-10-27,49400,19.5,18.75,19.5,18.75,9.526591300964355
1997-10-24,32000,19.375,19.5625,19.625,19.3125,9.939411163330078
1997-10-23,22600,19.5625,19.125,19.5625,19.125,9.717124938964844
1997-10-22,34700,19.625,19.6875,19.75,19.625,10.002918243408203
1997-10-21,27300,19.4375,19.625,19.75,19.4375,9.971163749694824
1997-10-20,21200,19.0625,19.5,19.5,19.0625,9.907652854919434
1997-10-17,40800,19.125,19.0625,19.25,18.75,9.685373306274414
1997-10-16,18000,19.375,19.25,19.375,19.125,9.780633926391602
1997-10-15,23300,19.5,19.4375,19.625,19.25,9.875897407531738
1997-10-14,14600,19.375,19.5625,19.5625,19.25,9.939411163330078
1997-10-13,37300,19.375,19.4375,19.6875,19.25,9.875897407531738
1997-10-10,30200,19.375,19.625,19.625,19.3125,9.971163749694824
1997-10-09,14900,19.5625,19.5,19.5625,19.375,9.907652854919434
1997-10-08,28400,19.875,19.6875,19.875,19.625,10.002918243408203
1997-10-07,29100,19.625,19.75,19.8125,19.625,10.034673690795898
1997-10-06,16500,19.75,19.6875,19.875,19.5625,10.002918243408203
1997-10-03,23800,19.875,19.875,19.9375,19.75,10.098185539245605
1997-10-02,34900,19.5625,19.8125,19.8125,19.5625,10.06643009185791
1997-10-01,14100,19.5625,19.625,19.625,19.375,9.971163749694824
1997-09-30,50100,19.625,19.625,19.875,19.5,9.971163749694824
1997-09-29,16900,19.25,19.75,19.75,19.25,10.034673690795898
1997-09-26,34500,19.375,19.125,19.4375,19.125,9.717124938964844
1997-09-25,18600,19.625,19.4375,19.625,19.3125,9.875897407531738
1997-09-24,37300,19.125,19.75,19.8125,19.125,10.034673690795898
1997-09-23,29400,19.25,19.1875,19.25,18.9375,9.748881340026855
1997-09-22,35300,19.0,19.25,19.25,19.0,9.780633926391602
1997-09-19,42700,19.0,18.9375,19.1875,18.6875,9.62186050415039
1997-09-18,19200,19.125,19.125,19.3125,19.0625,9.717124938964844
1997-09-17,38500,19.625,19.1875,19.625,19.1875,9.748881340026855
1997-09-16,34000,19.4375,19.6875,19.6875,19.3125,10.002918243408203
1997-09-15,16700,19.5625,19.4375,19.5625,19.4375,9.875897407531738
1997-09-12,33400,19.375,19.625,19.625,19.1875,9.971163749694824
1997-09-11,24300,19.25,19.25,19.375,19.0625,9.780633926391602
1997-09-10,29100,19.375,19.3125,19.5,19.25,9.812390327453613
1997-09-09,36000,19.0,19.5625,19.5625,19.0,9.939411163330078
1997-09-08,24900,19.0625,19.375,19.4375,19.0625,9.844144821166992
1997-09-05,53000,19.5,19.0625,19.5,19.0625,9.685373306274414
1997-09-04,23500,19.5,19.4375,19.6875,19.25,9.875897407531738
1997-09-03,44400,19.875,19.5625,19.875,19.375,9.939411163330078
1997-09-02,61000,19.75,19.8125,19.8125,19.625,10.06643009185791
1997-08-29,71200,19.875,19.8125,19.9375,19.625,10.06643009185791
1997-08-28,346000,18.8125,19.875,20.125,18.75,10.098185539245605
1997-08-27,18500,18.625,18.875,18.875,18.625,9.590099334716797
1997-08-26,64400,18.75,18.75,18.9375,18.75,9.526591300964355
1997-08-25,11800,18.6875,18.75,18.75,18.625,9.526591300964355
1997-08-22,21000,18.625,18.6875,18.6875,18.5,9.494834899902344
1997-08-21,21100,18.8125,18.6875,18.8125,18.5625,9.494834899902344
1997-08-20,29200,18.625,18.8125,18.875,18.625,9.55834674835205
1997-08-19,19300,18.5625,18.75,18.75,18.5,9.526591300964355
1997-08-18,72000,18.625,18.5625,18.6875,18.5,9.43132209777832
1997-08-15,15900,18.8125,18.625,18.875,18.625,9.463077545166016
1997-08-14,16900,18.75,18.875,18.9375,18.6875,9.590099334716797
1997-08-13,211900,18.75,18.625,18.8125,18.5625,9.463077545166016
1997-08-12,136900,18.75,18.875,18.9375,18.75,9.485943794250488
1997-08-11,15100,18.625,18.6875,18.8125,18.625,9.391711235046387
1997-08-08,48200,18.9375,18.6875,19.0,18.5,9.391711235046387
1997-08-07,81500,18.625,19.0,19.0,18.5,9.5487642288208
1997-08-06,27300,18.5,18.625,18.625,18.4375,9.360300064086914
1997-08-05,29300,18.3125,18.4375,18.5,18.25,9.266068458557129
1997-08-04,32700,18.125,18.3125,18.3125,18.0625,9.20324993133545
1997-08-01,28000,18.5,18.1875,18.5,18.0,9.140429496765137
1997-07-31,25800,18.625,18.5625,18.625,18.375,9.328892707824707
1997-07-30,22900,18.3125,18.5625,18.625,18.3125,9.328892707824707
1997-07-29,30100,18.3125,18.375,18.375,18.1875,9.234661102294922
1997-07-28,44000,18.4375,18.3125,18.5,18.3125,9.20324993133545
1997-07-25,30000,18.1875,18.4375,18.4375,18.125,9.266068458557129
1997-07-24,71200,18.3125,18.1875,18.3125,17.75,9.140429496765137
1997-07-23,36300,18.5625,18.1875,18.625,18.0,9.140429496765137
1997-07-22,27900,18.625,18.5625,18.875,18.5625,9.328892707824707
1997-07-21,29100,18.625,18.75,18.75,18.5,9.42311954498291
1997-07-18,52100,18.75,18.75,18.8125,18.5625,9.42311954498291
1997-07-17,461900,19.125,18.875,19.1875,18.5,9.485943794250488
1997-07-16,25200,19.0625,19.1875,19.25,19.0625,9.642995834350586
1997-07-15,72400,19.3125,19.125,19.3125,19.0625,9.611587524414062
1997-07-14,20200,19.25,19.125,19.375,19.125,9.611587524414062
1997-07-11,19500,19.375,19.3125,19.4375,19.125,9.705815315246582
1997-07-10,25400,19.125,19.5,19.5,19.125,9.80004596710205
1997-07-09,52500,19.25,19.1875,19.25,18.875,9.642995834350586
1997-07-08,95100,19.25,19.25,19.5,19.25,9.674405097961426
1997-07-07,20600,19.625,19.375,19.625,19.375,9.737228393554688
1997-07-03,25300,19.4375,19.75,19.75,19.4375,9.92569351196289
1997-07-02,19500,19.6875,19.6875,19.75,19.5625,9.894281387329102
1997-07-01,35500,19.625,19.6875,19.6875,19.5,9.894281387329102
1997-06-30,82500,19.25,19.875,19.875,19.125,9.988508224487305
1997-06-27,55900,19.25,19.375,19.375,18.9375,9.737228393554688
1997-06-26,30200,19.25,19.125,19.25,19.125,9.611587524414062
1997-06-25,42200,19.25,19.25,19.25,19.0625,9.674405097961426
1997-06-24,67600,19.0,19.125,19.3125,19.0,9.611587524414062
1997-06-23,21700,18.75,19.0,19.0,18.75,9.5487642288208
1997-06-20,107800,19.125,18.75,19.125,18.75,9.42311954498291
1997-06-19,26700,19.0,19.5,19.5,19.0,9.80004596710205
1997-06-18,42800,19.0,19.125,19.125,18.875,9.611587524414062
1997-06-17,32900,19.0,19.125,19.25,19.0,9.611587524414062
1997-06-16,41700,19.0,19.0,19.125,19.0,9.5487642288208
1997-06-13,42800,18.875,19.125,19.125,18.875,9.611587524414062
1997-06-12,36600,18.75,19.0,19.125,18.75,9.5487642288208
1997-06-11,98300,18.25,18.75,18.75,18.125,9.42311954498291
1997-06-10,35200,18.25,18.25,18.25,18.125,9.171838760375977
1997-06-09,77400,18.5,18.375,18.5,18.125,9.234661102294922
1997-06-06,51100,18.25,18.5,18.75,18.125,9.297479629516602
1997-06-05,94300,18.0,18.375,18.375,17.875,9.234661102294922
1997-06-04,48100,17.875,17.875,18.125,17.75,8.983380317687988
1997-06-03,53600,17.75,17.75,17.875,17.625,8.92055892944336
1997-06-02,68600,17.125,17.5,17.625,17.125,8.794918060302734
1997-05-30,25500,17.125,17.125,17.125,17.0,8.606451034545898
1997-05-29,30500,17.25,17.25,17.25,17.0,8.66927719116211
1997-05-28,46300,17.625,17.125,17.625,17.125,8.606451034545898
1997-05-27,52700,17.25,17.375,17.375,17.125,8.732091903686523
1997-05-23,34100,17.0,17.25,17.25,17.0,8.66927719116211
1997-05-22,249400,16.875,17.125,17.125,16.875,8.606451034545898
1997-05-21,52600,16.875,16.875,17.0,16.75,8.48081111907959
1997-05-20,33200,16.75,16.875,16.875,16.75,8.48081111907959
1997-05-19,19400,16.75,16.875,16.875,16.75,8.48081111907959
1997-05-16,23600,17.0,16.75,17.0,16.75,8.417993545532227
1997-05-15,22900,16.875,17.0,17.0,16.75,8.543634414672852
1997-05-14,32000,16.75,16.75,16.875,16.625,8.417993545532227
1997-05-13,31100,16.75,16.625,16.75,16.5,8.355171203613281
1997-05-12,819200,17.0,16.875,17.0,16.625,8.377781867980957
1997-05-09,22300,16.875,17.0,17.0,16.875,8.439846992492676
1997-05-08,31400,16.75,17.0,17.0,16.75,8.439846992492676
1997-05-07,15600,16.875,16.875,17.0,16.875,8.377781867980957
1997-05-06,46600,16.875,17.0,17.125,16.875,8.439846992492676
1997-05-05,60900,17.0,16.875,17.0,16.875,8.377781867980957
1997-05-02,30500,17.0,17.0,17.0,16.875,8.439846992492676
1997-05-01,44800,16.625,17.0,17.0,16.625,8.439846992492676
1997-04-30,34200,16.875,16.625,16.875,16.625,8.253670692443848
1997-04-29,32400,16.375,16.875,16.875,16.25,8.377781867980957
1997-04-28,21900,16.375,16.25,16.375,16.125,8.067493438720703
1997-04-25,27500,16.625,16.25,16.75,16.25,8.067493438720703
1997-04-24,20700,16.5,16.75,16.875,16.5,8.315731048583984
1997-04-23,29300,16.75,16.5,16.875,16.5,8.191609382629395
1997-04-22,29600,16.75,16.625,16.75,16.375,8.253670692443848
1997-04-21,17900,16.875,16.875,17.0,16.75,8.377781867980957
1997-04-18,16700,16.875,16.875,16.875,16.75,8.377781867980957
1997-04-17,26000,17.0,16.875,17.0,16.625,8.377781867980957
1997-04-16,10700,16.75,17.125,17.125,16.75,8.501899719238281
1997-04-15,21500,17.0,16.875,17.125,16.75,8.377781867980957
1997-04-14,29100,17.25,16.875,17.25,16.625,8.377781867980957
1997-04-11,20300,17.375,17.125,17.5,17.125,8.501899719238281
1997-04-10,29300,17.5,17.375,17.625,17.375,8.62601375579834
1997-04-09,15700,17.625,17.625,17.625,17.5,8.750131607055664
1997-04-08,11700,17.625,17.625,17.75,17.625,8.750131607055664
1997-04-07,10600,17.5,17.75,17.75,17.5,8.812192916870117
1997-04-04,39100,17.25,17.375,17.5,17.0,8.62601375579834
1997-04-03,16200,17.25,17.375,17.5,17.25,8.62601375579834
1997-04-02,8500,17.5,17.25,17.5,17.25,8.563959121704102
1997-04-01,34600,17.5,17.5,17.625,17.375,8.68807315826416
1997-03-31,47500,17.875,17.375,17.875,17.25,8.62601375579834
1997-03-27,43500,18.375,17.875,18.375,17.875,8.874247550964355
1997-03-26,23000,18.75,18.375,18.75,18.375,9.12247371673584
1997-03-25,38800,18.5,18.75,18.875,18.5,9.308650016784668
1997-03-24,18700,18.75,18.5,18.75,18.5,9.18453311920166
1997-03-21,29000,18.5,18.625,18.75,18.375,9.246591567993164
1997-03-20,18400,18.75,18.5,18.75,18.5,9.18453311920166
1997-03-19,23100,18.5,18.625,18.75,18.375,9.246591567993164
1997-03-18,19500,18.5,18.625,18.75,18.375,9.246591567993164
1997-03-17,73000,18.75,18.5,18.75,18.0,9.18453311920166
1997-03-14,14200,18.875,18.75,18.875,18.625,9.308650016784668
1997-03-13,45100,18.75,18.75,19.125,18.75,9.308650016784668
1997-03-12,18300,18.75,18.875,18.875,18.75,9.370704650878906
1997-03-11,23400,18.75,18.875,18.875,18.75,9.370704650878906
1997-03-10,42400,18.75,18.875,18.875,18.75,9.370704650878906
1997-03-07,30800,18.75,18.75,18.875,18.625,9.308650016784668
1997-03-06,21000,18.625,18.625,18.75,18.375,9.246591567993164
1997-03-05,38700,18.75,18.625,18.75,18.375,9.246591567993164
1997-03-04,27800,18.625,18.75,18.75,18.625,9.308650016784668
1997-03-03,55000,18.625,18.5,18.75,18.5,9.18453311920166
1997-02-28,14300,18.625,18.5,18.625,18.5,9.18453311920166
1997-02-27,24600,18.625,18.625,18.625,18.5,9.246591567993164
1997-02-26,33000,19.0,18.5,19.0,18.5,9.18453311920166
1997-02-25,19300,19.125,18.875,19.125,18.875,9.370704650878906
1997-02-24,43100,19.375,19.0,19.375,18.875,9.43276309967041
1997-02-21,39800,19.125,19.0,19.125,18.875,9.43276309967041
1997-02-20,47100,19.5,19.125,19.5,19.125,9.494827270507812
1997-02-19,98200,19.125,19.5,19.5,19.0,9.680991172790527
1997-02-18,76300,19.0,19.0,19.125,18.75,9.43276309967041
1997-02-14,26500,19.125,19.0,19.125,18.875,9.43276309967041
1997-02-13,94400,18.625,19.0,19.25,18.5,9.43276309967041
1997-02-12,90400,19.5,18.5,19.5,18.375,9.18453311920166
1997-02-11,640900,19.375,19.625,19.875,19.375,9.641279220581055
1997-02-10,45800,19.5,19.375,19.625,19.25,9.518462181091309
1997-02-07,41700,19.875,19.625,19.875,19.5,9.641279220581055
1997-02-06,51500,20.125,19.875,20.125,19.875,9.764095306396484
1997-02-05,44200,20.0,20.125,20.125,19.875,9.88691520690918
1997-02-04,134100,20.0,20.125,20.25,19.875,9.88691520690918
1997-02-03,34200,19.625,20.0,20.0,19.625,9.825504302978516
1997-01-31,28900,19.25,19.75,19.75,19.25,9.702693939208984
1997-01-30,77300,19.375,19.25,19.375,19.125,9.457049369812012
1997-01-29,58600,19.5,19.25,19.5,19.25,9.457049369812012
1997-01-28,35900,19.875,19.5,19.875,19.5,9.579865455627441
1997-01-27,22200,19.375,19.625,19.625,19.25,9.641279220581055
1997-01-24,77000,19.875,19.375,19.875,19.0,9.518462181091309
1997-01-23,52700,19.75,19.75,19.875,19.625,9.702693939208984
1997-01-22,42100,19.75,19.875,19.875,19.75,9.764095306396484
1997-01-21,74000,19.875,19.75,19.875,19.75,9.702693939208984
1997-01-20,83100,19.75,19.875,19.875,19.5,9.764095306396484
1997-01-17,62700,19.125,19.5,19.5,19.125,9.579865455627441
1997-01-16,129500,19.0,19.25,19.375,19.0,9.457049369812012
1997-01-15,32100,19.0,19.125,19.125,19.0,9.39564323425293
1997-01-14,24800,19.125,19.0,19.25,19.0,9.334229469299316
1997-01-13,61200,18.875,19.125,19.125,18.75,9.39564323425293
1997-01-10,54400,18.875,19.0,19.125,18.75,9.334229469299316
1997-01-09,31700,19.125,19.0,19.25,19.0,9.334229469299316
1997-01-08,36100,19.25,19.25,19.375,19.125,9.457049369812012
1997-01-07,45600,19.125,19.125,19.375,19.0,9.39564323425293
1997-01-06,33600,19.25,19.25,19.5,19.125,9.457049369812012
1997-01-03,19300,19.125,19.25,19.25,19.125,9.457049369812012
1997-01-02,60800,19.125,19.0,19.25,19.0,9.334229469299316
1996-12-31,25000,19.125,19.25,19.25,19.125,9.457049369812012
1996-12-30,41600,19.25,19.125,19.375,19.125,9.39564323425293
1996-12-27,12700,19.375,19.25,19.375,19.125,9.457049369812012
1996-12-26,14200,19.125,19.25,19.375,19.125,9.457049369812012
1996-12-24,39200,19.125,19.25,19.25,19.125,9.457049369812012
1996-12-23,51900,18.75,19.0,19.125,18.75,9.334229469299316
1996-12-20,41000,18.875,18.875,18.875,18.75,9.272819519042969
1996-12-19,19100,19.0,18.875,19.125,18.875,9.272819519042969
1996-12-18,27600,19.0,19.125,19.125,18.875,9.39564323425293
1996-12-17,39400,18.625,18.875,18.875,18.625,9.272819519042969
1996-12-16,35300,19.375,18.75,19.375,18.75,9.21141242980957
1996-12-13,68600,19.125,19.25,19.375,19.0,9.457049369812012
1996-12-12,62200,19.375,19.125,19.375,19.0,9.39564323425293
1996-12-11,50600,19.5,19.375,19.5,19.125,9.518462181091309
1996-12-10,62100,19.25,19.5,19.5,19.125,9.579865455627441
1996-12-09,59300,19.0,19.125,19.125,18.875,9.39564323425293
1996-12-06,50600,19.25,18.875,19.25,18.875,9.272819519042969
1996-12-05,41800,19.5,19.375,19.875,19.375,9.518462181091309
1996-12-04,61800,19.625,19.5,19.625,19.5,9.579865455627441
1996-12-03,32800,19.75,19.75,19.875,19.5,9.702693939208984
1996-12-02,22100,19.625,19.625,19.625,19.5,9.641279220581055
1996-11-29,7300,19.625,19.5,19.625,19.5,9.579865455627441
1996-11-27,59300,19.375,19.625,19.875,19.375,9.641279220581055
1996-11-26,46000,19.25,19.25,19.625,19.25,9.457049369812012
1996-11-25,59100,19.0,19.375,19.375,18.875,9.518462181091309
1996-11-22,49300,18.75,18.875,18.875,18.625,9.272819519042969
1996-11-21,39800,18.75,18.75,18.875,18.625,9.21141242980957
1996-11-20,66400,18.75,18.625,18.875,18.375,9.150003433227539
1996-11-19,12600,18.75,18.75,19.0,18.75,9.21141242980957
1996-11-18,15500,18.875,18.875,19.0,18.75,9.272819519042969
1996-11-15,21000,18.875,18.875,19.0,18.875,9.272819519042969
1996-11-14,38000,19.0,19.0,19.125,18.875,9.334229469299316
1996-11-13,81600,19.0,19.0,19.125,19.0,9.334229469299316
1996-11-12,402900,19.25,19.125,19.25,18.875,9.297388076782227
1996-11-11,29700,19.25,19.125,19.25,19.125,9.297388076782227
1996-11-08,37800,19.25,19.125,19.25,19.0,9.297388076782227
1996-11-07,63700,19.0,19.25,19.375,18.875,9.358152389526367
1996-11-06,78200,19.25,19.125,19.375,19.0,9.297388076782227
1996-11-05,34000,19.125,19.0,19.25,19.0,9.236617088317871
1996-11-04,59500,19.0,19.125,19.125,19.0,9.297388076782227
1996-11-01,41800,19.0,19.0,19.125,19.0,9.236617088317871
1996-10-31,115700,18.375,19.125,19.125,18.375,9.297388076782227
1996-10-30,26100,18.25,18.5,18.5,18.25,8.993548393249512
1996-10-29,32100,18.125,18.375,18.375,18.125,8.932780265808105
1996-10-28,39500,18.25,18.25,18.375,18.25,8.872015953063965
1996-10-25,71200,18.125,18.375,18.375,18.125,8.932780265808105
1996-10-24,35700,18.25,18.375,18.375,18.25,8.932780265808105
1996-10-23,44000,18.375,18.375,18.5,18.25,8.932780265808105
1996-10-22,58200,18.5,18.375,18.625,18.375,8.932780265808105
1996-10-21,42700,18.5,18.5,18.625,18.5,8.993548393249512
1996-10-18,32500,18.5,18.625,18.625,18.5,9.05431842803955
1996-10-17,34000,18.625,18.625,18.625,18.5,9.05431842803955
1996-10-16,74800,18.5,18.625,18.625,18.5,9.05431842803955
1996-10-15,174700,18.375,18.5,18.5,18.25,8.993548393249512
1996-10-14,93700,18.125,18.25,18.375,18.0,8.872015953063965
1996-10-11,33100,18.125,18.125,18.25,18.125,8.811247825622559
1996-10-10,43600,18.25,18.125,18.25,18.125,8.811247825622559
1996-10-09,87200,18.125,18.25,18.25,18.0,8.872015953063965
1996-10-08,59800,17.875,18.25,18.25,17.875,8.872015953063965
1996-10-07,48900,17.875,17.875,18.0,17.75,8.689715385437012
1996-10-04,49700,17.875,17.875,17.875,17.625,8.689715385437012
1996-10-03,22400,17.625,17.625,17.875,17.625,8.568181037902832
1996-10-02,14600,17.625,17.5,17.625,17.375,8.507411003112793
1996-10-01,11300,17.625,17.625,17.625,17.5,8.568181037902832
1996-09-30,12100,17.75,17.5,17.75,17.5,8.507411003112793
1996-09-27,24000,17.75,17.625,17.75,17.625,8.568181037902832
1996-09-26,42600,17.875,17.75,17.875,17.625,8.628949165344238
1996-09-25,48300,17.75,17.75,17.875,17.75,8.628949165344238
1996-09-24,58000,17.625,17.75,17.875,17.5,8.628949165344238
1996-09-23,16000,17.75,17.625,17.75,17.5,8.568181037902832
1996-09-20,32300,17.625,17.75,17.75,17.625,8.628949165344238
1996-09-19,32100,17.75,17.625,17.875,17.625,8.568181037902832
1996-09-18,23100,17.75,17.75,17.875,17.625,8.628949165344238
1996-09-17,38500,17.875,17.625,17.875,17.625,8.568181037902832
1996-09-16,35000,17.75,17.75,17.875,17.625,8.628949165344238
1996-09-13,94100,17.625,17.875,18.0,17.625,8.689715385437012
1996-09-12,19500,17.75,17.75,17.875,17.625,8.628949165344238
1996-09-11,18400,17.875,17.625,18.0,17.625,8.568181037902832
1996-09-10,34500,17.875,18.0,18.0,17.75,8.750481605529785
1996-09-09,37800,17.75,17.75,17.875,17.625,8.628949165344238
1996-09-06,19400,18.0,17.875,18.0,17.75,8.689715385437012
1996-09-05,56000,18.0,17.875,18.125,17.625,8.689715385437012
1996-09-04,46200,17.75,18.125,18.125,17.625,8.811247825622559
1996-09-03,27800,17.75,17.75,17.75,17.5,8.628949165344238
1996-08-30,40200,17.75,17.875,17.875,17.625,8.689715385437012
1996-08-29,75800,18.0,17.875,18.0,17.75,8.689715385437012
1996-08-28,58500,18.375,18.0,18.375,18.0,8.750481605529785
1996-08-27,99100,18.0,18.125,18.375,17.75,8.811247825622559
1996-08-26,54700,17.75,17.875,17.875,17.625,8.689715385437012
1996-08-23,109200,17.75,17.875,17.875,17.75,8.689715385437012
1996-08-22,299500,18.0,17.75,18.0,17.625,8.628949165344238
1996-08-21,391500,17.5,18.0,18.0,17.5,8.750481605529785
1996-08-20,292100,17.5,17.5,17.625,17.125,8.507411003112793
1996-08-19,161000,17.125,17.5,17.5,17.125,8.507411003112793
1996-08-16,195000,16.875,17.25,17.375,16.75,8.38587760925293
1996-08-15,185900,16.875,16.75,17.0,16.625,8.142810821533203
1996-08-14,98500,16.625,16.625,16.625,16.5,8.082042694091797
1996-08-13,115600,16.375,16.625,16.75,16.25,8.082042694091797
1996-08-12,292500,15.875,16.625,16.625,15.875,7.982381820678711
1996-08-09,12300,15.875,16.0,16.0,15.875,7.6822919845581055
1996-08-08,44900,16.0,15.875,16.0,15.875,7.6222758293151855
1996-08-07,117800,16.125,16.125,16.25,15.875,7.742311954498291
1996-08-06,47400,16.0,16.0,16.125,15.875,7.6822919845581055
1996-08-05,25400,16.25,16.125,16.25,16.0,7.742311954498291
1996-08-02,28600,16.125,16.125,16.375,16.125,7.742311954498291
1996-08-01,47300,16.25,16.125,16.25,16.0,7.742311954498291
1996-07-31,20300,16.25,16.25,16.25,16.0,7.802328109741211
1996-07-30,18100,16.375,16.125,16.375,16.125,7.742311954498291
1996-07-29,24800,16.25,16.25,16.5,16.25,7.802328109741211
1996-07-26,16300,16.125,16.25,16.25,16.125,7.802328109741211
1996-07-25,39000,15.75,16.0,16.125,15.75,7.6822919845581055
1996-07-24,81900,16.125,15.875,16.125,15.875,7.6222758293151855
1996-07-23,31900,16.0,16.25,16.25,16.0,7.802328109741211
1996-07-22,26200,16.0,16.125,16.125,15.875,7.742311954498291
1996-07-19,58800,16.125,16.0,16.125,15.75,7.6822919845581055
1996-07-18,74400,15.5,16.125,16.25,15.5,7.742311954498291
1996-07-17,20600,15.125,15.625,15.625,15.125,7.502238750457764
1996-07-16,33400,15.0,15.0,15.0,14.875,7.202149868011475
1996-07-15,165300,15.125,15.0,15.25,14.875,7.202149868011475
1996-07-12,40900,15.25,15.125,15.25,15.125,7.262167930603027
1996-07-11,18400,15.375,15.25,15.375,15.25,7.322184085845947
1996-07-10,16700,15.625,15.5,15.75,15.375,7.442222595214844
1996-07-09,23700,15.625,15.625,15.875,15.625,7.502238750457764
1996-07-08,20700,15.625,15.75,15.875,15.625,7.562256813049316
1996-07-05,27700,16.125,15.625,16.125,15.625,7.502238750457764
1996-07-03,10300,16.0,16.125,16.125,16.0,7.742311954498291
1996-07-02,24400,16.125,16.125,16.125,16.0,7.742311954498291
1996-07-01,7600,16.0,16.125,16.125,16.0,7.742311954498291
1996-06-28,89500,16.125,16.125,16.25,16.0,7.742311954498291
1996-06-27,45400,16.125,16.25,16.25,16.0,7.802328109741211
1996-06-26,25000,16.375,16.125,16.375,16.125,7.742311954498291
1996-06-25,19400,16.25,16.25,16.5,16.25,7.802328109741211
1996-06-24,237400,16.25,16.125,16.375,16.0,7.742311954498291
1996-06-21,17800,16.125,16.125,16.25,16.125,7.742311954498291
1996-06-20,18000,16.25,16.125,16.25,16.0,7.742311954498291
1996-06-19,24100,16.375,16.375,16.5,16.25,7.862347602844238
1996-06-18,44900,15.75,16.125,16.125,15.75,7.742311954498291
1996-06-17,6700,16.0,15.875,16.0,15.875,7.6222758293151855
1996-06-14,17600,15.875,15.875,16.0,15.875,7.6222758293151855
1996-06-13,42100,16.0,15.875,16.0,15.75,7.6222758293151855
1996-06-12,10000,16.0,16.0,16.25,16.0,7.6822919845581055
1996-06-11,15100,15.875,16.125,16.125,15.75,7.742311954498291
1996-06-10,25800,15.875,16.0,16.0,15.875,7.6822919845581055
1996-06-07,42400,16.25,15.875,16.25,15.75,7.6222758293151855
1996-06-06,44900,16.25,16.375,16.5,16.125,7.862347602844238
1996-06-05,17200,16.625,16.375,16.625,16.25,7.862347602844238
1996-06-04,17200,16.75,16.5,16.75,16.5,7.92236328125
1996-06-03,41800,17.125,16.75,17.125,16.625,8.042404174804688
1996-05-31,132600,17.0,17.25,17.25,16.875,8.282474517822266
1996-05-30,51000,16.75,16.875,17.0,16.75,8.102417945861816
1996-05-29,8700,16.75,16.75,17.0,16.75,8.042404174804688
1996-05-28,18200,16.875,16.75,16.875,16.75,8.042404174804688
1996-05-24,23900,17.0,16.875,17.0,16.875,8.102417945861816
1996-05-23,27600,16.875,16.875,16.875,16.75,8.102417945861816
1996-05-22,20600,16.875,16.875,17.0,16.875,8.102417945861816
1996-05-21,31800,16.875,16.875,17.0,16.875,8.102417945861816
1996-05-20,33900,17.125,17.125,17.125,17.0,8.222454071044922
1996-05-17,48600,17.0,17.125,17.125,16.875,8.222454071044922
1996-05-16,40300,16.875,16.875,17.0,16.875,8.102417945861816
1996-05-15,37800,17.0,17.0,17.125,17.0,8.162439346313477
1996-05-14,99200,16.625,17.0,17.125,16.625,8.162439346313477
1996-05-13,74700,16.5625,16.625,16.75,16.5,7.982381820678711
1996-05-10,79000,16.625,16.75,16.875,16.375,7.943975925445557
1996-05-09,36900,16.25,16.375,16.5,16.125,7.766122817993164
1996-05-08,149800,16.125,16.25,16.25,16.0,7.706836700439453
1996-05-07,217700,16.25,16.25,16.375,16.0,7.706836700439453
1996-05-06,20700,16.25,16.125,16.25,16.125,7.647555351257324
1996-05-03,18900,16.25,16.375,16.375,16.25,7.766122817993164
1996-05-02,19600,16.625,16.25,16.75,16.25,7.706836700439453
1996-05-01,29300,16.75,16.75,17.0,16.75,7.943975925445557
1996-04-30,30300,16.75,16.625,16.875,16.625,7.884688377380371
1996-04-29,67800,16.125,16.625,17.0,16.125,7.884688377380371
1996-04-26,34600,16.25,16.125,16.375,16.125,7.647555351257324
1996-04-25,12500,16.25,16.25,16.25,16.25,7.706836700439453
1996-04-24,27000,16.25,16.25,16.5,16.25,7.706836700439453
1996-04-23,29400,16.375,16.25,16.375,16.125,7.706836700439453
1996-04-22,18100,16.625,16.375,16.625,16.375,7.766122817993164
1996-04-19,10200,16.625,16.625,16.625,16.375,7.884688377380371
1996-04-18,25700,16.5,16.5,16.625,16.375,7.825403690338135
1996-04-17,49100,16.125,16.625,16.625,16.125,7.884688377380371
1996-04-16,12800,16.125,16.25,16.25,16.125,7.706836700439453
1996-04-15,14100,16.125,16.25,16.375,16.0,7.706836700439453
1996-04-12,11800,16.375,16.125,16.375,16.125,7.647555351257324
1996-04-11,14500,16.25,16.375,16.375,16.125,7.766122817993164
1996-04-10,14600,16.25,16.25,16.375,16.125,7.706836700439453
1996-04-09,16400,16.25,16.25,16.375,16.25,7.706836700439453
1996-04-08,29400,16.375,16.125,16.375,16.125,7.647555351257324
1996-04-04,21300,17.0,16.5,17.0,16.5,7.825403690338135
1996-04-03,21200,17.0,16.875,17.0,16.875,8.003254890441895
1996-04-02,15500,17.25,17.125,17.25,17.0,8.12182331085205
1996-04-01,33700,17.25,17.125,17.375,17.125,8.12182331085205
1996-03-29,22400,17.375,17.25,17.375,17.25,8.181106567382812
1996-03-28,21200,17.375,17.25,17.375,17.25,8.181106567382812
1996-03-27,13700,17.25,17.25,17.375,17.25,8.181106567382812
1996-03-26,19300,17.375,17.25,17.375,17.25,8.181106567382812
1996-03-25,43100,17.25,17.25,17.375,17.25,8.181106567382812
1996-03-22,42200,17.25,17.25,17.375,17.125,8.181106567382812
1996-03-21,60400,17.125,17.25,17.25,17.125,8.181106567382812
1996-03-20,58900,17.125,17.125,17.25,17.125,8.12182331085205
1996-03-19,82400,16.625,17.0,17.25,16.625,8.062540054321289
1996-03-18,16200,16.25,16.375,16.5,16.25,7.766122817993164
1996-03-15,34000,16.125,16.25,16.25,16.125,7.706836700439453
1996-03-14,10600,16.125,16.125,16.25,16.125,7.647555351257324
1996-03-13,13700,16.125,16.125,16.25,16.125,7.647555351257324
1996-03-12,30700,16.0,16.25,16.25,16.0,7.611984729766846
1996-03-11,27200,16.0,16.125,16.25,15.875,7.553426265716553
1996-03-08,87200,16.125,15.875,16.125,15.75,7.436324596405029
1996-03-07,20200,16.25,16.25,16.375,16.125,7.611984729766846
1996-03-06,32900,16.375,16.125,16.375,16.125,7.553426265716553
1996-03-05,33300,16.25,16.25,16.375,16.125,7.611984729766846
1996-03-04,40100,16.25,16.375,16.5,16.125,7.670538425445557
1996-03-01,26400,16.0,16.0,16.375,15.75,7.494879722595215
1996-02-29,31000,16.25,16.0,16.25,15.625,7.494879722595215
1996-02-28,58200,16.625,16.125,16.625,16.125,7.553426265716553
1996-02-27,66500,17.0,16.625,17.0,16.5,7.78764533996582
1996-02-26,28800,16.875,16.875,17.125,16.875,7.9047532081604
1996-02-23,21000,16.625,16.875,16.875,16.625,7.9047532081604
1996-02-22,55700,16.375,16.625,16.75,16.375,7.78764533996582
1996-02-21,26300,16.25,16.625,16.625,16.25,7.78764533996582
1996-02-20,39100,16.375,16.375,16.375,16.25,7.670538425445557
1996-02-16,70900,17.25,16.5,17.25,16.25,7.729093074798584
1996-02-15,56100,17.375,17.375,17.625,17.25,8.138969421386719
1996-02-14,36900,17.25,17.375,17.375,17.25,8.138969421386719
1996-02-13,41100,17.25,17.375,17.5,17.25,8.138969421386719
1996-02-12,18200,17.5,17.5,17.625,17.5,8.103835105895996
1996-02-09,63500,17.5,17.625,17.625,17.5,8.161723136901855
1996-02-08,49100,17.125,17.5,17.625,17.125,8.103835105895996
1996-02-07,24500,17.0,17.25,17.25,17.0,7.988069534301758
1996-02-06,68900,16.875,17.0,17.125,16.875,7.872297286987305
1996-02-05,53900,17.0,16.875,17.0,16.75,7.814418315887451
1996-02-02,24500,16.875,17.25,17.25,16.875,7.988069534301758
1996-02-01,24900,16.875,17.125,17.125,16.875,7.930182933807373
1996-01-31,19900,17.0,17.0,17.0,16.875,7.872297286987305
1996-01-30,29500,17.0,17.0,17.125,16.875,7.872297286987305
1996-01-29,19400,17.0,17.0,17.125,16.875,7.872297286987305
1996-01-26,30400,16.625,16.875,17.0,16.5,7.814418315887451
1996-01-25,25800,16.75,16.75,16.75,16.625,7.756529331207275
1996-01-24,59600,16.875,16.625,16.875,16.5,7.698644638061523
1996-01-23,80600,17.25,16.75,17.25,16.75,7.756529331207275
1996-01-22,39800,17.25,17.25,17.375,17.125,7.988069534301758
1996-01-19,57000,17.625,17.5,17.75,17.375,8.103835105895996
1996-01-18,80200,17.625,17.625,17.625,17.375,8.161723136901855
1996-01-17,36200,17.625,17.625,17.75,17.625,8.161723136901855
1996-01-16,24800,17.625,17.625,17.75,17.625,8.161723136901855
1996-01-15,50000,17.625,17.625,17.875,17.5,8.161723136901855
1996-01-12,137600,17.5,17.625,17.75,17.375,8.161723136901855
1996-01-11,171000,17.625,17.5,17.625,17.125,8.103835105895996
1996-01-10,250900,18.0,17.875,18.125,17.75,8.277491569519043
1996-01-09,553100,18.0,18.125,18.625,18.0,8.393258094787598
1996-01-08,50300,18.0,17.875,18.0,17.875,8.277491569519043
1996-01-05,60500,17.75,17.875,17.875,17.625,8.277491569519043
1996-01-04,57000,17.875,17.75,18.0,17.75,8.2196044921875
1996-01-03,102900,17.75,17.875,18.0,17.75,8.277491569519043
1996-01-02,40900,17.625,17.875,17.875,17.625,8.277491569519043
1995-12-29,21800,18.0,17.625,18.0,17.625,8.161723136901855
1995-12-28,49700,17.75,18.0,18.125,17.75,8.335373878479004
1995-12-27,65600,17.5,17.625,17.75,17.5,8.161723136901855
1995-12-26,55200,17.5,17.375,17.625,17.25,8.045953750610352
1995-12-22,89700,17.5,17.375,17.625,17.25,8.045953750610352
1995-12-21,21000,17.375,17.5,17.5,17.25,8.103835105895996
1995-12-20,73500,17.5,17.5,17.5,17.375,8.103835105895996
1995-12-19,71500,17.875,17.5,17.875,17.375,8.103835105895996
1995-12-18,65800,17.75,17.875,17.875,17.625,8.277491569519043
1995-12-15,52800,18.0,17.625,18.0,17.5,8.161723136901855
1995-12-14,62900,17.75,18.0,18.0,17.75,8.335373878479004
1995-12-13,78200,17.75,17.875,17.875,17.75,8.277491569519043
1995-12-12,40400,17.75,17.75,17.875,17.75,8.2196044921875
1995-12-11,75100,17.75,17.875,17.875,17.75,8.277491569519043
1995-12-08,58000,17.625,17.75,17.75,17.375,8.2196044921875
1995-12-07,35300,17.625,17.625,17.75,17.625,8.161723136901855
1995-12-06,47400,17.75,17.75,17.875,17.625,8.2196044921875
1995-12-05,90200,17.875,17.625,17.875,17.5,8.161723136901855
1995-12-04,75800,17.875,17.875,18.0,17.75,8.277491569519043
1995-12-01,36200,18.0,17.75,18.125,17.25,8.2196044921875
1995-11-30,43200,18.125,18.0,18.125,17.875,8.335373878479004
1995-11-29,85500,17.875,18.125,18.125,17.75,8.393258094787598
1995-11-28,113400,17.875,17.875,17.875,17.625,8.277491569519043
1995-11-27,57000,18.0,17.75,18.0,17.75,8.2196044921875
1995-11-24,29900,17.75,18.0,18.0,17.75,8.335373878479004
1995-11-22,123700,17.75,17.875,17.875,17.75,8.277491569519043
1995-11-21,94300,17.75,17.75,18.0,17.625,8.2196044921875
1995-11-20,146600,18.125,17.875,18.25,17.75,8.277491569519043
1995-11-17,225800,17.75,18.375,18.375,17.75,8.50903034210205
1995-11-16,273600,17.375,17.75,18.0,17.375,8.2196044921875
1995-11-15,355100,17.375,17.375,17.75,17.125,8.045953750610352
1995-11-14,67200,16.5,16.75,16.75,16.375,7.756529331207275
1995-11-13,107200,16.375,16.375,16.75,16.25,7.582877159118652
1995-11-10,46100,16.375,16.75,16.75,16.25,7.663914203643799
1995-11-09,52500,16.125,16.375,16.5,16.125,7.492335796356201
1995-11-08,93200,16.375,16.125,16.625,16.125,7.377946853637695
1995-11-07,168500,15.625,16.25,16.25,15.625,7.435143947601318
1995-11-06,142000,15.5,15.625,15.75,15.375,7.149177074432373
1995-11-03,23900,15.25,15.375,15.375,15.25,7.034789562225342
1995-11-02,109800,15.375,15.25,15.625,15.25,6.977592468261719
1995-11-01,78300,15.25,15.5,15.5,15.125,7.091981410980225
1995-10-31,14800,14.875,15.125,15.125,14.875,6.920398712158203
1995-10-30,15800,15.125,15.0,15.125,14.875,6.863206386566162
1995-10-27,19100,15.0,15.0,15.0,14.875,6.863206386566162
1995-10-26,83100,15.0,15.0,15.25,14.875,6.863206386566162
1995-10-25,44600,15.25,15.125,15.25,15.0,6.920398712158203
1995-10-24,18000,15.25,15.125,15.25,15.125,6.920398712158203
1995-10-23,25500,15.125,15.25,15.25,15.125,6.977592468261719
1995-10-20,23600,15.125,15.25,15.25,15.125,6.977592468261719
1995-10-19,64300,15.0,15.25,15.25,15.0,6.977592468261719
1995-10-18,36300,15.0,15.125,15.125,15.0,6.920398712158203
1995-10-17,27900,15.125,15.0,15.125,15.0,6.863206386566162
1995-10-16,87000,15.125,15.125,15.125,14.875,6.920398712158203
1995-10-13,153500,15.125,15.125,15.25,14.875,6.920398712158203
1995-10-12,31000,15.25,15.125,15.25,15.125,6.920398712158203
1995-10-11,40500,15.125,15.25,15.25,15.125,6.977592468261719
1995-10-10,30600,15.125,15.0,15.125,15.0,6.863206386566162
1995-10-09,36800,15.5,15.125,15.5,15.125,6.920398712158203
1995-10-06,25800,15.25,15.375,15.375,15.25,7.034789562225342
1995-10-05,22500,15.25,15.375,15.375,15.125,7.034789562225342
1995-10-04,32200,15.5,15.375,15.5,15.25,7.034789562225342
1995-10-03,12300,15.125,15.375,15.375,15.125,7.034789562225342
1995-10-02,116500,15.5,15.0,15.625,15.0,6.863206386566162
1995-09-29,18300,15.5,15.625,15.625,15.5,7.149177074432373
1995-09-28,67100,15.75,15.625,15.75,15.5,7.149177074432373
1995-09-27,10500,15.625,15.625,15.75,15.625,7.149177074432373
1995-09-26,36100,15.5,15.625,15.75,15.5,7.149177074432373
1995-09-25,16000,15.25,15.375,15.5,15.25,7.034789562225342
1995-09-22,53200,15.75,15.5,15.75,15.25,7.091981410980225
1995-09-21,65700,16.0,15.625,16.0,15.625,7.149177074432373
1995-09-20,93400,15.875,16.125,16.125,15.875,7.377946853637695
1995-09-19,22800,16.0,15.875,16.0,15.875,7.263559818267822
1995-09-18,39100,16.0,15.875,16.125,15.875,7.263559818267822
1995-09-15,127000,16.0,16.125,16.125,16.0,7.377946853637695
1995-09-14,53200,16.0,16.0,16.125,15.875,7.320755958557129
1995-09-13,30100,15.875,16.0,16.0,15.875,7.320755958557129
1995-09-12,35200,15.875,16.0,16.0,15.75,7.320755958557129
1995-09-11,37300,15.875,15.875,16.0,15.75,7.263559818267822
1995-09-08,12000,16.0,15.75,16.0,15.75,7.206367015838623
1995-09-07,86300,16.125,15.875,16.125,15.875,7.263559818267822
1995-09-06,36600,16.0,16.0,16.125,15.875,7.320755958557129
1995-09-05,50400,16.5,16.125,16.5,16.0,7.377946853637695
1995-09-01,159600,16.5,16.5,16.75,16.25,7.549523830413818
1995-08-31,246200,15.5,16.5,16.625,15.5,7.549523830413818
1995-08-30,138700,15.0,15.5,15.5,15.0,7.091981410980225
1995-08-29,20500,15.0,15.0,15.25,15.0,6.863206386566162
1995-08-28,25400,15.25,15.0,15.25,15.0,6.863206386566162
1995-08-25,59000,15.125,15.25,15.25,15.125,6.977592468261719
1995-08-24,29700,15.125,15.125,15.25,15.125,6.920398712158203
1995-08-23,48300,15.25,15.125,15.25,15.125,6.920398712158203
1995-08-22,54600,15.375,15.25,15.375,15.125,6.977592468261719
1995-08-21,39800,15.25,15.375,15.5,15.25,7.034789562225342
1995-08-18,14700,15.25,15.25,15.375,15.25,6.977592468261719
1995-08-17,52500,15.0,15.25,15.25,15.0,6.977592468261719
1995-08-16,18400,15.0,15.0,15.0,14.875,6.863206386566162
1995-08-15,8500,14.875,15.0,15.0,14.875,6.863206386566162
1995-08-14,98500,15.125,14.875,15.125,14.875,6.806014537811279
1995-08-11,32900,15.0,15.125,15.25,15.0,6.920398712158203
1995-08-10,9600,15.25,15.25,15.25,15.0,6.883795261383057
1995-08-09,28000,15.0,15.25,15.25,15.0,6.883795261383057
1995-08-08,37300,14.875,15.0,15.375,14.875,6.7709479331970215
1995-08-07,25900,14.875,14.875,15.0,14.75,6.714522361755371
1995-08-04,29100,14.75,15.0,15.0,14.75,6.7709479331970215
1995-08-03,19600,14.75,14.75,14.875,14.625,6.658097267150879
1995-08-02,26000,14.875,14.75,14.875,14.625,6.658097267150879
1995-08-01,44500,14.75,14.875,15.0,14.75,6.714522361755371
1995-07-31,63800,14.5,14.75,14.875,14.5,6.658097267150879
1995-07-28,56900,14.375,14.5,14.5,14.25,6.5452494621276855
1995-07-27,22300,14.25,14.375,14.375,14.25,6.488822937011719
1995-07-26,32500,14.25,14.25,14.375,14.25,6.432397365570068
1995-07-25,22100,14.25,14.375,14.375,14.125,6.488822937011719
1995-07-24,27000,14.0,14.25,14.25,14.0,6.432397365570068
1995-07-21,14900,14.125,14.0,14.125,14.0,6.319551944732666
1995-07-20,7400,14.0,14.0,14.125,14.0,6.319551944732666
1995-07-19,23000,14.125,14.125,14.125,14.0,6.375973701477051
1995-07-18,12500,14.125,14.25,14.25,14.125,6.432397365570068
1995-07-17,12700,14.125,14.25,14.25,14.125,6.432397365570068
1995-07-14,22400,14.25,14.25,14.25,14.0,6.432397365570068
1995-07-13,24700,14.25,14.25,14.25,14.125,6.432397365570068
1995-07-12,41900,14.375,14.25,14.5,14.25,6.432397365570068
1995-07-11,19700,14.375,14.375,14.625,14.375,6.488822937011719
1995-07-10,23600,14.375,14.5,14.5,14.25,6.5452494621276855
1995-07-07,32400,14.375,14.375,14.375,14.25,6.488822937011719
1995-07-06,32900,14.375,14.25,14.375,14.25,6.432397365570068
1995-07-05,65200,14.25,14.25,14.375,14.1875,6.432397365570068
1995-07-03,16700,14.125,14.25,14.25,14.125,6.432397365570068
1995-06-30,24100,14.25,14.25,14.25,14.125,6.432397365570068
1995-06-29,12800,14.125,14.125,14.375,14.125,6.375973701477051
1995-06-28,11800,14.25,14.125,14.25,14.125,6.375973701477051
1995-06-27,85200,14.375,14.25,14.375,14.25,6.432397365570068
1995-06-26,74200,14.25,14.25,14.375,14.25,6.432397365570068
1995-06-23,7200,14.25,14.375,14.375,14.25,6.488822937011719
1995-06-22,56100,14.375,14.25,14.375,14.25,6.432397365570068
1995-06-21,54900,14.375,14.375,14.5,14.25,6.488822937011719
1995-06-20,19500,14.25,14.25,14.375,14.25,6.432397365570068
1995-06-19,21200,14.25,14.375,14.375,14.125,6.488822937011719
1995-06-16,16000,14.25,14.125,14.375,14.125,6.375973701477051
1995-06-15,33900,14.375,14.375,14.375,14.25,6.488822937011719
1995-06-14,25500,14.25,14.375,14.375,14.25,6.488822937011719
1995-06-13,21600,14.375,14.25,14.375,14.25,6.432397365570068
1995-06-12,17000,14.375,14.25,14.375,14.25,6.432397365570068
1995-06-09,29700,14.375,14.25,14.5,14.25,6.432397365570068
1995-06-08,65000,14.125,14.375,14.5,14.125,6.488822937011719
1995-06-07,19200,14.125,14.25,14.25,14.125,6.432397365570068
1995-06-06,21900,14.25,14.0,14.25,14.0,6.319551944732666
1995-06-05,40500,14.25,14.125,14.25,14.125,6.375973701477051
1995-06-02,25300,14.125,14.25,14.375,14.125,6.432397365570068
1995-06-01,17000,14.125,14.25,14.25,14.125,6.432397365570068
1995-05-31,18600,14.125,14.25,14.25,14.0,6.432397365570068
1995-05-30,32100,14.25,14.25,14.25,14.125,6.432397365570068
1995-05-26,17800,14.25,14.25,14.25,14.0,6.432397365570068
1995-05-25,27700,14.25,14.125,14.25,14.0,6.375973701477051
1995-05-24,36500,14.125,14.125,14.25,14.125,6.375973701477051
1995-05-23,27000,14.125,14.0,14.125,14.0,6.319551944732666
1995-05-22,36700,14.125,14.125,14.125,14.0,6.375973701477051
1995-05-19,60000,14.0,14.0,14.125,13.875,6.319551944732666
1995-05-18,53200,14.125,14.0,14.125,14.0,6.319551944732666
1995-05-17,34800,14.0,14.0,14.125,14.0,6.319551944732666
1995-05-16,55000,14.125,13.875,14.125,13.875,6.263123512268066
1995-05-15,54600,14.0,14.125,14.125,14.0,6.375973701477051
1995-05-12,35300,14.0,14.0,14.0,13.875,6.319551944732666
1995-05-11,22900,13.875,14.0,14.0,13.75,6.319551944732666
1995-05-10,34300,13.75,13.875,14.0,13.625,6.263123512268066
1995-05-09,47300,13.75,13.625,13.875,13.625,6.1502790451049805
1995-05-08,68500,14.125,14.0,14.125,14.0,6.227015495300293
1995-05-05,62900,14.0,14.0,14.125,13.875,6.227015495300293
1995-05-04,373400,14.0,13.875,14.0,13.875,6.171414375305176
1995-05-03,17600,14.625,14.0,14.625,14.0,6.227015495300293
1995-05-02,15700,14.625,14.5,14.625,14.5,6.449408054351807
1995-05-01,7600,14.75,14.75,14.75,14.625,6.560604095458984
1995-04-28,18800,14.625,14.75,14.875,14.625,6.560604095458984
1995-04-27,32000,14.625,14.75,14.75,14.625,6.560604095458984
1995-04-26,10300,14.75,14.75,14.75,14.625,6.560604095458984
1995-04-25,9600,14.625,14.75,14.75,14.625,6.560604095458984
1995-04-24,3200,14.875,14.75,14.875,14.75,6.560604095458984
1995-04-21,25100,14.625,14.875,14.875,14.625,6.616202354431152
1995-04-20,30300,14.5,14.75,14.75,14.5,6.560604095458984
1995-04-19,19000,14.25,14.375,14.5,14.25,6.393808841705322
1995-04-18,22000,14.125,14.375,14.375,14.125,6.393808841705322
1995-04-17,16100,14.375,14.5,14.625,14.375,6.449408054351807
1995-04-13,10200,14.25,14.5,14.5,14.25,6.449408054351807
1995-04-12,20600,14.375,14.25,14.375,14.25,6.338209629058838
1995-04-11,8900,14.5,14.25,14.5,14.25,6.338209629058838
1995-04-10,9300,14.5,14.5,14.625,14.5,6.449408054351807
1995-04-07,13500,14.625,14.5,14.6875,14.5,6.449408054351807
1995-04-06,9000,14.5,14.625,14.625,14.5,6.505003452301025
1995-04-05,9700,14.625,14.5,14.625,14.5,6.449408054351807
1995-04-04,18000,14.5,14.625,14.625,14.375,6.505003452301025
1995-04-03,8200,14.625,14.75,14.875,14.625,6.560604095458984
1995-03-31,24600,14.5,14.75,14.75,14.375,6.560604095458984
1995-03-30,14900,14.5,14.5,14.625,14.5,6.449408054351807
1995-03-29,5300,14.375,14.375,14.5,14.375,6.393808841705322
1995-03-28,14900,14.5,14.5,14.5,14.375,6.449408054351807
1995-03-27,22000,14.4375,14.5,14.5,14.375,6.449408054351807
1995-03-24,34800,14.25,14.5,14.5,14.0,6.449408054351807
1995-03-23,44300,14.875,14.375,14.875,14.375,6.393808841705322
1995-03-22,4600,14.75,14.75,14.75,14.625,6.560604095458984
1995-03-21,9300,14.75,14.75,14.875,14.75,6.560604095458984
1995-03-20,11000,14.75,14.875,14.875,14.75,6.616202354431152
1995-03-17,38600,14.875,14.75,15.0,14.625,6.560604095458984
1995-03-16,11200,15.0,15.0,15.0,14.875,6.671801567077637
1995-03-15,9200,15.125,15.0,15.125,15.0,6.671801567077637
1995-03-14,10500,14.875,15.125,15.125,14.875,6.727397918701172
1995-03-13,11100,15.125,14.875,15.125,14.875,6.616202354431152
1995-03-10,12400,14.875,15.0,15.125,14.875,6.671801567077637
1995-03-09,15100,15.0,15.0,15.0,15.0,6.671801567077637
1995-03-08,13100,14.875,14.875,15.0,14.75,6.616202354431152
1995-03-07,9200,15.0,14.875,15.0,14.75,6.616202354431152
1995-03-06,4700,15.0,14.75,15.0,14.75,6.560604095458984
1995-03-03,11200,14.875,15.0,15.0,14.75,6.671801567077637
1995-03-02,17300,15.25,14.875,15.25,14.875,6.616202354431152
1995-03-01,28400,15.25,15.25,15.25,15.125,6.782997131347656
1995-02-28,83900,14.875,15.25,15.25,14.875,6.782997131347656
1995-02-27,5900,14.875,14.875,14.875,14.75,6.616202354431152
1995-02-24,28200,14.875,14.875,14.875,14.75,6.616202354431152
1995-02-23,30100,14.875,14.875,14.875,14.75,6.616202354431152
1995-02-22,13600,14.875,14.875,14.875,14.75,6.616202354431152
1995-02-21,39300,14.875,14.875,14.875,14.75,6.616202354431152
1995-02-17,45100,14.375,14.875,14.875,14.375,6.616202354431152
1995-02-16,37300,14.5,14.5,14.5,14.375,6.449408054351807
1995-02-15,18800,14.25,14.375,14.375,14.25,6.393808841705322
1995-02-14,10800,14.125,14.375,14.375,14.125,6.393808841705322
1995-02-13,21500,14.0,14.25,14.25,14.0,6.338209629058838
1995-02-10,13800,14.0,14.125,14.125,14.0,6.282612323760986
1995-02-09,47100,14.125,14.0,14.25,14.0,6.227015495300293
1995-02-08,15100,14.25,14.25,14.375,14.25,6.247028350830078
1995-02-07,22300,14.125,14.25,14.375,14.125,6.247028350830078
1995-02-06,23400,14.25,14.25,14.25,14.125,6.247028350830078
1995-02-03,13200,14.125,14.25,14.25,14.125,6.247028350830078
1995-02-02,11800,14.125,14.25,14.25,14.125,6.247028350830078
1995-02-01,33200,14.25,14.25,14.375,14.125,6.247028350830078
1995-01-31,14900,14.125,14.25,14.25,14.125,6.247028350830078
1995-01-30,12500,14.25,14.125,14.25,14.125,6.192231178283691
1995-01-27,8000,14.0,14.0,14.125,14.0,6.1374311447143555
1995-01-26,15100,14.0,14.0,14.125,14.0,6.1374311447143555
1995-01-25,44500,13.875,14.125,14.25,13.875,6.192231178283691
1995-01-24,10700,13.875,13.875,14.0,13.875,6.082633972167969
1995-01-23,18600,13.625,13.75,13.875,13.625,6.027836322784424
1995-01-20,101200,13.75,13.625,13.75,13.625,5.9730377197265625
1995-01-19,45100,13.75,13.75,13.875,13.75,6.027836322784424
1995-01-18,10900,13.75,13.75,13.875,13.75,6.027836322784424
1995-01-17,6600,13.75,13.875,13.875,13.75,6.082633972167969
1995-01-16,23900,14.0,13.75,14.0,13.75,6.027836322784424
1995-01-13,21700,13.75,13.875,13.875,13.75,6.082633972167969
1995-01-12,18400,14.125,13.75,14.125,13.75,6.027836322784424
1995-01-11,14100,14.125,14.0,14.25,13.875,6.1374311447143555
1995-01-10,12300,14.0,14.125,14.25,14.0,6.192231178283691
1995-01-09,12000,14.125,14.0,14.125,14.0,6.1374311447143555
1995-01-06,14700,14.125,14.0,14.25,14.0,6.1374311447143555
1995-01-05,26700,14.25,14.125,14.3125,14.0,6.192231178283691
1995-01-04,4000,14.25,14.375,14.375,14.25,6.3018293380737305
1995-01-03,10400,14.125,14.375,14.5,14.125,6.3018293380737305
1994-12-30,31200,13.875,14.125,14.25,13.75,6.192231178283691
1994-12-29,10200,14.125,14.125,14.125,14.0,6.192231178283691
1994-12-28,10900,14.125,14.125,14.25,14.125,6.192231178283691
1994-12-27,9000,14.375,14.125,14.375,14.125,6.192231178283691
1994-12-23,10400,14.25,14.25,14.375,14.25,6.247028350830078
1994-12-22,20800,14.375,14.375,14.375,14.25,6.3018293380737305
1994-12-21,16100,14.25,14.25,14.375,14.25,6.247028350830078
1994-12-20,49900,14.625,14.25,14.6875,14.25,6.247028350830078
1994-12-19,9800,14.75,14.625,14.75,14.625,6.411426067352295
1994-12-16,18200,14.875,14.75,14.875,14.625,6.466222763061523
1994-12-15,13000,14.75,14.875,14.875,14.75,6.521023273468018
1994-12-14,23700,14.8125,14.875,14.875,14.75,6.521023273468018
1994-12-13,13900,14.875,14.875,14.875,14.75,6.521023273468018
1994-12-12,25900,14.875,14.875,15.0,14.75,6.521023273468018
1994-12-09,19900,14.75,14.75,14.875,14.75,6.466222763061523
1994-12-08,34500,15.0,14.875,15.0,14.875,6.521023273468018
1994-12-07,11900,15.0,15.0,15.0,15.0,6.575823783874512
1994-12-06,16100,15.125,15.0,15.125,15.0,6.575823783874512
1994-12-05,11200,15.25,15.0,15.25,15.0,6.575823783874512
1994-12-02,14800,15.25,15.125,15.25,15.125,6.630616664886475
1994-12-01,22800,15.25,15.125,15.25,15.125,6.630616664886475
1994-11-30,6100,15.25,15.25,15.375,15.25,6.685418605804443
1994-11-29,14800,15.25,15.375,15.375,15.25,6.74021577835083
1994-11-28,20600,15.25,15.25,15.5,15.25,6.685418605804443
1994-11-25,5700,15.25,15.375,15.375,15.25,6.74021577835083
1994-11-23,23300,15.375,15.375,15.375,15.25,6.74021577835083
1994-11-22,24700,15.375,15.25,15.5,15.25,6.685418605804443
1994-11-21,26200,15.125,15.5,15.5,15.125,6.795016765594482
1994-11-18,7600,14.875,15.125,15.125,14.875,6.630616664886475
1994-11-17,13000,14.75,15.0,15.0,14.75,6.575823783874512
1994-11-16,223000,14.75,14.75,14.875,14.625,6.466222763061523
1994-11-15,85400,15.0,14.75,15.0,14.625,6.466222763061523
1994-11-14,22800,15.0,15.0,15.125,15.0,6.575823783874512
1994-11-11,42800,15.125,15.125,15.25,15.0,6.630616664886475
1994-11-10,15400,15.5,15.125,15.5,15.125,6.630616664886475
1994-11-09,9300,15.5,15.375,15.5,15.375,6.74021577835083
1994-11-08,8600,15.5,15.5,15.625,15.5,6.795016765594482
1994-11-07,33700,16.125,15.625,16.125,15.625,6.759942531585693
1994-11-04,22200,16.375,16.25,16.5,16.25,7.03033971786499
1994-11-03,31200,16.375,16.375,16.5,16.375,7.084420680999756
1994-11-02,43000,16.875,16.5,16.875,16.5,7.138497352600098
1994-11-01,12200,17.0,16.875,17.125,16.875,7.300735950469971
1994-10-31,30200,17.125,17.125,17.125,17.0,7.408899784088135
1994-10-28,12900,17.125,17.125,17.25,17.125,7.408899784088135
1994-10-27,9800,17.125,17.125,17.25,17.125,7.408899784088135
1994-10-26,18100,17.25,17.25,17.375,17.125,7.462981700897217
1994-10-25,8000,17.25,17.125,17.25,17.0,7.408899784088135
1994-10-24,6400,17.0,17.0,17.125,17.0,7.354820251464844
1994-10-21,8500,17.0,17.125,17.125,17.0,7.408899784088135
1994-10-20,16200,17.0,17.125,17.25,17.0,7.408899784088135
1994-10-19,4200,17.0,17.0,17.0,16.875,7.354820251464844
1994-10-18,4500,17.0,17.0,17.0,16.875,7.354820251464844
1994-10-17,14400,17.1875,17.125,17.1875,17.0,7.408899784088135
1994-10-14,6300,17.25,17.25,17.375,17.25,7.462981700897217
1994-10-13,7400,17.25,17.5,17.5,17.25,7.571139335632324
1994-10-12,6100,17.25,17.375,17.375,17.25,7.517053127288818
1994-10-11,15500,17.25,17.375,17.375,17.25,7.517053127288818
1994-10-10,4700,17.0,17.125,17.125,17.0,7.408899784088135
1994-10-07,22000,17.125,17.0,17.25,16.875,7.354820251464844
1994-10-06,5700,17.5,17.375,17.5,17.375,7.517053127288818
1994-10-05,6600,17.5,17.5,17.5,17.375,7.571139335632324
1994-10-04,6400,17.5,17.5,17.5,17.5,7.571139335632324
1994-10-03,4300,17.5,17.5,17.625,17.5,7.571139335632324
1994-09-30,9800,17.625,17.625,17.625,17.5,7.625217914581299
1994-09-29,41600,17.625,17.625,17.75,17.625,7.625217914581299
1994-09-28,20000,17.625,17.625,17.75,17.625,7.625217914581299
1994-09-27,2800,17.75,17.625,17.75,17.625,7.625217914581299
1994-09-26,14400,17.75,17.75,17.75,17.625,7.679294109344482
1994-09-23,11900,17.75,17.625,17.75,17.625,7.625217914581299
1994-09-22,8500,17.625,17.625,17.75,17.625,7.625217914581299
1994-09-21,14700,17.625,17.625,17.75,17.625,7.625217914581299
1994-09-20,5000,17.625,17.625,17.75,17.625,7.625217914581299
1994-09-19,9900,17.75,17.75,17.875,17.625,7.679294109344482
1994-09-16,21300,17.75,17.75,17.75,17.625,7.679294109344482
1994-09-15,11100,17.625,17.75,17.75,17.625,7.679294109344482
1994-09-14,7400,17.625,17.625,17.75,17.625,7.625217914581299
1994-09-13,12100,17.5,17.75,17.75,17.5,7.679294109344482
1994-09-12,7200,17.625,17.625,17.75,17.5,7.625217914581299
1994-09-09,3800,17.75,17.625,17.75,17.625,7.625217914581299
1994-09-08,11800,17.75,17.75,17.875,17.75,7.679294109344482
1994-09-07,35200,17.75,17.625,17.875,17.625,7.625217914581299
1994-09-06,10700,17.75,17.625,17.75,17.625,7.625217914581299
1994-09-02,7700,17.75,17.625,17.75,17.625,7.625217914581299
1994-09-01,12200,17.75,17.625,17.75,17.5,7.625217914581299
1994-08-31,9600,17.75,17.875,17.875,17.625,7.733375072479248
1994-08-30,131800,17.5,17.625,17.75,17.5,7.625217914581299
1994-08-29,6100,17.625,17.5,17.625,17.5,7.571139335632324
1994-08-26,15700,17.875,17.625,17.875,17.625,7.625217914581299
1994-08-25,9900,17.875,17.875,17.875,17.75,7.733375072479248
1994-08-24,5900,17.75,17.875,17.875,17.625,7.733375072479248
1994-08-23,18500,17.75,17.75,17.875,17.625,7.679294109344482
1994-08-22,15000,17.875,17.75,17.875,17.625,7.679294109344482
1994-08-19,17700,17.875,17.75,18.0,17.75,7.679294109344482
1994-08-18,70800,17.75,17.875,18.0,17.75,7.733375072479248
1994-08-17,15000,17.75,17.875,17.875,17.75,7.733375072479248
1994-08-16,31700,17.625,17.75,17.875,17.625,7.679294109344482
1994-08-15,13000,17.625,17.75,17.75,17.625,7.679294109344482
1994-08-12,13300,17.75,17.75,17.75,17.625,7.679294109344482
1994-08-11,16600,17.875,17.75,17.875,17.625,7.679294109344482
1994-08-10,26200,18.0,18.0,18.0,17.75,7.787458896636963
1994-08-09,7400,18.125,18.25,18.25,18.125,7.806925296783447
1994-08-08,11600,18.0,18.25,18.25,18.0,7.806925296783447
1994-08-05,7600,18.0,18.0,18.125,18.0,7.699978828430176
1994-08-04,11200,18.0,18.0,18.25,18.0,7.699978828430176
1994-08-03,17100,18.0,18.0,18.125,18.0,7.699978828430176
1994-08-02,14000,18.0,18.0,18.125,17.75,7.699978828430176
1994-08-01,62400,17.625,17.875,18.0,17.625,7.646508693695068
1994-07-29,5800,17.75,17.625,17.75,17.625,7.539567470550537
1994-07-28,6800,17.625,17.625,17.875,17.625,7.539567470550537
1994-07-27,6900,17.875,17.75,17.875,17.625,7.593039512634277
1994-07-26,2200,17.75,17.875,17.875,17.75,7.646508693695068
1994-07-25,8200,17.875,17.875,17.875,17.75,7.646508693695068
1994-07-22,19400,17.875,18.0,18.0,17.875,7.699978828430176
1994-07-21,7700,17.75,17.875,18.0,17.625,7.646508693695068
1994-07-20,22000,17.75,17.875,17.875,17.75,7.646508693695068
1994-07-19,31900,17.75,17.75,17.875,17.5,7.593039512634277
1994-07-18,11300,17.875,18.0,18.0,17.75,7.699978828430176
1994-07-15,15800,17.625,18.0,18.0,17.625,7.699978828430176
1994-07-14,7400,17.625,17.75,17.75,17.625,7.593039512634277
1994-07-13,4900,17.625,17.625,17.75,17.5,7.539567470550537
1994-07-12,8500,17.875,17.625,17.875,17.625,7.539567470550537
1994-07-11,14900,17.625,17.625,17.75,17.5,7.539567470550537
1994-07-08,10400,17.75,17.5,17.75,17.5,7.486091136932373
1994-07-07,16600,17.875,17.875,18.0,17.75,7.646508693695068
1994-07-06,18500,17.875,18.0,18.0,17.875,7.699978828430176
1994-07-05,9300,18.0,17.875,18.125,17.875,7.646508693695068
1994-07-01,25800,18.0,18.0,18.125,17.875,7.699978828430176
1994-06-30,8800,18.0,18.0,18.0,18.0,7.699978828430176
1994-06-29,3900,17.875,17.875,17.875,17.875,7.646508693695068
1994-06-28,10700,17.875,17.875,18.0,17.75,7.646508693695068
1994-06-27,16700,17.875,18.0,18.0,17.625,7.699978828430176
1994-06-24,25200,18.25,18.125,18.25,18.0,7.7534499168396
1994-06-23,11700,18.375,18.375,18.5,18.375,7.8603949546813965
1994-06-22,6200,18.375,18.5,18.5,18.375,7.913865089416504
1994-06-21,18600,18.25,18.5,18.625,18.25,7.913865089416504
1994-06-20,13900,18.375,18.375,18.5,18.25,7.8603949546813965
1994-06-17,24800,18.5,18.5,18.5,18.375,7.913865089416504
1994-06-16,19300,18.125,18.375,18.375,18.0,7.8603949546813965
1994-06-15,13800,18.125,18.125,18.375,18.125,7.7534499168396
1994-06-14,15800,17.875,18.125,18.25,17.875,7.7534499168396
1994-06-13,5900,17.875,18.0,18.0,17.75,7.699978828430176
1994-06-10,12500,18.125,17.875,18.125,17.875,7.646508693695068
1994-06-09,27500,18.0,18.0,18.25,18.0,7.699978828430176
1994-06-08,37800,18.0,18.0,18.125,17.875,7.699978828430176
1994-06-07,16100,18.125,18.0,18.125,17.875,7.699978828430176
1994-06-06,10000,18.25,18.125,18.25,18.125,7.7534499168396
1994-06-03,15100,18.0,18.25,18.25,18.0,7.806925296783447
1994-06-02,7000,18.125,18.125,18.25,18.125,7.7534499168396
1994-06-01,10500,18.0,18.125,18.125,18.0,7.7534499168396
1994-05-31,22600,18.0,18.0,18.125,18.0,7.699978828430176
1994-05-27,28300,18.125,18.25,18.25,18.125,7.806925296783447
1994-05-26,30200,17.625,18.0,18.0,17.625,7.699978828430176
1994-05-25,9900,17.625,17.75,17.75,17.625,7.593039512634277
1994-05-24,21200,17.75,17.625,17.75,17.625,7.539567470550537
1994-05-23,25000,17.875,17.875,17.875,17.5,7.646508693695068
1994-05-20,40200,17.875,17.875,17.875,17.75,7.646508693695068
1994-05-19,44100,17.75,17.75,17.875,17.5,7.593039512634277
1994-05-18,38300,17.25,17.625,17.625,17.25,7.539567470550537
1994-05-17,21000,17.75,17.25,17.75,17.25,7.379151821136475
1994-05-16,57700,17.0,17.625,17.75,17.0,7.539567470550537
1994-05-13,31500,16.875,16.875,17.0,16.875,7.2187323570251465
1994-05-12,26300,16.5,16.75,16.875,16.5,7.165257930755615
1994-05-11,132300,16.0,16.25,16.25,16.0,6.9513726234436035
1994-05-10,64200,16.375,16.0,16.75,15.875,6.844425678253174
1994-05-09,21300,16.5,16.375,16.5,16.125,6.921423435211182
1994-05-06,12100,16.75,16.75,16.75,16.5,7.0799336433410645
1994-05-05,1600,16.875,16.875,16.875,16.75,7.132769584655762
1994-05-04,16700,17.0,16.875,17.0,16.75,7.132769584655762
1994-05-03,19800,17.0,17.0,17.125,16.875,7.18560266494751
1994-05-02,44500,16.875,17.125,17.125,16.75,7.238436698913574
1994-04-29,25400,16.75,17.0,17.0,16.625,7.18560266494751
1994-04-28,22100,16.875,16.75,16.875,16.5,7.0799336433410645
1994-04-26,11500,16.625,16.75,16.875,16.625,7.0799336433410645
1994-04-25,26200,16.5,16.625,16.75,16.5,7.027097702026367
1994-04-22,20200,16.0,16.5,16.5,16.0,6.974257469177246
1994-04-21,5500,16.0,16.0,16.125,16.0,6.7629218101501465
1994-04-20,99600,15.75,16.0,16.0,15.75,6.7629218101501465
1994-04-19,33700,16.5,15.75,16.5,15.75,6.657251834869385
1994-04-18,13500,16.5,16.625,16.625,16.375,7.027097702026367
1994-04-15,7100,16.5,16.375,16.5,16.375,6.921423435211182
1994-04-14,9400,16.25,16.375,16.5,16.125,6.921423435211182
1994-04-13,30400,16.625,16.5,16.625,16.25,6.974257469177246
1994-04-12,12100,16.75,16.625,16.75,16.625,7.027097702026367
1994-04-11,16300,16.875,16.75,17.0,16.625,7.0799336433410645
1994-04-08,18500,17.125,16.75,17.125,16.75,7.0799336433410645
1994-04-07,19500,16.5,17.125,17.125,16.5,7.238436698913574
1994-04-06,16600,16.125,16.5,16.5,16.125,6.974257469177246
1994-04-05,16700,15.5,16.25,16.25,15.5,6.868590831756592
1994-04-04,37400,15.625,15.5,15.625,15.0,6.551578998565674
1994-03-31,54600,16.25,15.75,16.25,15.75,6.657251834869385
1994-03-30,20800,16.875,16.5,16.875,16.375,6.974257469177246
1994-03-29,15200,17.25,17.125,17.375,17.125,7.238436698913574
1994-03-28,30500,17.25,17.25,17.375,17.125,7.2912774085998535
1994-03-25,12900,17.5,17.375,17.625,17.375,7.344104766845703
1994-03-24,44500,17.125,17.5,17.5,17.125,7.39694356918335
1994-03-23,135400,16.75,17.125,17.125,16.75,7.238436698913574
1994-03-22,5800,16.75,16.875,16.875,16.625,7.132769584655762
1994-03-21,13500,17.125,16.875,17.125,16.75,7.132769584655762
1994-03-18,7000,17.0,17.125,17.125,16.875,7.238436698913574
1994-03-17,23500,17.0,16.875,17.125,16.875,7.132769584655762
1994-03-16,20600,17.0,17.0,17.0,16.625,7.18560266494751
1994-03-15,14300,17.375,17.0,17.5,17.0,7.18560266494751
1994-03-14,11800,17.0,17.125,17.375,17.0,7.238436698913574
1994-03-11,14700,17.25,17.125,17.25,17.125,7.238436698913574
1994-03-10,22200,17.625,17.25,17.75,17.25,7.2912774085998535
1994-03-09,10600,17.625,17.875,17.875,17.625,7.555452346801758
1994-03-08,6300,17.625,17.75,17.75,17.5,7.502617359161377
1994-03-07,26900,17.5,17.5,17.625,17.5,7.39694356918335
1994-03-04,24500,17.625,17.625,17.625,17.5,7.449782848358154
1994-03-03,18100,17.5,17.5,17.5,17.25,7.39694356918335
1994-03-02,23100,17.375,17.5,17.625,17.375,7.39694356918335
1994-03-01,9400,17.625,17.625,17.75,17.5,7.449782848358154
1994-02-28,23400,17.875,17.75,17.875,17.625,7.502617359161377
1994-02-25,26200,17.75,17.75,17.875,17.625,7.502617359161377
1994-02-24,108700,17.75,17.75,17.875,17.625,7.502617359161377
1994-02-23,24900,17.875,17.875,17.875,17.75,7.555452346801758
1994-02-22,24900,17.875,17.875,17.875,17.625,7.555452346801758
1994-02-18,32600,17.75,17.75,17.875,17.625,7.502617359161377
1994-02-17,29300,18.375,17.75,18.375,17.625,7.502617359161377
1994-02-16,20600,18.25,18.5,18.625,18.25,7.819625377655029
1994-02-15,15200,18.375,18.25,18.5,18.25,7.713956832885742
1994-02-14,14800,18.375,18.25,18.375,18.25,7.713956832885742
1994-02-11,18300,18.25,18.25,18.375,18.25,7.713956832885742
1994-02-10,21100,18.375,18.25,18.5,18.25,7.713956832885742
1994-02-09,30200,18.375,18.75,18.75,18.375,7.842872619628906
1994-02-08,67000,18.5,18.75,18.75,18.375,7.842872619628906
1994-02-07,42700,18.375,18.625,18.625,18.25,7.790586471557617
1994-02-04,60500,18.875,18.75,19.0,18.5,7.842872619628906
1994-02-03,117700,19.25,18.875,19.375,18.75,7.89516019821167
1994-02-02,107400,18.5,19.25,19.25,18.375,8.052019119262695
1994-02-01,62700,18.625,18.375,18.75,18.125,7.686016082763672
1994-01-31,82900,17.75,18.375,18.5,17.75,7.686016082763672
1994-01-28,12400,16.875,17.0,17.25,16.625,7.110873222351074
1994-01-27,14300,16.75,16.875,17.0,16.625,7.058586597442627
1994-01-26,35800,16.375,16.75,16.75,16.375,7.0063018798828125
1994-01-25,10700,16.25,16.25,16.375,16.25,6.797155380249023
1994-01-24,16900,16.75,16.25,16.75,16.25,6.797155380249023
1994-01-21,16100,16.875,16.75,17.0,16.625,7.0063018798828125
1994-01-20,19600,17.0,17.0,17.125,16.875,7.110873222351074
1994-01-19,42300,16.75,17.0,17.0,16.625,7.110873222351074
1994-01-18,15300,16.5,16.5,16.75,16.375,6.901729106903076
1994-01-17,14800,16.125,16.5,16.5,16.0,6.901729106903076
1994-01-14,20400,16.0,16.0,16.25,15.875,6.692587852478027
1994-01-13,25100,16.375,16.125,16.375,16.0,6.74486780166626
1994-01-12,9000,16.125,16.25,16.25,16.125,6.797155380249023
1994-01-11,3500,16.125,16.125,16.25,16.125,6.74486780166626
1994-01-10,4900,16.375,16.25,16.375,16.25,6.797155380249023
1994-01-07,26400,15.875,16.375,16.375,15.875,6.849443435668945
1994-01-06,5800,15.75,15.875,15.875,15.75,6.6402974128723145
1994-01-05,37200,15.875,15.875,16.0,15.75,6.6402974128723145
1994-01-04,7800,16.0,15.875,16.0,15.875,6.6402974128723145
1994-01-03,13300,15.875,15.875,16.0,15.875,6.6402974128723145
1993-12-31,15300,16.0,16.0,16.0,15.875,6.692587852478027
1993-12-30,16900,16.25,16.0,16.375,16.0,6.692587852478027
1993-12-29,17700,15.75,16.125,16.125,15.75,6.74486780166626
1993-12-28,17700,15.875,15.875,16.0,15.75,6.6402974128723145
1993-12-27,11000,15.75,15.75,16.0,15.75,6.588016510009766
1993-12-23,23800,16.0,15.875,16.125,15.875,6.6402974128723145
1993-12-22,10300,16.0,16.125,16.125,16.0,6.74486780166626
1993-12-21,2700,16.125,16.125,16.125,16.0,6.74486780166626
1993-12-20,10200,16.0,16.125,16.125,15.875,6.74486780166626
1993-12-17,26700,16.375,16.0,16.375,15.875,6.692587852478027
1993-12-16,20700,16.0,16.125,16.25,15.875,6.74486780166626
1993-12-15,18600,15.75,16.0,16.0,15.75,6.692587852478027
1993-12-14,22900,15.625,15.75,16.0,15.625,6.588016510009766
1993-12-13,23100,15.625,15.75,15.75,15.5,6.588016510009766
1993-12-10,22700,16.0,15.75,16.125,15.75,6.588016510009766
1993-12-09,19100,16.5,16.0,16.5,16.0,6.692587852478027
1993-12-08,13100,16.375,16.375,16.5,16.25,6.849443435668945
1993-12-07,5900,16.5,16.5,16.625,16.5,6.901729106903076
1993-12-06,37300,16.5,16.5,16.625,16.5,6.901729106903076
1993-12-03,47600,16.875,16.625,16.875,16.625,6.954015731811523
1993-12-02,22800,16.75,16.75,17.0,16.75,7.0063018798828125
1993-12-01,8700,16.5,16.625,16.875,16.5,6.954015731811523
1993-11-30,14500,16.75,16.5,16.75,16.5,6.901729106903076
1993-11-29,6400,16.75,16.625,16.875,16.625,6.954015731811523
1993-11-26,300,16.625,16.625,16.625,16.625,6.954015731811523
1993-11-24,22400,16.75,16.625,16.75,16.5,6.954015731811523
1993-11-23,26400,16.75,16.625,16.875,16.625,6.954015731811523
1993-11-22,17000,16.875,16.625,16.875,16.5,6.954015731811523
1993-11-19,18300,17.0,17.0,17.125,17.0,7.110873222351074
1993-11-18,58000,17.375,17.0,17.375,17.0,7.110873222351074
1993-11-17,10600,17.375,17.25,17.375,17.25,7.215445518493652
1993-11-16,19700,17.25,17.25,17.375,17.25,7.215445518493652
1993-11-15,22000,17.375,17.25,17.5,17.25,7.215445518493652
1993-11-12,25400,17.375,17.5,17.5,17.25,7.320013999938965
1993-11-11,5800,17.375,17.25,17.375,17.25,7.215445518493652
1993-11-10,14100,17.375,17.25,17.375,17.25,7.215445518493652
1993-11-09,68000,16.875,17.375,17.375,16.875,7.267726421356201
1993-11-08,18700,17.125,16.875,17.125,16.875,7.058586597442627
1993-11-05,30800,17.375,17.25,17.5,17.125,7.133878231048584
1993-11-04,42500,17.75,17.75,17.875,17.75,7.3406596183776855
1993-11-03,25000,17.5,17.75,18.0,17.5,7.3406596183776855
1993-11-02,19100,17.5,17.625,17.75,17.25,7.288963317871094
1993-11-01,42900,17.875,17.625,17.875,17.125,7.288963317871094
1993-10-29,31200,18.0,17.75,18.0,17.75,7.3406596183776855
1993-10-28,25400,18.25,18.125,18.25,18.125,7.495742321014404
1993-10-27,22600,18.375,18.25,18.5,18.25,7.547438621520996
1993-10-26,14100,18.25,18.375,18.5,18.25,7.599129676818848
1993-10-25,16000,18.25,18.125,18.25,18.125,7.495742321014404
1993-10-22,14900,18.25,18.125,18.375,18.125,7.495742321014404
1993-10-21,18600,18.25,18.25,18.25,18.125,7.547438621520996
1993-10-20,8700,18.125,18.25,18.25,18.125,7.547438621520996
1993-10-19,20600,18.125,18.125,18.25,18.0,7.495742321014404
1993-10-18,20400,18.0,18.0,18.125,18.0,7.444046974182129
1993-10-15,79300,18.125,18.125,18.125,17.875,7.495742321014404
1993-10-14,140900,17.25,18.125,18.125,17.25,7.495742321014404
1993-10-13,6200,17.0,16.75,17.0,16.75,6.927100658416748
1993-10-12,10500,17.125,16.875,17.125,16.75,6.978794574737549
1993-10-11,27100,17.25,17.0,17.25,17.0,7.030487537384033
1993-10-08,18500,17.375,17.125,17.375,17.125,7.08218240737915
1993-10-07,10700,17.25,17.25,17.375,17.125,7.133878231048584
1993-10-06,7400,17.25,17.25,17.375,17.125,7.133878231048584
1993-10-05,16000,17.25,17.25,17.25,17.125,7.133878231048584
1993-10-04,9200,17.25,17.125,17.375,17.125,7.08218240737915
1993-10-01,17600,17.25,17.25,17.375,17.25,7.133878231048584
1993-09-30,27600,17.25,17.375,17.375,17.25,7.18557071685791
1993-09-29,12400,17.375,17.25,17.375,17.125,7.133878231048584
1993-09-28,15600,17.125,17.25,17.25,17.125,7.133878231048584
1993-09-27,18900,17.0,17.125,17.375,17.0,7.08218240737915
1993-09-24,14800,17.0,17.0,17.125,17.0,7.030487537384033
1993-09-23,11400,17.0,16.875,17.0,16.875,6.978794574737549
1993-09-22,9800,16.875,17.0,17.0,16.75,7.030487537384033
1993-09-21,17500,16.875,16.875,16.875,16.75,6.978794574737549
1993-09-20,9600,16.75,16.75,16.875,16.75,6.927100658416748
1993-09-17,24200,16.875,16.75,17.0,16.75,6.927100658416748
1993-09-16,12000,16.875,16.875,17.0,16.875,6.978794574737549
1993-09-15,15900,16.75,17.0,17.0,16.75,7.030487537384033
1993-09-14,11500,16.75,16.75,16.875,16.75,6.927100658416748
1993-09-13,14800,16.5,16.875,16.875,16.5,6.978794574737549
1993-09-10,11800,16.5,16.625,16.625,16.5,6.875405788421631
1993-09-09,11000,16.375,16.5,16.625,16.375,6.8237080574035645
1993-09-08,15300,16.75,16.375,16.75,16.375,6.772014141082764
1993-09-07,11200,16.75,16.75,16.875,16.75,6.927100658416748
1993-09-03,30000,16.625,16.875,16.875,16.5,6.978794574737549
1993-09-02,17900,16.875,16.5,16.875,16.5,6.8237080574035645
1993-09-01,37800,16.875,16.625,16.875,16.625,6.875405788421631
1993-08-31,51900,16.75,16.875,16.875,16.75,6.978794574737549
1993-08-30,25400,17.125,16.75,17.125,16.625,6.927100658416748
1993-08-27,19300,17.0,17.125,17.25,17.0,7.08218240737915
1993-08-26,20200,17.0,17.125,17.125,17.0,7.08218240737915
1993-08-25,28400,17.25,17.0,17.375,17.0,7.030487537384033
1993-08-24,27400,16.875,17.25,17.25,16.875,7.133878231048584
1993-08-23,4600,16.875,17.0,17.0,16.875,7.030487537384033
1993-08-20,37200,17.0,16.875,17.0,16.875,6.978794574737549
1993-08-19,65900,16.875,16.875,17.0,16.875,6.978794574737549
1993-08-18,79600,17.125,16.875,17.125,16.875,6.978794574737549
1993-08-17,131700,16.625,16.875,17.125,16.625,6.978794574737549
1993-08-16,18300,16.375,16.5,16.5,16.375,6.8237080574035645
1993-08-13,14200,16.625,16.375,16.625,16.375,6.772014141082764
1993-08-12,28800,16.5,16.625,16.625,16.5,6.875405788421631
1993-08-11,12000,16.625,16.625,16.875,16.5,6.875405788421631
1993-08-10,42100,16.5,16.625,16.875,16.5,6.875405788421631
1993-08-09,8400,16.625,16.625,16.75,16.625,6.794762134552002
1993-08-06,9000,16.875,16.75,16.875,16.75,6.8458476066589355
1993-08-05,14500,16.75,16.75,17.0,16.75,6.8458476066589355
1993-08-04,23800,16.875,17.0,17.0,16.875,6.948028087615967
1993-08-03,45900,16.875,17.0,17.0,16.625,6.948028087615967
1993-08-02,5700,16.875,16.875,16.875,16.75,6.896937847137451
1993-07-30,11400,16.75,16.875,16.875,16.75,6.896937847137451
1993-07-29,19100,16.875,16.625,16.875,16.625,6.794762134552002
1993-07-28,19600,16.875,16.875,17.0,16.75,6.896937847137451
1993-07-27,17300,16.875,17.0,17.0,16.875,6.948028087615967
1993-07-26,41300,16.5,16.75,16.875,16.5,6.8458476066589355
1993-07-23,22600,16.5,16.375,16.5,16.25,6.692584991455078
1993-07-22,13700,16.375,16.375,16.5,16.25,6.692584991455078
1993-07-21,14700,16.375,16.375,16.5,16.25,6.692584991455078
1993-07-20,35100,16.625,16.375,16.625,16.125,6.692584991455078
1993-07-19,15000,17.125,16.75,17.125,16.625,6.8458476066589355
1993-07-16,6300,17.0,17.125,17.125,17.0,6.999114990234375
1993-07-15,16400,17.125,17.0,17.125,17.0,6.948028087615967
1993-07-14,13100,17.125,17.25,17.25,17.125,7.050203800201416
1993-07-13,13100,17.25,17.125,17.25,17.125,6.999114990234375
1993-07-12,15400,17.125,17.25,17.375,17.125,7.050203800201416
1993-07-09,11000,17.25,17.25,17.25,17.125,7.050203800201416
1993-07-08,30900,17.375,17.25,17.375,17.25,7.050203800201416
1993-07-07,98400,17.125,17.375,17.375,17.0,7.101288318634033
1993-07-06,22800,17.125,17.125,17.125,17.125,6.999114990234375
1993-07-02,40800,17.125,16.875,17.125,16.875,6.896937847137451
1993-07-01,19600,17.0,17.0,17.125,17.0,6.948028087615967
1993-06-30,11200,17.25,17.125,17.25,17.125,6.999114990234375
1993-06-29,8100,17.125,17.25,17.25,17.125,7.050203800201416
1993-06-28,15700,17.125,17.25,17.25,17.0,7.050203800201416
1993-06-25,49300,17.0,17.0,17.125,16.875,6.948028087615967
1993-06-24,17300,17.125,17.0,17.125,17.0,6.948028087615967
1993-06-23,14600,17.25,17.125,17.25,17.0,6.999114990234375
1993-06-22,14300,17.125,17.25,17.25,17.125,7.050203800201416
1993-06-21,15500,17.25,17.125,17.375,17.125,6.999114990234375
1993-06-18,57900,17.25,17.125,17.375,17.0,6.999114990234375
1993-06-17,22000,17.5,17.375,17.625,17.25,7.101288318634033
1993-06-16,6300,17.5,17.625,17.625,17.5,7.203470706939697
1993-06-15,25600,17.375,17.75,17.75,17.375,7.254556655883789
1993-06-14,16200,17.25,17.375,17.375,17.125,7.101288318634033
1993-06-11,69300,17.25,17.25,17.375,16.75,7.050203800201416
1993-06-10,27300,17.5,17.25,17.5,17.25,7.050203800201416
1993-06-09,9000,17.625,17.625,17.75,17.625,7.203470706939697
1993-06-08,26700,17.875,17.625,18.0,17.625,7.203470706939697
1993-06-07,14900,17.875,17.875,18.125,17.875,7.30564546585083
1993-06-04,20600,17.75,17.875,17.875,17.75,7.30564546585083
1993-06-03,15600,17.75,17.75,17.875,17.75,7.254556655883789
1993-06-02,34000,17.75,17.75,17.875,17.75,7.254556655883789
1993-06-01,34800,17.875,18.0,18.0,17.75,7.356736660003662
1993-05-28,24000,18.25,18.0,18.25,17.875,7.356736660003662
1993-05-27,35400,18.25,18.375,18.375,18.125,7.509999752044678
1993-05-26,18800,18.125,18.25,18.25,18.125,7.458911895751953
1993-05-25,14700,18.25,18.125,18.25,18.125,7.407819747924805
1993-05-24,21400,18.0,18.125,18.25,18.0,7.407819747924805
1993-05-21,21000,17.875,17.875,17.875,17.75,7.30564546585083
1993-05-20,18200,17.875,17.75,18.0,17.75,7.254556655883789
1993-05-19,22800,18.0,18.0,18.0,17.75,7.356736660003662
1993-05-18,34000,18.125,18.0,18.25,18.0,7.356736660003662
1993-05-17,14200,18.0,18.0,18.125,17.875,7.356736660003662
1993-05-14,55100,18.0,18.0,18.25,18.0,7.356736660003662
1993-05-13,47200,18.0,18.0,18.125,17.875,7.356736660003662
1993-05-12,9900,18.0,18.0,18.0,17.875,7.356736660003662
1993-05-11,19600,18.0,18.0,18.0,17.75,7.356736660003662
1993-05-10,29300,17.875,17.875,17.875,17.75,7.30564546585083
1993-05-07,25400,17.875,17.875,18.0,17.75,7.234123706817627
1993-05-06,36700,18.25,18.0,18.25,17.875,7.284709930419922
1993-05-05,66600,17.875,18.375,18.5,17.75,7.436473369598389
1993-05-04,5500,17.625,17.75,17.75,17.625,7.183533191680908
1993-05-03,9000,17.75,17.625,17.875,17.625,7.132946491241455
1993-04-30,18200,17.75,17.875,17.875,17.625,7.234123706817627
1993-04-29,38500,17.75,17.75,17.75,17.625,7.183533191680908
1993-04-28,17700,17.75,17.75,17.875,17.5,7.183533191680908
1993-04-27,31600,17.5,17.5,17.625,17.125,7.082358360290527
1993-04-26,13900,17.5,17.5,17.625,17.5,7.082358360290527
1993-04-23,11200,17.75,17.625,17.875,17.625,7.132946491241455
1993-04-22,40900,17.5,17.875,18.0,17.5,7.234123706817627
1993-04-21,22300,17.5,17.5,17.5,17.375,7.082358360290527
1993-04-20,14900,17.5,17.5,17.625,17.5,7.082358360290527
1993-04-19,28100,17.75,17.625,17.75,17.5,7.132946491241455
1993-04-16,13900,17.5,17.625,17.75,17.5,7.132946491241455
1993-04-15,12300,18.0,17.625,18.0,17.5,7.132946491241455
1993-04-14,25800,17.75,17.875,18.0,17.75,7.234123706817627
1993-04-13,32600,17.375,18.0,18.0,17.375,7.284709930419922
1993-04-12,27900,17.75,17.625,17.75,17.625,7.132946491241455
1993-04-08,34200,17.5,17.75,17.75,17.5,7.183533191680908
1993-04-07,24600,17.5,17.5,17.5,17.125,7.082358360290527
1993-04-06,20500,17.5,17.5,17.625,17.375,7.082358360290527
1993-04-05,49500,17.625,17.5,17.625,17.25,7.082358360290527
1993-04-02,18600,17.875,17.75,17.875,17.75,7.183533191680908
1993-04-01,29700,17.625,17.75,17.875,17.5,7.183533191680908
1993-03-31,17700,17.5,17.625,17.625,17.375,7.132946491241455
1993-03-30,17100,17.625,17.625,17.625,17.375,7.132946491241455
1993-03-29,21400,17.75,17.75,17.75,17.625,7.183533191680908
1993-03-26,35900,17.5,17.5,17.875,17.5,7.082358360290527
1993-03-25,21600,17.125,17.5,17.625,17.125,7.082358360290527
1993-03-24,45900,17.375,17.25,17.375,17.125,6.9811811447143555
1993-03-23,18700,17.375,17.375,17.5,17.0,7.03176736831665
1993-03-22,44900,17.75,17.5,17.875,17.25,7.082358360290527
1993-03-19,54400,17.875,17.625,17.875,17.375,7.132946491241455
1993-03-18,71700,17.125,17.75,17.875,17.125,7.183533191680908
1993-03-17,127700,17.5,17.0,17.625,16.875,6.8800048828125
1993-03-16,195100,16.0,17.5,17.875,15.875,7.082358360290527
1993-03-15,15400,15.75,16.0,16.0,15.625,6.475299835205078
1993-03-12,15000,16.0,15.625,16.0,15.5,6.323533535003662
1993-03-11,24200,16.125,16.125,16.25,16.0,6.525887966156006
1993-03-10,45500,16.0,16.25,16.25,16.0,6.576472282409668
1993-03-09,61900,15.625,16.0,16.0,15.625,6.475299835205078
1993-03-08,43500,15.625,15.625,15.625,15.5,6.323533535003662
1993-03-05,13600,15.375,15.5,15.5,15.375,6.272944927215576
1993-03-04,76800,15.375,15.5,15.5,15.25,6.272944927215576
1993-03-03,44400,15.5,15.375,15.5,15.25,6.222357749938965
1993-03-02,42000,15.5,15.375,15.5,15.125,6.222357749938965
1993-03-01,68800,15.625,15.5,15.75,15.5,6.272944927215576
1993-02-26,64100,15.625,15.625,15.625,15.5,6.323533535003662
1993-02-25,101600,15.5,15.625,15.625,15.375,6.323533535003662
1993-02-24,29100,15.25,15.5,15.5,15.0,6.272944927215576
1993-02-23,44000,15.375,15.125,15.375,15.0,6.121178150177002
1993-02-22,53600,15.375,15.5,15.625,15.25,6.272944927215576
1993-02-19,46700,15.125,15.5,15.5,15.125,6.272944927215576
1993-02-18,48800,14.625,15.0,15.125,14.625,6.070588111877441
1993-02-17,66500,14.125,14.625,14.75,14.125,5.918826103210449
1993-02-16,9100,14.125,14.0,14.25,14.0,5.665885925292969
1993-02-12,5200,14.25,14.125,14.25,14.125,5.7164740562438965
1993-02-11,24500,14.125,14.25,14.375,14.0,5.767060279846191
1993-02-10,13200,14.125,14.125,14.25,14.125,5.7164740562438965
1993-02-09,28500,14.125,14.125,14.25,14.125,5.7164740562438965
1993-02-08,21500,14.25,14.25,14.375,14.125,5.696238040924072
1993-02-05,16200,14.375,14.25,14.375,14.25,5.696238040924072
1993-02-04,21700,14.25,14.375,14.375,14.25,5.746206283569336
1993-02-03,11500,14.25,14.25,14.375,14.25,5.696238040924072
1993-02-02,5500,14.125,14.25,14.25,14.125,5.696238040924072
1993-02-01,40100,14.125,14.125,14.25,14.0,5.646271228790283
1993-01-29,14700,14.25,14.25,14.375,14.125,5.696238040924072
1993-01-28,22900,14.25,14.25,14.25,14.25,5.696238040924072
1993-01-27,10600,14.25,14.375,14.375,14.25,5.746206283569336
1993-01-26,31100,14.0,14.25,14.25,14.0,5.696238040924072
1993-01-25,5000,14.125,14.125,14.25,14.125,5.646271228790283
1993-01-22,22400,13.875,14.125,14.125,13.875,5.646271228790283
1993-01-21,8700,14.25,14.125,14.25,14.125,5.646271228790283
1993-01-20,25900,14.25,14.375,14.375,14.125,5.746206283569336
1993-01-19,26700,14.0,14.25,14.25,14.0,5.696238040924072
1993-01-18,24000,14.125,14.25,14.25,14.0,5.696238040924072
1993-01-15,23400,14.0,14.125,14.125,13.75,5.646271228790283
1993-01-14,6900,13.875,14.0,14.0,13.875,5.596304893493652
1993-01-13,20700,13.625,14.0,14.0,13.625,5.596304893493652
1993-01-12,10100,13.5,13.625,13.75,13.5,5.446403980255127
1993-01-11,15000,13.375,13.5,13.625,13.375,5.3964385986328125
1993-01-08,9700,13.625,13.375,13.625,13.375,5.346471309661865
1993-01-07,11200,13.875,13.75,13.875,13.75,5.4963698387146
1993-01-06,22300,13.75,13.75,14.0,13.75,5.4963698387146
1993-01-05,34800,13.625,13.75,13.75,13.625,5.4963698387146
1993-01-04,24600,13.75,13.75,13.75,13.625,5.4963698387146
1992-12-31,15600,13.75,13.75,13.875,13.625,5.4963698387146
1992-12-30,18700,13.875,13.75,13.875,13.75,5.4963698387146
1992-12-29,36300,13.875,13.875,14.0,13.875,5.546335697174072
1992-12-28,10000,13.875,13.875,14.0,13.875,5.546335697174072
1992-12-24,8400,14.0,14.0,14.0,13.875,5.596304893493652
1992-12-23,18700,14.0,14.125,14.125,14.0,5.646271228790283
1992-12-22,34900,13.75,14.0,14.0,13.75,5.596304893493652
1992-12-21,22600,13.625,13.75,13.875,13.625,5.4963698387146
1992-12-18,27100,13.625,13.375,13.625,13.375,5.346471309661865
1992-12-17,11500,13.625,13.625,13.75,13.625,5.446403980255127
1992-12-16,8600,13.625,13.625,13.75,13.625,5.446403980255127
1992-12-15,8800,13.625,13.625,13.75,13.625,5.446403980255127
1992-12-14,13800,13.625,13.75,13.75,13.625,5.4963698387146
1992-12-11,15900,13.625,13.625,13.875,13.625,5.446403980255127
1992-12-10,53800,13.5,13.75,13.75,13.375,5.4963698387146
1992-12-09,4400,13.5,13.5,13.5,13.375,5.3964385986328125
1992-12-08,75200,13.625,13.5,13.625,13.375,5.3964385986328125
1992-12-07,38800,13.5,13.625,13.625,13.5,5.446403980255127
1992-12-04,15000,14.0,13.5,14.0,13.5,5.3964385986328125
1992-12-03,47900,14.125,14.0,14.25,13.875,5.596304893493652
1992-12-02,21300,14.0,14.0,14.0,13.75,5.596304893493652
1992-12-01,32900,14.25,13.875,14.25,13.875,5.546335697174072
1992-11-30,24500,14.0,14.25,14.25,14.0,5.696238040924072
1992-11-27,2100,14.0,14.0,14.0,14.0,5.596304893493652
1992-11-25,21800,13.875,14.125,14.125,13.875,5.646271228790283
1992-11-24,48100,13.75,14.0,14.0,13.625,5.596304893493652
1992-11-23,106100,13.875,13.75,13.875,13.5,5.4963698387146
1992-11-20,52600,13.625,13.75,13.75,13.375,5.4963698387146
1992-11-19,14600,13.375,13.5,13.625,13.375,5.3964385986328125
1992-11-18,17200,13.125,13.5,13.5,13.0,5.3964385986328125
1992-11-17,18600,12.875,13.0,13.0,12.875,5.196568489074707
1992-11-16,62500,12.875,13.0,13.0,12.875,5.196568489074707
1992-11-13,27300,13.125,12.875,13.125,12.875,5.146602153778076
1992-11-12,14000,12.875,13.125,13.125,12.875,5.24653434753418
1992-11-11,8100,12.875,12.875,13.0,12.875,5.146602153778076
1992-11-10,13900,13.0,13.0,13.0,12.875,5.196568489074707
1992-11-09,14400,12.875,12.875,13.0,12.875,5.146602153778076
1992-11-06,16100,13.125,12.875,13.25,12.875,5.146602153778076
1992-11-05,10900,13.125,13.25,13.375,13.125,5.2265496253967285
1992-11-04,3900,13.125,13.25,13.25,13.125,5.2265496253967285
1992-11-03,12800,13.125,13.25,13.25,13.125,5.2265496253967285
1992-11-02,10300,13.125,13.125,13.25,13.125,5.17724084854126
1992-10-30,13700,13.125,13.25,13.25,13.125,5.2265496253967285
1992-10-29,43900,13.25,13.5,13.5,13.25,5.325164794921875
1992-10-28,22000,13.25,13.375,13.375,13.25,5.275856971740723
1992-10-27,18500,13.5,13.25,13.5,13.25,5.2265496253967285
1992-10-26,11300,13.375,13.625,13.625,13.375,5.374469757080078
1992-10-23,10300,13.5,13.5,13.625,13.5,5.325164794921875
1992-10-22,10800,13.625,13.625,13.75,13.5,5.374469757080078
1992-10-21,8100,13.875,13.625,13.875,13.625,5.374469757080078
1992-10-20,11300,14.0,13.875,14.0,13.875,5.473080635070801
1992-10-19,13200,13.875,13.875,13.875,13.75,5.473080635070801
1992-10-16,9400,14.0,14.0,14.0,13.875,5.5223917961120605
1992-10-15,16300,14.125,14.125,14.25,13.875,5.571697235107422
1992-10-14,21300,14.375,14.125,14.375,14.125,5.571697235107422
1992-10-13,7300,14.25,14.25,14.375,14.125,5.621005058288574
1992-10-12,11800,14.25,14.25,14.375,14.25,5.621005058288574
1992-10-09,14300,14.375,14.375,14.375,14.25,5.670311450958252
1992-10-08,19000,14.25,14.25,14.375,14.25,5.621005058288574
1992-10-07,11000,14.125,14.125,14.25,14.0,5.571697235107422
1992-10-06,16100,13.875,14.125,14.125,13.75,5.571697235107422
1992-10-05,17600,13.75,13.75,13.75,13.625,5.423779010772705
1992-10-02,35900,14.5,13.875,14.5,13.75,5.473080635070801
1992-10-01,7800,14.75,14.5,14.75,14.5,5.7196173667907715
1992-09-30,15800,14.5,14.75,14.75,14.375,5.818232536315918
1992-09-29,5900,14.5,14.625,14.625,14.5,5.768927097320557
1992-09-28,18000,14.375,14.625,14.625,14.375,5.768927097320557
1992-09-25,20800,14.5,14.5,14.5,14.375,5.7196173667907715
1992-09-24,11500,14.375,14.5,14.625,14.375,5.7196173667907715
1992-09-23,6800,14.5,14.375,14.625,14.375,5.670311450958252
1992-09-22,3500,14.375,14.5,14.5,14.375,5.7196173667907715
1992-09-21,17800,14.375,14.5,14.5,14.25,5.7196173667907715
1992-09-18,46100,14.625,14.25,14.625,14.25,5.621005058288574
1992-09-17,13400,14.5,14.5,14.625,14.5,5.7196173667907715
1992-09-16,20900,14.625,14.5,14.625,14.5,5.7196173667907715
1992-09-15,23300,15.0,14.75,15.0,14.75,5.818232536315918
1992-09-14,18300,15.125,15.0,15.125,15.0,5.916845798492432
1992-09-11,14700,15.25,15.0,15.25,15.0,5.916845798492432
1992-09-10,42700,15.375,15.375,15.375,15.125,6.064767360687256
1992-09-09,61300,14.625,15.375,15.375,14.625,6.064767360687256
1992-09-08,24200,14.625,14.625,14.75,14.5,5.768927097320557
1992-09-04,8100,14.625,14.5,14.75,14.5,5.7196173667907715
1992-09-03,54800,14.625,14.625,14.875,14.625,5.768927097320557
1992-09-02,16700,14.625,14.625,14.625,14.375,5.768927097320557
1992-09-01,35600,14.25,14.5,14.5,14.25,5.7196173667907715
1992-08-31,18600,14.125,14.375,14.375,14.125,5.670311450958252
1992-08-28,39500,13.875,14.125,14.25,13.875,5.571697235107422
1992-08-27,19900,13.5,13.75,13.875,13.5,5.423779010772705
1992-08-26,10500,13.625,13.5,13.75,13.5,5.325164794921875
1992-08-25,9300,13.75,13.625,13.75,13.625,5.374469757080078
1992-08-24,24100,13.875,13.75,13.875,13.625,5.423779010772705
1992-08-21,24600,13.875,13.75,14.0,13.625,5.423779010772705
1992-08-20,15100,14.125,13.875,14.125,13.875,5.473080635070801
1992-08-19,16600,14.0,14.125,14.125,14.0,5.571697235107422
1992-08-18,17500,13.875,14.125,14.125,13.875,5.571697235107422
1992-08-17,22300,14.0,14.0,14.0,13.875,5.5223917961120605
1992-08-14,18000,14.0,14.0,14.0,13.875,5.5223917961120605
1992-08-13,6900,14.0,13.875,14.0,13.875,5.473080635070801
1992-08-12,26900,13.75,13.875,14.0,13.75,5.473080635070801
1992-08-11,5200,13.875,13.75,13.875,13.75,5.423779010772705
1992-08-10,3300,13.75,13.75,13.875,13.75,5.423779010772705
1992-08-07,11400,14.0,14.125,14.125,13.875,5.5026679039001465
1992-08-06,15600,13.875,14.0,14.0,13.875,5.453972339630127
1992-08-05,18800,14.0,13.875,14.125,13.875,5.405274391174316
1992-08-04,19700,13.875,14.0,14.0,13.875,5.453972339630127
1992-08-03,20300,14.125,14.0,14.125,13.875,5.453972339630127
1992-07-31,10500,13.875,13.75,13.875,13.75,5.356579303741455
1992-07-30,22000,14.0,13.875,14.0,13.875,5.405274391174316
1992-07-29,12100,13.875,14.125,14.125,13.875,5.5026679039001465
1992-07-28,27500,13.75,14.0,14.0,13.75,5.453972339630127
1992-07-27,32000,13.875,13.75,13.875,13.625,5.356579303741455
1992-07-24,11600,13.875,13.875,14.0,13.875,5.405274391174316
1992-07-23,15300,14.0,14.0,14.0,13.875,5.453972339630127
1992-07-22,19600,14.0,14.0,14.0,13.875,5.453972339630127
1992-07-21,9800,14.0,14.0,14.125,13.875,5.453972339630127
1992-07-20,14500,14.5,14.125,14.5,14.0,5.5026679039001465
1992-07-17,15300,14.5,14.375,14.5,14.375,5.600062370300293
1992-07-16,16000,14.5,14.5,14.5,14.5,5.648757457733154
1992-07-15,14100,14.625,14.5,14.75,14.5,5.648757457733154
1992-07-14,16000,14.75,14.5,14.75,14.5,5.648757457733154
1992-07-13,12500,14.625,14.625,14.75,14.625,5.697451114654541
1992-07-10,13200,14.5,14.625,14.75,14.5,5.697451114654541
1992-07-09,12500,14.375,14.625,14.625,14.375,5.697451114654541
1992-07-08,21000,14.5,14.5,14.5,14.25,5.648757457733154
1992-07-07,22600,14.625,14.625,14.75,14.5,5.697451114654541
1992-07-06,24200,14.375,14.5,14.5,14.375,5.648757457733154
1992-07-02,26200,14.25,14.375,14.375,14.25,5.600062370300293
1992-07-01,14400,14.375,14.25,14.375,14.25,5.551364421844482
1992-06-30,26500,14.5,14.375,14.625,14.375,5.600062370300293
1992-06-29,26900,14.25,14.5,14.625,14.25,5.648757457733154
1992-06-26,15600,14.25,14.25,14.25,14.25,5.551364421844482
1992-06-25,13500,14.125,14.25,14.25,14.125,5.551364421844482
1992-06-24,27800,14.0,14.125,14.25,14.0,5.5026679039001465
1992-06-23,11600,14.0,14.0,14.0,13.875,5.453972339630127
1992-06-22,32100,13.875,13.875,14.0,13.875,5.405274391174316
1992-06-19,35500,14.0,13.875,14.0,13.75,5.405274391174316
1992-06-18,28500,14.0,13.875,14.125,13.875,5.405274391174316
1992-06-17,24700,14.25,14.125,14.375,14.125,5.5026679039001465
1992-06-16,46800,14.0,14.125,14.25,14.0,5.5026679039001465
1992-06-15,20400,14.125,14.0,14.125,14.0,5.453972339630127
1992-06-12,17500,13.875,14.125,14.125,13.875,5.5026679039001465
1992-06-11,27300,13.875,13.875,14.0,13.75,5.405274391174316
1992-06-10,30400,13.625,13.75,13.75,13.625,5.356579303741455
1992-06-09,5400,13.75,13.625,13.75,13.625,5.3078837394714355
1992-06-08,27700,13.75,13.875,13.875,13.75,5.405274391174316
1992-06-05,29300,13.625,13.875,13.875,13.625,5.405274391174316
1992-06-04,26700,13.75,13.75,13.75,13.625,5.356579303741455
1992-06-03,15500,13.75,13.75,13.875,13.625,5.356579303741455
1992-06-02,35800,13.75,13.875,13.875,13.625,5.405274391174316
1992-06-01,25100,13.875,13.75,13.875,13.75,5.356579303741455
1992-05-29,82300,13.5,13.75,13.875,13.375,5.356579303741455
1992-05-28,42400,13.125,13.375,13.375,13.125,5.21049165725708
1992-05-27,10500,13.0,13.125,13.125,13.0,5.113099098205566
1992-05-26,5900,13.0,13.125,13.125,13.0,5.113099098205566
1992-05-22,16600,13.0,13.125,13.125,13.0,5.113099098205566
1992-05-21,24000,12.875,13.0,13.125,12.875,5.064402103424072
1992-05-20,8000,12.875,12.875,12.875,12.75,5.015707492828369
1992-05-19,14300,12.75,12.875,12.875,12.75,5.015707492828369
1992-05-18,13600,12.75,12.625,12.75,12.625,4.918313980102539
1992-05-15,14100,12.875,12.625,12.875,12.625,4.918313980102539
1992-05-14,24100,12.75,12.75,12.875,12.75,4.967007160186768
1992-05-13,12200,12.875,12.75,12.875,12.75,4.967007160186768
1992-05-12,22100,13.0,12.875,13.0,12.875,5.015707492828369
1992-05-11,28900,12.875,12.875,13.0,12.875,5.015707492828369
1992-05-08,16900,13.0,12.875,13.125,12.875,4.94753360748291
1992-05-07,16300,13.0,13.0,13.125,13.0,4.995565891265869
1992-05-06,10700,13.125,13.0,13.25,13.0,4.995565891265869
1992-05-05,13800,13.125,13.125,13.25,13.125,5.043601036071777
1992-05-04,16900,13.0,13.25,13.25,13.0,5.091630458831787
1992-05-01,23200,13.125,13.125,13.25,13.125,5.043601036071777
1992-04-30,44500,13.0,13.125,13.25,13.0,5.043601036071777
1992-04-29,36200,13.0,13.125,13.125,13.0,5.043601036071777
1992-04-28,5500,13.0,13.0,13.125,13.0,4.995565891265869
1992-04-27,26200,13.125,13.125,13.125,13.0,5.043601036071777
1992-04-24,17800,13.0,13.0,13.125,13.0,4.995565891265869
1992-04-23,6700,13.0,13.125,13.125,13.0,5.043601036071777
1992-04-22,6600,13.0,13.125,13.125,13.0,5.043601036071777
1992-04-21,35000,13.0,13.125,13.25,13.0,5.043601036071777
1992-04-20,27400,13.25,13.125,13.25,13.125,5.043601036071777
1992-04-16,17700,13.375,13.25,13.375,13.125,5.091630458831787
1992-04-15,13000,13.25,13.25,13.375,13.125,5.091630458831787
1992-04-14,8800,13.125,13.25,13.25,13.125,5.091630458831787
1992-04-13,47100,13.125,13.125,13.25,13.0,5.043601036071777
1992-04-10,17600,13.125,13.125,13.125,13.0,5.043601036071777
1992-04-09,31100,13.125,13.125,13.25,13.125,5.043601036071777
1992-04-08,10900,13.125,13.25,13.25,13.125,5.091630458831787
1992-04-07,10600,13.25,13.125,13.375,13.125,5.043601036071777
1992-04-06,9600,13.125,13.125,13.25,13.125,5.043601036071777
1992-04-03,30300,13.25,13.25,13.375,13.125,5.091630458831787
1992-04-02,12200,13.25,13.125,13.375,13.125,5.043601036071777
1992-04-01,33400,13.375,13.375,13.375,13.0,5.1396708488464355
1992-03-31,31500,13.375,13.25,13.375,13.25,5.091630458831787
1992-03-30,13900,13.375,13.125,13.375,13.125,5.043601036071777
1992-03-27,30500,13.375,13.125,13.375,13.125,5.043601036071777
1992-03-26,29000,13.375,13.25,13.5,13.25,5.091630458831787
1992-03-25,33600,13.0,13.125,13.375,13.0,5.043601036071777
1992-03-24,70000,12.375,12.875,13.0,12.375,4.94753360748291
1992-03-23,27300,12.625,12.5,12.625,12.375,4.803431987762451
1992-03-20,65600,12.5,12.5,12.5,12.375,4.803431987762451
1992-03-19,9700,12.375,12.5,12.5,12.375,4.803431987762451
1992-03-18,16800,12.5,12.375,12.5,12.375,4.7553935050964355
1992-03-17,13800,12.375,12.375,12.5,12.375,4.7553935050964355
1992-03-16,18800,12.5,12.375,12.625,12.375,4.7553935050964355
1992-03-13,21800,12.5,12.5,12.5,12.375,4.803431987762451
1992-03-12,19100,12.375,12.5,12.5,12.25,4.803431987762451
1992-03-11,9700,12.375,12.25,12.375,12.25,4.70736026763916
1992-03-10,26600,12.125,12.375,12.375,12.125,4.7553935050964355
1992-03-09,12300,12.125,12.25,12.25,12.125,4.70736026763916
1992-03-06,39200,12.125,12.125,12.25,12.125,4.6593241691589355
1992-03-05,47300,12.25,12.125,12.25,12.125,4.6593241691589355
1992-03-04,26700,12.125,12.25,12.375,12.125,4.70736026763916
1992-03-03,22800,12.0,12.125,12.25,12.0,4.6593241691589355
1992-03-02,20600,12.0,12.0,12.125,11.875,4.611291885375977
1992-02-28,31800,12.0,11.875,12.0,11.875,4.563254356384277
1992-02-27,12400,11.875,12.0,12.0,11.875,4.611291885375977
1992-02-26,52500,11.75,11.875,11.875,11.75,4.563254356384277
1992-02-25,41400,11.75,11.75,11.875,11.625,4.515223026275635
1992-02-24,39800,11.75,11.75,12.0,11.625,4.515223026275635
1992-02-21,27800,11.875,11.875,11.875,11.75,4.563254356384277
1992-02-20,41100,12.0,11.875,12.125,11.75,4.563254356384277
1992-02-19,35200,11.625,12.0,12.0,11.5,4.611291885375977
1992-02-18,88800,11.625,11.5,11.875,11.5,4.419154644012451
1992-02-14,44100,11.75,11.75,11.75,11.625,4.515223026275635
1992-02-13,71200,11.75,11.75,11.875,11.75,4.515223026275635
1992-02-12,29400,11.875,11.875,11.875,11.875,4.563254356384277
1992-02-11,36800,12.0,11.875,12.0,11.75,4.563254356384277
1992-02-10,21500,12.0,12.0,12.0,11.875,4.611291885375977
1992-02-07,126900,12.0,12.0,12.125,12.0,4.54404354095459
1992-02-06,73700,12.125,12.0,12.125,12.0,4.54404354095459
1992-02-05,8200,12.0,12.125,12.125,12.0,4.59137487411499
1992-02-04,15900,12.125,12.0,12.125,12.0,4.54404354095459
1992-02-03,10600,12.125,12.0,12.125,12.0,4.54404354095459
1992-01-31,25200,12.125,12.125,12.125,12.0,4.59137487411499
1992-01-30,33800,11.875,12.125,12.125,11.75,4.59137487411499
1992-01-29,30000,12.0,11.875,12.0,11.75,4.496707916259766
1992-01-28,38400,11.875,11.875,12.0,11.875,4.496707916259766
1992-01-27,60100,12.25,11.875,12.25,11.875,4.496707916259766
1992-01-24,56000,11.875,12.25,12.375,11.875,4.6387128829956055
1992-01-23,41900,11.875,11.875,12.0,11.875,4.496707916259766
1992-01-22,68200,11.75,11.875,12.125,11.75,4.496707916259766
1992-01-21,8300,11.75,11.875,11.875,11.625,4.496707916259766
1992-01-20,27300,11.75,11.75,11.875,11.75,4.449376106262207
1992-01-17,22200,11.75,11.75,11.875,11.625,4.449376106262207
1992-01-16,56600,12.0,11.75,12.0,11.625,4.449376106262207
1992-01-15,28800,11.75,12.0,12.0,11.75,4.54404354095459
1992-01-14,55200,11.625,11.875,11.875,11.5,4.496707916259766
1992-01-13,29000,11.75,11.5,11.75,11.375,4.354707717895508
1992-01-10,79500,11.5,11.5,11.75,11.5,4.354707717895508
1992-01-09,118400,11.5,11.5,11.625,11.375,4.354707717895508
1992-01-08,61200,11.5,11.625,11.625,11.125,4.402040958404541
1992-01-07,170800,11.375,11.625,11.75,11.25,4.402040958404541
1992-01-06,55200,10.75,11.25,11.25,10.75,4.2600417137146
1992-01-03,15500,10.75,10.75,10.875,10.625,4.070706844329834
1992-01-02,26300,10.5,10.75,10.75,10.375,4.070706844329834
1991-12-31,148300,10.75,10.625,10.875,10.125,4.023371696472168
1991-12-30,58800,10.625,10.75,10.875,10.5,4.070706844329834
1991-12-27,31900,10.625,10.625,10.75,10.5,4.023371696472168
1991-12-26,21700,10.5,10.625,10.75,10.375,4.023371696472168
1991-12-24,51200,10.75,10.625,10.75,10.375,4.023371696472168
1991-12-23,48900,10.625,10.625,10.75,10.625,4.023371696472168
1991-12-20,79300,10.75,10.625,10.75,10.5,4.023371696472168
1991-12-19,37000,10.75,10.625,10.875,10.625,4.023371696472168
1991-12-18,20700,10.75,10.75,10.875,10.75,4.070706844329834
1991-12-17,25200,10.75,10.75,10.875,10.75,4.070706844329834
1991-12-16,58800,10.75,10.875,10.875,10.625,4.118037700653076
1991-12-13,43500,10.875,10.75,10.875,10.75,4.070706844329834
1991-12-12,20800,11.0,11.0,11.0,10.875,4.165375232696533
1991-12-11,29500,11.125,11.0,11.25,10.875,4.165375232696533
1991-12-10,34400,11.25,11.125,11.25,11.0,4.212706565856934
1991-12-09,24000,11.375,11.25,11.5,11.25,4.2600417137146
1991-12-06,52500,11.375,11.375,11.5,11.25,4.307374000549316
1991-12-05,31400,11.25,11.375,11.5,11.25,4.307374000549316
1991-12-04,38700,11.375,11.25,11.375,11.25,4.2600417137146
1991-12-03,55200,11.375,11.375,11.5,11.375,4.307374000549316
1991-12-02,24100,11.25,11.375,11.375,11.25,4.307374000549316
1991-11-29,52900,11.25,11.375,11.375,11.125,4.307374000549316
1991-11-27,53600,11.25,11.25,11.25,11.125,4.2600417137146
1991-11-26,29300,11.0,11.25,11.25,11.0,4.2600417137146
1991-11-25,34500,11.0,11.125,11.125,10.75,4.212706565856934
1991-11-22,59800,10.75,10.875,11.0,10.75,4.118037700653076
1991-11-21,33100,11.0,10.75,11.0,10.75,4.070706844329834
1991-11-20,29800,11.0,10.875,11.0,10.875,4.118037700653076
1991-11-19,47800,11.125,11.0,11.125,10.875,4.165375232696533
1991-11-18,39100,11.0,11.125,11.25,10.875,4.212706565856934
1991-11-15,23400,11.25,11.0,11.25,11.0,4.165375232696533
1991-11-14,38200,11.375,11.25,11.375,11.25,4.2600417137146
1991-11-13,14900,11.25,11.375,11.375,11.25,4.307374000549316
1991-11-12,120700,11.375,11.375,11.5,11.25,4.307374000549316
1991-11-11,46600,11.625,11.375,11.625,11.375,4.307374000549316
1991-11-08,34200,11.5,11.5,11.625,11.375,4.354707717895508
1991-11-07,74500,11.5,11.5,11.625,11.375,4.354707717895508
1991-11-06,92900,11.125,11.5,11.5,11.125,4.354707717895508
1991-11-05,94000,11.25,11.25,11.25,11.0,4.2600417137146
1991-11-04,29400,11.0,11.125,11.125,10.875,4.212706565856934
1991-11-01,34600,11.0,11.125,11.125,11.0,4.1464385986328125
1991-10-31,44500,11.125,11.0,11.25,11.0,4.099852561950684
1991-10-30,22000,11.125,11.125,11.25,11.125,4.1464385986328125
1991-10-29,63500,11.0,11.0,11.125,11.0,4.099852561950684
1991-10-28,27600,11.25,11.0,11.25,11.0,4.099852561950684
1991-10-25,20900,11.25,11.25,11.25,11.125,4.193029880523682
1991-10-24,20200,11.125,11.25,11.375,11.125,4.193029880523682
1991-10-23,14200,11.125,11.25,11.25,11.125,4.193029880523682
1991-10-22,35000,11.25,11.125,11.25,11.125,4.1464385986328125
1991-10-21,53900,11.125,11.125,11.125,11.0,4.1464385986328125
1991-10-18,17300,11.0,11.125,11.125,10.875,4.1464385986328125
1991-10-17,26000,11.125,11.0,11.125,10.875,4.099852561950684
1991-10-16,81400,11.0,11.0,11.25,11.0,4.099852561950684
1991-10-15,34100,10.875,11.125,11.125,10.875,4.1464385986328125
1991-10-14,87500,11.125,10.875,11.125,10.875,4.053260326385498
1991-10-11,23900,11.0,11.125,11.125,11.0,4.1464385986328125
1991-10-10,23500,11.125,11.0,11.125,10.875,4.099852561950684
1991-10-09,79500,11.125,11.125,11.25,11.0,4.1464385986328125
1991-10-08,125500,11.125,11.125,11.25,11.125,4.1464385986328125
1991-10-07,19400,11.0,11.25,11.25,11.0,4.193029880523682
1991-10-04,85400,10.75,11.125,11.125,10.625,4.1464385986328125
1991-10-03,32300,10.5,10.75,10.75,10.5,4.006672382354736
1991-10-02,25700,10.25,10.5,10.5,10.25,3.9134933948516846
1991-10-01,63900,10.125,10.25,10.375,10.125,3.820314645767212
1991-09-30,55200,10.0,10.125,10.125,10.0,3.7737252712249756
1991-09-27,43600,10.0,10.0,10.125,10.0,3.727137804031372
1991-09-26,18700,10.0,10.125,10.125,10.0,3.7737252712249756
1991-09-25,25200,10.125,10.0,10.25,10.0,3.727137804031372
1991-09-24,23300,10.125,10.125,10.25,10.0,3.7737252712249756
1991-09-23,43200,10.25,10.0,10.375,10.0,3.727137804031372
1991-09-20,17900,10.25,10.25,10.25,10.125,3.820314645767212
1991-09-19,23300,10.375,10.125,10.375,10.125,3.7737252712249756
1991-09-18,32600,10.375,10.25,10.375,10.125,3.820314645767212
1991-09-17,64300,10.125,10.25,10.5,10.125,3.820314645767212
1991-09-16,71700,10.25,10.25,10.375,10.125,3.820314645767212
1991-09-13,45800,10.25,10.25,10.375,10.125,3.820314645767212
1991-09-12,43100,9.875,10.125,10.125,9.875,3.7737252712249756
1991-09-11,91400,9.625,9.75,9.75,9.5,3.633958339691162
1991-09-10,38100,9.625,9.625,9.625,9.5,3.587371587753296
1991-09-09,22800,9.5,9.625,9.625,9.375,3.587371587753296
1991-09-06,85800,9.5,9.5,9.625,9.375,3.5407791137695312
1991-09-05,32900,9.5,9.5,9.625,9.375,3.5407791137695312
1991-09-04,65600,9.375,9.5,9.625,9.375,3.5407791137695312
1991-09-03,40400,9.625,9.375,9.625,9.375,3.4941909313201904
1991-08-30,29000,9.5,9.625,9.75,9.5,3.587371587753296
1991-08-29,33400,9.5,9.625,9.625,9.375,3.587371587753296
1991-08-28,40000,9.375,9.5,9.625,9.375,3.5407791137695312
1991-08-27,90100,9.125,9.375,9.375,9.0,3.4941909313201904
1991-08-26,109500,9.625,9.0,9.625,9.0,3.3544225692749023
1991-08-23,93800,10.0,9.625,10.125,9.5,3.587371587753296
1991-08-22,71400,10.25,10.125,10.25,10.0,3.7737252712249756
1991-08-21,72700,10.125,10.25,10.375,10.125,3.820314645767212
1991-08-20,59100,10.25,10.125,10.25,10.125,3.7737252712249756
1991-08-19,55000,10.25,10.125,10.25,10.125,3.7737252712249756
1991-08-16,66800,10.25,10.375,10.375,10.125,3.866905689239502
1991-08-15,108300,10.375,10.375,10.5,10.25,3.866905689239502
1991-08-14,245100,10.75,10.5,10.75,10.25,3.9134933948516846
1991-08-13,20600,10.75,10.875,10.875,10.625,4.053260326385498
1991-08-12,194400,11.0,10.75,11.125,10.75,4.006672382354736
1991-08-09,59800,11.125,11.125,11.25,11.125,4.1464385986328125
1991-08-08,18000,11.25,11.125,11.25,11.0,4.1464385986328125
1991-08-07,36100,11.25,11.125,11.25,11.125,4.1464385986328125
1991-08-06,20600,11.25,11.25,11.375,11.25,4.193029880523682
1991-08-05,37400,11.25,11.25,11.375,11.25,4.193029880523682
1991-08-02,22200,11.375,11.5,11.5,11.375,4.220982551574707
1991-08-01,22900,11.25,11.375,11.5,11.25,4.175102710723877
1991-07-31,80500,11.375,11.375,11.5,11.25,4.175102710723877
1991-07-30,44500,11.375,11.5,11.5,11.375,4.220982551574707
1991-07-29,18300,11.375,11.375,11.5,11.375,4.175102710723877
1991-07-26,17400,11.375,11.375,11.5,11.375,4.175102710723877
1991-07-25,47100,11.5,11.375,11.5,11.375,4.175102710723877
1991-07-24,24500,11.375,11.5,11.625,11.375,4.220982551574707
1991-07-23,59600,11.5,11.5,11.5,11.375,4.220982551574707
1991-07-22,25800,11.375,11.375,11.5,11.375,4.175102710723877
1991-07-19,65100,11.5,11.375,11.625,11.25,4.175102710723877
1991-07-18,55400,11.25,11.5,11.5,11.25,4.220982551574707
1991-07-17,57500,11.375,11.25,11.375,11.25,4.129223346710205
1991-07-16,45000,11.5,11.25,11.5,11.25,4.129223346710205
1991-07-15,66600,11.125,11.625,11.625,11.125,4.266861438751221
1991-07-12,105600,11.25,11.25,11.375,11.125,4.129223346710205
1991-07-11,36600,11.25,11.25,11.25,11.125,4.129223346710205
1991-07-10,102500,11.375,11.125,11.375,11.125,4.083341598510742
1991-07-09,228600,11.375,11.25,11.375,11.25,4.129223346710205
1991-07-08,28900,11.375,11.375,11.375,11.25,4.175102710723877
1991-07-05,15300,11.375,11.375,11.5,11.375,4.175102710723877
1991-07-03,39300,11.375,11.375,11.5,11.25,4.175102710723877
1991-07-02,16700,11.375,11.375,11.5,11.375,4.175102710723877
1991-07-01,36100,11.5,11.5,11.625,11.375,4.220982551574707
1991-06-28,58100,11.5,11.5,11.5,11.5,4.220982551574707
1991-06-27,131000,11.625,11.25,11.625,11.25,4.129223346710205
1991-06-26,55400,11.75,11.625,11.75,11.5,4.266861438751221
1991-06-25,27800,11.625,11.625,11.75,11.625,4.266861438751221
1991-06-24,36800,11.75,11.75,11.75,11.625,4.312742710113525
1991-06-21,45200,12.0,11.625,12.0,11.625,4.266861438751221
1991-06-20,20700,11.875,11.875,12.0,11.875,4.358621597290039
1991-06-19,81300,12.0,12.0,12.0,11.875,4.404502868652344
1991-06-18,190000,11.875,11.875,12.125,11.875,4.358621597290039
1991-06-17,30300,11.75,12.0,12.0,11.625,4.404502868652344
1991-06-14,713500,11.5,11.75,11.75,11.5,4.312742710113525
1991-06-13,17100,11.625,11.5,11.625,11.5,4.220982551574707
1991-06-12,53700,11.5,11.5,11.625,11.5,4.220982551574707
1991-06-11,37600,11.5,11.5,11.75,11.5,4.220982551574707
1991-06-10,16400,11.625,11.5,11.625,11.5,4.220982551574707
1991-06-07,14100,11.75,11.625,11.75,11.5,4.266861438751221
1991-06-06,32200,11.75,11.625,11.75,11.625,4.266861438751221
1991-06-05,161700,11.75,11.75,11.875,11.625,4.312742710113525
1991-06-04,23300,11.625,11.625,11.75,11.5,4.266861438751221
1991-06-03,68200,11.5,11.625,11.625,11.5,4.266861438751221
1991-05-31,68500,11.625,11.5,11.75,11.375,4.220982551574707
1991-05-30,45600,11.625,11.625,11.75,11.5,4.266861438751221
1991-05-29,26400,11.75,11.625,11.75,11.625,4.266861438751221
1991-05-28,60100,11.75,11.625,11.875,11.625,4.266861438751221
1991-05-24,47500,11.75,11.875,11.875,11.625,4.358621597290039
1991-05-23,39300,12.0,11.75,12.0,11.75,4.312742710113525
1991-05-22,35200,12.0,12.0,12.0,11.875,4.404502868652344
1991-05-21,51200,12.125,12.0,12.25,11.875,4.404502868652344
1991-05-20,45400,12.125,12.125,12.375,12.125,4.450382232666016
1991-05-17,41900,12.125,12.25,12.25,12.0,4.4962639808654785
1991-05-16,48400,11.875,12.25,12.25,11.875,4.4962639808654785
1991-05-15,76100,12.125,11.875,12.25,11.75,4.358621597290039
1991-05-14,121900,12.5,12.0,12.625,12.0,4.404502868652344
1991-05-13,131500,12.5,12.625,12.875,12.25,4.633906364440918
1991-05-10,266800,13.25,12.5,13.375,12.375,4.5880255699157715
1991-05-09,299800,15.75,13.375,15.75,12.875,4.9091877937316895
1991-05-08,22500,17.25,17.25,17.375,17.125,6.331472873687744
1991-05-07,30000,17.0,17.25,17.25,16.875,6.331472873687744
1991-05-06,15600,16.875,17.0,17.125,16.875,6.239716053009033
1991-05-03,38700,17.375,17.375,17.375,17.25,6.248890399932861
1991-05-02,41900,17.375,17.25,17.5,17.25,6.203936576843262
1991-05-01,27800,16.875,17.375,17.375,16.875,6.248890399932861
1991-04-30,89900,16.75,16.875,16.875,16.75,6.069066047668457
1991-04-29,26000,16.75,16.75,16.75,16.625,6.024109363555908
1991-04-26,17600,16.625,16.75,16.75,16.625,6.024109363555908
1991-04-25,15800,16.625,16.75,16.75,16.625,6.024109363555908
1991-04-24,17200,16.75,16.625,16.75,16.625,5.979156017303467
1991-04-23,34500,16.875,16.75,17.0,16.625,6.024109363555908
1991-04-22,34700,16.625,16.75,16.875,16.5,6.024109363555908
1991-04-19,31500,16.25,16.625,16.625,16.25,5.979156017303467
1991-04-18,79000,16.125,16.25,16.25,16.125,5.84428596496582
1991-04-17,34100,16.125,16.125,16.125,16.0,5.799328804016113
1991-04-16,57100,16.125,16.125,16.125,16.0,5.799328804016113
1991-04-15,45200,16.0,16.0,16.25,16.0,5.754374980926514
1991-04-12,25300,15.875,16.0,16.0,15.875,5.754374980926514
1991-04-11,34900,15.875,15.875,15.875,15.625,5.709416389465332
1991-04-10,45000,16.0,15.875,16.0,15.75,5.709416389465332
1991-04-09,91700,16.0,15.875,16.125,15.875,5.709416389465332
1991-04-08,35900,16.25,16.25,16.25,16.125,5.84428596496582
1991-04-05,16200,16.25,16.125,16.25,16.125,5.799328804016113
1991-04-04,30800,16.25,16.125,16.25,16.125,5.799328804016113
1991-04-03,29900,16.375,16.25,16.5,16.125,5.84428596496582
1991-04-02,14800,16.5,16.375,16.75,16.375,5.889241695404053
1991-04-01,20300,16.5,16.5,16.75,16.375,5.934197902679443
1991-03-28,41900,16.25,16.375,16.75,16.125,5.889241695404053
1991-03-27,42600,16.125,16.125,16.375,16.125,5.799328804016113
1991-03-26,29400,16.25,16.125,16.375,16.125,5.799328804016113
1991-03-25,9700,16.25,16.25,16.375,16.25,5.84428596496582
1991-03-22,55700,16.625,16.375,16.75,16.25,5.889241695404053
1991-03-21,27100,16.375,16.375,16.5,16.25,5.889241695404053
1991-03-20,27100,16.25,16.375,16.5,16.25,5.889241695404053
1991-03-19,12400,16.125,16.125,16.125,15.875,5.799328804016113
1991-03-18,80300,16.0,16.0,16.625,15.875,5.754374980926514
1991-03-15,27100,15.875,15.875,16.0,15.75,5.709416389465332
1991-03-14,48000,15.5,16.0,16.125,15.375,5.754374980926514
1991-03-13,75300,15.125,15.375,15.5,15.125,5.529595375061035
1991-03-12,69000,15.25,15.25,15.375,15.25,5.484635829925537
1991-03-11,46900,15.125,15.125,15.25,15.0,5.439681529998779
1991-03-08,25500,15.125,15.125,15.125,15.0,5.439681529998779
1991-03-07,13500,15.125,15.125,15.125,15.0,5.439681529998779
1991-03-06,32200,15.125,15.0,15.125,15.0,5.394725322723389
1991-03-05,26300,15.125,15.125,15.125,15.0,5.439681529998779
1991-03-04,39600,15.125,15.125,15.125,15.0,5.439681529998779
1991-03-01,26000,15.0,15.0,15.0,14.875,5.394725322723389
1991-02-28,33700,15.25,15.125,15.25,15.0,5.439681529998779
1991-02-27,156300,15.25,15.125,15.25,15.0,5.439681529998779
1991-02-26,19800,15.5,15.25,15.5,15.125,5.484635829925537
1991-02-25,18800,15.625,15.5,15.75,15.25,5.574550151824951
1991-02-22,18800,15.625,15.5,15.75,15.5,5.574550151824951
1991-02-21,20400,15.625,15.625,15.625,15.5,5.619505882263184
1991-02-20,20300,16.0,15.75,16.0,15.5,5.664460182189941
1991-02-19,35500,15.875,15.875,16.0,15.75,5.709416389465332
1991-02-15,29700,15.875,15.75,16.0,15.5,5.664460182189941
1991-02-14,37500,16.5,15.625,17.125,15.625,5.619505882263184
1991-02-13,52900,16.0,16.25,16.375,15.875,5.84428596496582
1991-02-12,48200,15.5,15.875,15.875,15.25,5.709416389465332
1991-02-11,23500,15.25,15.375,15.5,15.125,5.529595375061035
1991-02-08,398200,15.25,15.125,15.25,15.125,5.439681529998779
1991-02-07,39500,15.125,15.25,15.25,15.0,5.484635829925537
1991-02-06,30100,14.75,15.125,15.125,14.625,5.439681529998779
1991-02-05,37400,14.25,14.75,14.75,14.25,5.304813385009766
1991-02-04,19500,14.0,14.375,14.5,14.0,5.1699442863464355
1991-02-01,51700,14.125,14.25,14.375,14.0,4.999112606048584
1991-01-31,17800,14.0,14.125,14.25,13.875,4.95526123046875
1991-01-30,39300,13.875,14.0,14.0,13.75,4.911409378051758
1991-01-29,40100,13.125,13.875,13.875,13.125,4.867556095123291
1991-01-28,23300,13.0,13.125,13.25,12.875,4.604445457458496
1991-01-25,46500,12.875,12.875,12.875,12.75,4.51674222946167
1991-01-24,23000,12.875,12.875,12.875,12.75,4.51674222946167
1991-01-23,18900,12.75,12.875,12.875,12.75,4.51674222946167
1991-01-22,26000,12.875,12.875,12.875,12.75,4.51674222946167
1991-01-21,16400,12.875,12.875,12.875,12.75,4.51674222946167
1991-01-18,18700,12.75,12.875,12.875,12.75,4.51674222946167
1991-01-17,41900,12.875,12.875,12.875,12.75,4.51674222946167
1991-01-16,31900,12.25,12.375,12.375,12.125,4.341334819793701
1991-01-15,16600,12.125,12.25,12.25,12.125,4.297482013702393
1991-01-14,17900,12.25,12.25,12.375,12.125,4.297482013702393
1991-01-11,12500,12.25,12.375,12.375,12.25,4.341334819793701
1991-01-10,38800,12.625,12.375,12.625,12.125,4.341334819793701
1991-01-09,25200,12.625,12.5,12.75,12.5,4.385186672210693
1991-01-08,40600,13.25,12.625,13.25,12.625,4.429037094116211
1991-01-07,13800,13.375,13.25,13.5,13.25,4.648295879364014
1991-01-04,14900,13.25,13.25,13.25,13.125,4.648295879364014
1991-01-03,7500,13.25,13.25,13.375,13.125,4.648295879364014
1991-01-02,27000,13.0,13.0,13.25,13.0,4.560593128204346
1990-12-31,35800,13.375,13.125,13.375,13.0,4.604445457458496
1990-12-28,51100,13.0,13.25,13.25,13.0,4.648295879364014
1990-12-27,30100,13.125,13.0,13.125,13.0,4.560593128204346
1990-12-26,13400,13.125,13.125,13.25,13.125,4.604445457458496
1990-12-24,5800,13.125,13.125,13.25,13.125,4.604445457458496
1990-12-21,39700,13.25,13.125,13.375,13.125,4.604445457458496
1990-12-20,109200,13.625,13.25,13.625,13.25,4.648295879364014
1990-12-19,23400,13.375,13.375,13.625,13.375,4.692149639129639
1990-12-18,31900,13.25,13.375,13.625,13.25,4.692149639129639
1990-12-17,70700,13.625,13.25,13.75,13.25,4.648295879364014
1990-12-14,29500,14.0,13.625,14.0,13.625,4.779853343963623
1990-12-13,31700,13.75,13.875,14.0,13.75,4.867556095123291
1990-12-12,15200,13.75,13.75,13.875,13.75,4.823703765869141
1990-12-11,12800,13.75,13.75,13.875,13.75,4.823703765869141
1990-12-10,17900,13.75,13.875,13.875,13.75,4.867556095123291
1990-12-07,15300,13.875,13.875,14.0,13.75,4.867556095123291
1990-12-06,19600,13.875,13.875,13.875,13.75,4.867556095123291
1990-12-05,24300,13.625,13.625,13.875,13.625,4.779853343963623
1990-12-04,26000,13.75,13.875,13.875,13.625,4.867556095123291
1990-12-03,23400,13.75,13.75,13.875,13.75,4.823703765869141
1990-11-30,16600,13.875,13.75,13.875,13.625,4.823703765869141
1990-11-29,27200,13.75,13.75,14.125,13.75,4.823703765869141
1990-11-28,34800,13.625,13.875,14.0,13.625,4.867556095123291
1990-11-27,37200,13.375,13.625,13.625,13.375,4.779853343963623
1990-11-26,20000,13.75,13.375,13.75,13.375,4.692149639129639
1990-11-23,9900,13.625,13.75,13.75,13.625,4.823703765869141
1990-11-21,63600,14.375,13.75,14.375,13.75,4.823703765869141
1990-11-20,41900,14.25,14.5,14.75,14.125,5.086815357208252
1990-11-19,41100,13.625,14.125,14.375,13.625,4.95526123046875
1990-11-16,21200,13.0,13.5,13.5,13.0,4.7360005378723145
1990-11-15,20900,13.0,13.125,13.125,13.0,4.604445457458496
1990-11-14,12800,12.875,13.0,13.0,12.75,4.560593128204346
1990-11-13,27300,13.0,12.875,13.0,12.75,4.51674222946167
1990-11-12,19200,12.875,13.0,13.0,12.875,4.560593128204346
1990-11-09,19700,12.625,12.875,13.0,12.625,4.51674222946167
1990-11-08,16100,12.5,12.625,12.625,12.375,4.429037094116211
1990-11-07,34000,12.5,12.5,12.75,12.375,4.385186672210693
1990-11-06,19100,12.625,12.5,12.75,12.375,4.385186672210693
1990-11-05,21100,12.25,12.625,12.625,12.25,4.429037094116211
1990-11-02,36400,12.5,12.625,12.625,12.25,4.306253433227539
1990-11-01,57600,12.0,12.375,12.375,12.0,4.220980644226074
1990-10-31,32000,11.875,12.0,12.0,11.75,4.093070030212402
1990-10-30,31000,11.875,11.875,11.875,11.75,4.0504350662231445
1990-10-29,57700,12.0,11.75,12.0,11.75,4.007800579071045
1990-10-26,14200,12.0,12.0,12.125,11.875,4.093070030212402
1990-10-25,35700,12.0,12.0,12.125,11.875,4.093070030212402
1990-10-24,24300,12.0,12.0,12.0,11.875,4.093070030212402
1990-10-23,28200,11.875,11.875,12.0,11.875,4.0504350662231445
1990-10-22,34700,12.0,11.875,12.0,11.875,4.0504350662231445
1990-10-19,37300,12.0,11.875,12.125,11.875,4.0504350662231445
1990-10-18,25700,11.75,11.875,12.0,11.75,4.0504350662231445
1990-10-17,36100,12.25,11.875,12.375,11.75,4.0504350662231445
1990-10-16,74700,12.5,12.125,12.625,12.0,4.135708808898926
1990-10-15,28400,12.625,12.5,12.75,12.375,4.263615131378174
1990-10-12,28100,12.875,12.375,12.875,12.375,4.220980644226074
1990-10-11,23500,12.625,12.75,12.75,12.625,4.348888874053955
1990-10-10,31200,12.875,12.625,13.0,12.625,4.306253433227539
1990-10-09,45100,13.75,13.0,13.75,13.0,4.434159278869629
1990-10-08,36100,13.75,13.75,13.875,13.625,4.689979076385498
1990-10-05,26700,13.75,13.625,13.75,13.625,4.647342681884766
1990-10-04,24400,14.0,13.875,14.0,13.875,4.732614040374756
1990-10-03,7400,14.125,14.125,14.125,14.0,4.8178863525390625
1990-10-02,12400,14.0,14.125,14.125,14.0,4.8178863525390625
1990-10-01,17400,14.0,14.0,14.125,13.875,4.7752509117126465
1990-09-28,13100,14.125,14.0,14.125,13.875,4.7752509117126465
1990-09-27,15200,14.0,14.125,14.125,14.0,4.8178863525390625
1990-09-26,37100,13.875,14.125,14.125,13.875,4.8178863525390625
1990-09-25,11400,14.0,13.875,14.125,13.875,4.732614040374756
1990-09-24,27600,14.0,13.875,14.125,13.875,4.732614040374756
1990-09-21,44900,13.75,14.0,14.0,13.75,4.7752509117126465
1990-09-20,16500,13.75,13.875,14.0,13.75,4.732614040374756
1990-09-19,32600,13.875,13.75,14.0,13.75,4.689979076385498
1990-09-18,47900,14.125,13.875,14.25,13.875,4.732614040374756
1990-09-17,29700,14.625,14.0,14.625,14.0,4.7752509117126465
1990-09-14,19200,14.75,14.625,14.75,14.625,4.988431930541992
1990-09-13,26900,14.875,14.75,15.0,14.625,5.031066417694092
1990-09-12,15400,14.875,14.875,15.0,14.75,5.073707103729248
1990-09-11,17500,14.625,14.875,14.875,14.625,5.073707103729248
1990-09-10,32900,14.75,14.75,14.75,14.5,5.031066417694092
1990-09-07,21200,14.75,14.75,14.75,14.625,5.031066417694092
1990-09-06,35900,15.0,14.75,15.0,14.625,5.031066417694092
1990-09-05,20300,15.125,15.0,15.125,15.0,5.116339683532715
1990-09-04,18700,15.125,15.125,15.125,15.0,5.158975601196289
1990-08-31,26400,15.625,15.0,15.625,15.0,5.116339683532715
1990-08-30,14000,15.75,15.5,15.75,15.5,5.286884307861328
1990-08-29,17800,15.5,15.75,15.75,15.5,5.372157096862793
1990-08-28,11600,15.625,15.375,15.625,15.375,5.244248390197754
1990-08-27,20000,15.25,15.5,15.625,15.25,5.286884307861328
1990-08-24,126900,15.625,15.25,15.75,15.25,5.201610088348389
1990-08-23,22100,15.625,15.625,15.75,15.5,5.329522609710693
1990-08-22,15700,15.875,15.75,16.0,15.75,5.372157096862793
1990-08-21,25300,16.0,16.0,16.0,15.875,5.457430839538574
1990-08-20,20600,16.125,16.0,16.25,15.875,5.457430839538574
1990-08-17,9900,16.125,16.125,16.25,16.0,5.500067234039307
1990-08-16,25000,16.375,16.125,16.375,16.125,5.500067234039307
1990-08-15,4800,16.5,16.375,16.5,16.375,5.585341453552246
1990-08-14,9000,16.375,16.5,16.5,16.25,5.627973556518555
1990-08-13,5700,16.375,16.5,16.5,16.375,5.627973556518555
1990-08-10,6400,16.375,16.375,16.5,16.375,5.585341453552246
1990-08-09,4900,16.375,16.375,16.5,16.375,5.585341453552246
1990-08-08,9400,16.375,16.375,16.5,16.375,5.585341453552246
1990-08-07,17600,16.25,16.375,16.375,16.125,5.585341453552246
1990-08-06,22100,16.0,16.25,16.25,15.75,5.54270076751709
1990-08-03,65900,16.5,16.5,16.5,16.375,5.508591175079346
1990-08-02,10400,16.5,16.5,16.5,16.375,5.508591175079346
1990-08-01,25400,16.5,16.25,16.5,16.25,5.425130367279053
1990-07-31,16100,16.375,16.375,16.5,16.375,5.466862678527832
1990-07-30,8600,16.375,16.375,16.5,16.125,5.466862678527832
1990-07-27,12100,16.0,16.25,16.25,16.0,5.425130367279053
1990-07-26,87100,15.75,16.125,16.25,15.75,5.383397579193115
1990-07-25,34900,15.75,15.75,15.875,15.625,5.258200645446777
1990-07-24,36300,15.5,15.75,15.75,15.5,5.258200645446777
1990-07-23,33900,15.5,15.625,15.625,15.25,5.216470241546631
1990-07-20,34000,15.75,15.625,15.875,15.5,5.216470241546631
1990-07-19,53500,16.0,15.75,16.0,15.375,5.258200645446777
1990-07-18,40000,16.0,15.875,16.125,15.875,5.299933433532715
1990-07-17,29000,16.125,16.125,16.125,16.0,5.383397579193115
1990-07-16,53600,16.125,16.125,16.25,16.0,5.383397579193115
1990-07-13,64800,16.375,16.25,16.5,16.25,5.425130367279053
1990-07-12,15700,16.5,16.375,16.5,16.375,5.466862678527832
1990-07-11,26700,16.625,16.5,16.625,16.375,5.508591175079346
1990-07-10,37400,16.75,16.5,16.75,16.5,5.508591175079346
1990-07-09,8600,16.875,16.75,16.875,16.75,5.592052936553955
1990-07-06,17200,17.0,16.875,17.0,16.875,5.633788585662842
1990-07-05,16000,16.625,16.875,16.875,16.625,5.633788585662842
1990-07-03,10900,16.625,16.875,16.875,16.625,5.633788585662842
1990-07-02,35800,16.625,16.75,16.875,16.625,5.592052936553955
1990-06-29,45100,17.125,16.5,17.125,16.5,5.508591175079346
1990-06-28,28000,17.0,17.125,17.25,17.0,5.717250347137451
1990-06-27,12600,17.0,17.0,17.125,17.0,5.675518989562988
1990-06-26,9900,17.0,17.0,17.0,16.875,5.675518989562988
1990-06-25,10500,17.0,16.875,17.0,16.75,5.633788585662842
1990-06-22,19400,16.875,16.875,17.125,16.875,5.633788585662842
1990-06-21,18300,16.875,16.875,17.0,16.75,5.633788585662842
1990-06-20,9800,17.0,17.0,17.125,16.875,5.675518989562988
1990-06-19,15300,17.125,17.125,17.125,17.0,5.717250347137451
1990-06-18,19400,17.25,17.0,17.25,17.0,5.675518989562988
1990-06-15,12900,17.25,17.125,17.25,17.125,5.717250347137451
1990-06-14,13500,17.375,17.125,17.375,17.125,5.717250347137451
1990-06-13,11100,17.125,17.25,17.25,17.125,5.758983612060547
1990-06-12,14400,17.25,17.25,17.375,17.125,5.758983612060547
1990-06-11,15300,17.25,17.25,17.375,17.125,5.758983612060547
1990-06-08,14600,17.375,17.25,17.375,17.25,5.758983612060547
1990-06-07,10900,17.25,17.375,17.375,17.125,5.800714492797852
1990-06-06,50000,17.125,17.25,17.25,17.0,5.758983612060547
1990-06-05,31900,17.625,17.375,17.75,17.25,5.800714492797852
1990-06-04,9500,17.75,17.625,17.75,17.625,5.884177207946777
1990-06-01,13400,17.875,17.625,17.875,17.625,5.884177207946777
1990-05-31,4700,18.0,17.75,18.0,17.75,5.925909996032715
1990-05-30,14000,17.75,18.0,18.0,17.75,6.009373664855957
1990-05-29,9900,17.625,17.75,17.875,17.625,5.925909996032715
1990-05-25,11400,17.625,17.75,17.875,17.625,5.925909996032715
1990-05-24,12200,17.625,17.75,17.875,17.625,5.925909996032715
1990-05-23,9700,17.5,17.75,17.75,17.5,5.925909996032715
1990-05-22,13700,17.5,17.5,17.625,17.375,5.842446804046631
1990-05-21,35900,17.125,17.375,17.375,17.125,5.800714492797852
1990-05-18,14600,17.25,17.125,17.25,17.0,5.717250347137451
1990-05-17,18700,17.5,17.125,17.5,17.125,5.717250347137451
1990-05-16,39000,17.75,17.5,17.75,17.375,5.842446804046631
1990-05-15,11600,17.5,17.625,17.625,17.5,5.884177207946777
1990-05-14,26300,17.375,17.625,17.625,17.125,5.884177207946777
1990-05-11,19900,17.5,17.5,17.625,17.125,5.842446804046631
1990-05-10,15200,17.625,17.75,17.75,17.5,5.925909996032715
1990-05-09,30900,18.125,17.5,18.125,17.5,5.842446804046631
1990-05-08,13300,18.25,18.125,18.25,18.0,6.05109977722168
1990-05-07,30200,17.875,18.25,18.375,17.875,6.092837333679199
1990-05-04,19100,17.75,18.0,18.0,17.75,6.009373664855957
1990-05-03,22800,18.0,18.125,18.25,18.0,5.934250831604004
1990-05-02,13100,17.625,18.0,18.0,17.625,5.893330097198486
1990-05-01,27400,17.5,17.625,17.75,17.375,5.770551681518555
1990-04-30,4400,17.25,17.375,17.5,17.25,5.6887006759643555
1990-04-27,36700,17.375,17.5,17.5,17.25,5.72962760925293
1990-04-26,11000,17.25,17.25,17.375,17.125,5.647775650024414
1990-04-25,8800,17.375,17.375,17.375,17.25,5.6887006759643555
1990-04-24,14900,17.375,17.25,17.375,17.25,5.647775650024414
1990-04-23,12000,17.5,17.25,17.625,17.25,5.647775650024414
1990-04-20,50800,17.75,17.625,17.875,17.625,5.770551681518555
1990-04-19,22800,17.5,17.875,17.875,17.5,5.852405548095703
1990-04-18,8500,17.375,17.375,17.5,17.25,5.6887006759643555
1990-04-17,16800,17.125,17.25,17.375,17.125,5.647775650024414
1990-04-16,31300,17.25,17.25,17.375,17.125,5.647775650024414
1990-04-12,17000,17.125,17.125,17.375,17.125,5.606848239898682
1990-04-11,15400,17.25,17.25,17.375,17.25,5.647775650024414
1990-04-10,28500,17.25,17.25,17.25,17.125,5.647775650024414
1990-04-09,21300,17.375,17.125,17.375,17.125,5.606848239898682
1990-04-06,8700,17.5,17.375,17.625,17.375,5.6887006759643555
1990-04-05,22400,17.25,17.5,17.5,17.25,5.72962760925293
1990-04-04,20500,18.0,17.25,18.0,17.25,5.647775650024414
1990-04-03,11600,18.0,18.0,18.125,18.0,5.893330097198486
1990-04-02,24800,18.125,18.0,18.25,17.75,5.893330097198486
1990-03-30,59600,17.25,18.5,18.5,17.25,6.057034969329834
1990-03-29,36100,17.375,17.25,17.375,17.25,5.647775650024414
1990-03-28,11300,17.25,17.25,17.375,17.25,5.647775650024414
1990-03-27,8600,17.25,17.25,17.25,17.125,5.647775650024414
1990-03-26,9500,17.375,17.25,17.375,17.25,5.647775650024414
1990-03-23,7000,17.375,17.375,17.375,17.25,5.6887006759643555
1990-03-22,11400,17.25,17.125,17.375,17.125,5.606848239898682
1990-03-21,26000,17.0,17.375,17.375,17.0,5.6887006759643555
1990-03-20,16300,17.0,17.0,17.0,17.0,5.56592321395874
1990-03-19,8600,16.875,16.875,17.0,16.875,5.524997711181641
1990-03-16,14000,16.875,16.875,17.125,16.875,5.524997711181641
1990-03-15,4900,17.0,17.0,17.0,17.0,5.56592321395874
1990-03-14,13400,16.875,16.875,17.0,16.875,5.524997711181641
1990-03-13,10100,17.0,16.875,17.0,16.875,5.524997711181641
1990-03-12,14100,17.0,17.0,17.0,16.875,5.56592321395874
1990-03-09,8300,17.125,17.0,17.125,16.875,5.56592321395874
1990-03-08,33400,17.0,17.0,17.0,16.875,5.56592321395874
1990-03-07,34200,17.125,16.875,17.25,16.875,5.524997711181641
1990-03-06,10600,17.125,17.25,17.25,17.0,5.647775650024414
1990-03-05,42900,17.125,17.125,17.25,17.0,5.606848239898682
1990-03-02,11900,17.125,17.125,17.125,17.0,5.606848239898682
1990-03-01,20000,16.875,17.125,17.125,16.75,5.606848239898682
1990-02-28,32800,16.875,16.75,16.875,16.75,5.484068870544434
1990-02-27,16600,16.875,16.75,16.875,16.75,5.484068870544434
1990-02-26,19800,17.0,16.875,17.0,16.75,5.524997711181641
1990-02-23,12900,16.875,17.0,17.125,16.875,5.56592321395874
1990-02-22,8200,17.0,17.0,17.125,16.875,5.56592321395874
1990-02-21,8600,17.0,16.875,17.0,16.875,5.524997711181641
1990-02-20,30400,17.0,17.0,17.125,16.875,5.56592321395874
1990-02-16,19600,17.125,17.0,17.25,16.875,5.56592321395874
1990-02-15,19000,16.875,17.25,17.25,16.875,5.647775650024414
1990-02-14,11000,17.0,16.875,17.0,16.875,5.524997711181641
1990-02-13,9700,17.125,17.0,17.125,16.875,5.56592321395874
1990-02-12,12200,17.0,17.125,17.125,17.0,5.606848239898682
1990-02-09,17700,16.875,17.375,17.375,16.875,5.6887006759643555
1990-02-08,9700,16.875,16.875,17.0,16.875,5.524997711181641
1990-02-07,3100,16.875,16.875,17.0,16.75,5.524997711181641
1990-02-06,12600,17.0,16.875,17.0,16.75,5.524997711181641
1990-02-05,10500,16.75,16.875,16.875,16.75,5.524997711181641
1990-02-02,16200,16.625,17.0,17.0,16.625,5.451330184936523
1990-02-01,32300,16.625,16.75,16.75,16.5,5.371162414550781
1990-01-31,26800,16.75,16.625,16.875,16.625,5.331081867218018
1990-01-30,51200,16.75,16.75,17.0,16.5,5.371162414550781
1990-01-29,10200,16.75,16.75,16.75,16.625,5.371162414550781
1990-01-26,28900,16.875,16.75,16.875,16.625,5.371162414550781
1990-01-25,7500,16.875,16.875,16.875,16.75,5.411249160766602
1990-01-24,31400,16.75,16.875,17.0,16.75,5.411249160766602
1990-01-23,16200,17.0,17.0,17.0,16.875,5.451330184936523
1990-01-22,24300,16.875,17.0,17.0,16.875,5.451330184936523
1990-01-19,18700,17.0,17.0,17.0,16.875,5.451330184936523
1990-01-18,11300,16.75,16.875,17.0,16.75,5.411249160766602
1990-01-17,38400,17.0,16.875,17.0,16.75,5.411249160766602
1990-01-16,33300,16.875,16.875,16.875,16.75,5.411249160766602
1990-01-15,39200,17.0,16.875,17.0,16.625,5.411249160766602
1990-01-12,47400,17.25,16.875,17.25,16.875,5.411249160766602
1990-01-11,16500,17.25,17.375,17.625,17.25,5.57158088684082
1990-01-10,51900,17.875,17.25,18.0,17.125,5.531496524810791
1990-01-09,22500,18.25,18.0,18.25,18.0,5.771997451782227
1990-01-08,51000,18.125,18.125,18.375,18.125,5.812076568603516
1990-01-05,31500,18.0,18.125,18.25,18.0,5.812076568603516
1990-01-04,44600,17.5,18.0,18.0,17.375,5.771997451782227
1990-01-03,17500,17.375,17.375,17.5,17.25,5.57158088684082
1990-01-02,23700,17.0,17.5,17.5,17.0,5.61166524887085
1989-12-29,62000,17.25,17.25,17.375,17.0,5.531496524810791
1989-12-28,33900,17.375,17.25,17.5,17.125,5.531496524810791
1989-12-27,44800,17.375,17.375,17.5,17.25,5.57158088684082
1989-12-26,24700,17.5,17.25,17.5,17.25,5.531496524810791
1989-12-22,41600,17.5,17.5,17.5,17.25,5.61166524887085
1989-12-21,16500,16.875,17.375,17.375,16.875,5.57158088684082
1989-12-20,57400,17.0,17.125,17.125,16.875,5.491413593292236
1989-12-19,28500,16.75,17.0,17.0,16.625,5.451330184936523
1989-12-18,96600,17.75,16.625,17.75,16.625,5.331081867218018
1989-12-15,31700,17.75,17.75,17.875,17.625,5.691829681396484
1989-12-14,40000,17.5,17.75,17.875,17.375,5.691829681396484
1989-12-13,67800,17.375,17.625,18.0,17.375,5.6517486572265625
1989-12-12,28500,17.375,17.375,17.5,17.25,5.57158088684082
1989-12-11,23500,17.5,17.25,17.625,17.25,5.531496524810791
1989-12-08,17200,17.5,17.625,17.625,17.5,5.6517486572265625
1989-12-07,104200,17.5,17.5,17.625,17.5,5.61166524887085
1989-12-06,17700,17.5,17.5,17.625,17.5,5.61166524887085
1989-12-05,29900,17.5,17.5,17.625,17.5,5.61166524887085
1989-12-04,26600,17.875,17.625,17.875,17.5,5.6517486572265625
1989-12-01,15400,17.5,17.75,17.75,17.5,5.691829681396484
1989-11-30,34400,17.625,17.5,17.875,17.5,5.61166524887085
1989-11-29,36200,17.875,17.625,18.125,17.625,5.6517486572265625
1989-11-28,18800,17.875,17.875,18.0,17.625,5.731914043426514
1989-11-27,14900,17.75,17.75,17.875,17.625,5.691829681396484
1989-11-24,22100,17.125,17.75,17.75,17.125,5.691829681396484
1989-11-22,89700,17.0,17.125,17.125,16.75,5.491413593292236
1989-11-21,19900,16.875,16.875,17.0,16.875,5.411249160766602
1989-11-20,49600,16.875,17.0,17.0,16.75,5.451330184936523
1989-11-17,55100,16.625,16.75,17.0,16.625,5.371162414550781
1989-11-16,41500,17.0,16.75,17.125,16.625,5.371162414550781
1989-11-15,38100,17.125,17.0,17.25,17.0,5.451330184936523
1989-11-14,11700,17.125,17.25,17.25,17.125,5.531496524810791
1989-11-13,23700,17.375,17.125,17.375,17.125,5.491413593292236
1989-11-10,14000,17.25,17.375,17.375,17.25,5.57158088684082
1989-11-09,10000,17.25,17.375,17.375,17.25,5.57158088684082
1989-11-08,21200,17.125,17.375,17.375,17.125,5.57158088684082
1989-11-07,19800,17.25,17.125,17.25,17.125,5.491413593292236
1989-11-06,28900,17.125,17.25,17.25,17.0,5.531496524810791
1989-11-03,54100,17.875,17.375,17.875,17.25,5.459348201751709
1989-11-02,37300,18.25,17.875,18.25,17.875,5.616450309753418
1989-11-01,13600,18.375,18.375,18.375,18.25,5.773553848266602
1989-10-31,39400,18.125,18.25,18.5,18.125,5.734278202056885
1989-10-30,7200,18.125,18.25,18.25,18.125,5.734278202056885
1989-10-27,9000,18.125,18.25,18.25,18.0,5.734278202056885
1989-10-26,32700,18.125,18.125,18.25,18.125,5.694997310638428
1989-10-25,11700,18.125,18.25,18.375,18.125,5.734278202056885
1989-10-24,30400,18.625,18.25,18.625,18.125,5.734278202056885
1989-10-23,11600,18.75,18.625,18.875,18.5,5.852105140686035
1989-10-20,7600,18.875,18.75,18.875,18.75,5.891382217407227
1989-10-19,7300,18.75,19.0,19.0,18.625,5.9699320793151855
1989-10-18,6700,18.5,18.625,18.625,18.5,5.852105140686035
1989-10-17,15100,18.625,18.625,18.75,18.375,5.852105140686035
1989-10-16,54600,18.375,18.625,18.625,18.25,5.852105140686035
1989-10-13,45100,19.25,18.5,19.25,18.5,5.812831878662109
1989-10-12,16200,19.75,19.625,19.875,19.625,6.166311264038086
1989-10-11,14000,19.75,19.875,19.875,19.75,6.244865894317627
1989-10-10,20300,19.875,19.875,20.0,19.75,6.244865894317627
1989-10-09,19200,19.875,20.0,20.0,19.75,6.284139156341553
1989-10-06,54600,20.0,19.875,20.0,19.875,6.244865894317627
1989-10-05,55500,19.5,19.875,19.875,19.5,6.244865894317627
1989-10-04,57600,19.125,19.5,19.5,19.125,6.127035617828369
1989-10-03,17300,19.0,19.0,19.125,19.0,5.9699320793151855
1989-10-02,25500,18.875,19.0,19.0,18.75,5.9699320793151855
1989-09-29,22800,18.875,19.0,19.0,18.875,5.9699320793151855
1989-09-28,2500,18.875,19.0,19.0,18.75,5.9699320793151855
1989-09-27,8300,19.0,18.875,19.0,18.875,5.930660247802734
1989-09-26,8000,18.875,19.0,19.0,18.875,5.9699320793151855
1989-09-25,21500,18.875,18.875,19.0,18.75,5.930660247802734
1989-09-22,8700,19.0,19.0,19.0,18.875,5.9699320793151855
1989-09-21,11900,19.0,18.875,19.0,18.875,5.930660247802734
1989-09-20,17100,19.0,19.0,19.0,18.75,5.9699320793151855
1989-09-19,14000,19.0,18.875,19.0,18.875,5.930660247802734
1989-09-18,28900,19.125,19.0,19.25,19.0,5.9699320793151855
1989-09-15,111800,18.875,19.25,19.875,18.75,6.048488140106201
1989-09-14,27400,18.625,18.75,18.875,18.625,5.891382217407227
1989-09-13,24000,18.75,18.75,18.875,18.625,5.891382217407227
1989-09-12,27800,18.625,18.75,18.875,18.625,5.891382217407227
1989-09-11,16500,18.5,18.5,18.75,18.5,5.812831878662109
1989-09-08,11500,18.875,18.625,18.875,18.625,5.852105140686035
1989-09-07,31500,18.5,18.875,18.875,18.5,5.930660247802734
1989-09-06,5700,18.5,18.5,18.625,18.5,5.812831878662109
1989-09-05,32200,18.75,18.5,18.875,18.5,5.812831878662109
1989-09-01,90800,19.0,18.875,19.0,18.875,5.930660247802734
1989-08-31,39300,18.625,19.0,19.0,18.625,5.9699320793151855
1989-08-30,17700,18.75,18.75,18.875,18.75,5.891382217407227
1989-08-29,8900,18.75,18.75,18.875,18.625,5.891382217407227
1989-08-28,18400,18.75,18.625,18.75,18.625,5.852105140686035
1989-08-25,20200,18.625,18.625,18.75,18.625,5.852105140686035
1989-08-24,32800,18.125,18.625,18.75,18.0,5.852105140686035
1989-08-23,61900,18.25,18.0,18.25,18.0,5.655728340148926
1989-08-22,23500,18.375,18.125,18.375,18.0,5.694997310638428
1989-08-21,33500,18.0,18.25,18.375,18.0,5.734278202056885
1989-08-18,51000,17.625,18.125,18.375,17.625,5.694997310638428
1989-08-17,83800,17.25,17.75,17.75,17.125,5.577176094055176
1989-08-16,48100,17.625,17.25,17.75,17.125,5.420071125030518
1989-08-15,36500,17.75,17.625,18.0,17.625,5.537899494171143
1989-08-14,50300,18.0,17.875,18.0,17.75,5.616450309753418
1989-08-11,36000,18.0,18.0,18.125,18.0,5.655728340148926
1989-08-10,79400,18.25,18.0,18.375,18.0,5.655728340148926
1989-08-09,15600,18.75,18.5,18.75,18.5,5.812831878662109
1989-08-08,27000,18.875,18.625,18.875,18.625,5.852105140686035
1989-08-07,44900,18.875,18.875,19.0,18.75,5.930660247802734
1989-08-04,29900,18.875,19.0,19.125,18.875,5.9699320793151855
1989-08-03,35100,19.25,19.25,19.375,19.125,5.938512325286865
1989-08-02,22900,19.125,19.375,19.375,19.125,5.977076053619385
1989-08-01,43200,19.125,19.125,19.25,19.125,5.8999528884887695
1989-07-31,19000,19.0,19.125,19.375,19.0,5.8999528884887695
1989-07-28,149600,19.125,19.125,19.25,19.0,5.8999528884887695
1989-07-27,18100,19.25,19.125,19.375,19.125,5.8999528884887695
1989-07-26,55900,19.375,19.25,19.5,19.25,5.938512325286865
1989-07-25,11700,19.75,19.375,19.875,19.375,5.977076053619385
1989-07-24,12200,19.375,19.625,19.75,19.375,6.054197788238525
1989-07-21,26200,19.625,19.375,19.625,19.375,5.977076053619385
1989-07-20,20100,19.75,19.625,19.875,19.375,6.054197788238525
1989-07-19,21800,20.0,19.625,20.0,19.625,6.054197788238525
1989-07-18,38100,19.75,19.875,20.0,19.75,6.131321907043457
1989-07-17,27900,19.75,19.75,19.875,19.625,6.09276008605957
1989-07-14,47800,19.875,19.75,20.0,19.75,6.09276008605957
1989-07-13,23900,20.125,20.0,20.125,19.875,6.169886112213135
1989-07-12,20900,20.0,19.875,20.125,19.75,6.131321907043457
1989-07-11,7900,20.0,20.0,20.0,19.875,6.169886112213135
1989-07-10,46400,19.625,20.0,20.125,19.5,6.169886112213135
1989-07-07,26600,19.625,19.75,19.75,19.5,6.09276008605957
1989-07-06,42600,19.25,19.625,19.625,19.25,6.054197788238525
1989-07-05,23600,19.625,19.25,19.75,19.25,5.938512325286865
1989-07-03,55000,20.125,19.75,20.125,19.75,6.09276008605957
1989-06-30,93700,18.625,20.375,20.375,18.625,6.285571575164795
1989-06-29,54800,18.25,18.5,18.625,18.25,5.707144737243652
1989-06-28,126200,18.125,18.25,18.25,18.125,5.630016326904297
1989-06-27,39600,18.125,18.125,18.25,18.125,5.591461181640625
1989-06-26,30700,18.25,18.125,18.25,18.125,5.591461181640625
1989-06-23,22700,18.125,18.125,18.25,18.125,5.591461181640625
1989-06-22,45700,18.125,18.25,18.25,18.125,5.630016326904297
1989-06-21,36200,18.25,18.25,18.25,18.125,5.630016326904297
1989-06-20,30400,18.25,18.25,18.375,18.125,5.630016326904297
1989-06-19,7200,18.375,18.375,18.375,18.125,5.668580055236816
1989-06-16,56400,18.375,18.25,18.5,18.25,5.630016326904297
1989-06-15,38900,18.375,18.5,18.625,18.25,5.707144737243652
1989-06-14,41700,18.5,18.5,18.5,18.25,5.707144737243652
1989-06-13,29800,18.625,18.5,18.625,18.375,5.707144737243652
1989-06-12,36300,18.25,18.375,18.5,18.25,5.668580055236816
1989-06-09,18100,18.5,18.25,18.625,18.25,5.630016326904297
1989-06-08,75400,18.375,18.5,18.75,18.125,5.707144737243652
1989-06-07,23600,18.25,18.25,18.375,18.125,5.630016326904297
1989-06-06,12500,18.125,18.125,18.25,18.0,5.591461181640625
1989-06-05,43300,18.375,18.125,18.5,18.125,5.591461181640625
1989-06-02,63700,18.125,18.375,18.375,18.125,5.668580055236816
1989-06-01,27100,18.25,18.25,18.375,18.0,5.630016326904297
1989-05-31,42500,17.875,18.0,18.125,17.875,5.552895545959473
1989-05-30,15200,18.25,18.0,18.25,17.875,5.552895545959473
1989-05-26,17400,18.25,18.125,18.375,18.125,5.591461181640625
1989-05-25,41400,18.25,18.25,18.375,18.25,5.630016326904297
1989-05-24,16100,18.125,18.375,18.375,18.0,5.668580055236816
1989-05-23,20300,18.375,18.25,18.375,18.125,5.630016326904297
1989-05-22,10400,18.25,18.25,18.375,18.25,5.630016326904297
1989-05-19,22300,18.25,18.25,18.375,18.125,5.630016326904297
1989-05-18,13100,18.375,18.25,18.375,18.125,5.630016326904297
1989-05-17,10900,18.25,18.25,18.375,18.25,5.630016326904297
1989-05-16,11700,18.25,18.125,18.375,18.125,5.591461181640625
1989-05-15,15300,18.25,18.25,18.25,18.0,5.630016326904297
1989-05-12,19600,18.375,18.375,18.375,18.25,5.668580055236816
1989-05-11,9600,17.875,18.125,18.25,17.875,5.591461181640625
1989-05-10,7500,17.75,17.75,17.875,17.75,5.475770473480225
1989-05-09,13100,17.625,17.875,17.875,17.625,5.5143351554870605
1989-05-08,43900,17.625,17.625,17.75,17.625,5.4372100830078125
1989-05-05,38400,18.25,17.875,18.25,17.875,5.5143351554870605
1989-05-04,6200,18.125,18.125,18.25,18.125,5.591461181640625
1989-05-03,11800,18.5,18.625,18.625,18.375,5.642358779907227
1989-05-02,10800,18.75,18.625,18.875,18.625,5.642358779907227
1989-05-01,39600,19.0,18.875,19.0,18.875,5.718094825744629
1989-04-28,50400,19.0,18.875,19.125,18.875,5.718094825744629
1989-04-27,30200,19.0,19.125,19.125,18.875,5.793832302093506
1989-04-26,39400,19.0,19.125,19.125,18.875,5.793832302093506
1989-04-25,38500,18.875,19.0,19.125,18.875,5.755965232849121
1989-04-24,39500,18.75,18.875,19.0,18.75,5.718094825744629
1989-04-21,22700,18.5,18.625,18.75,18.25,5.642358779907227
1989-04-20,35800,18.0,18.25,18.375,17.875,5.528754234313965
1989-04-19,21800,17.875,17.875,18.0,17.875,5.4151506423950195
1989-04-18,29700,17.875,17.875,18.0,17.875,5.4151506423950195
1989-04-17,14100,18.0,18.0,18.0,17.875,5.4530158042907715
1989-04-14,13200,17.875,18.0,18.0,17.875,5.4530158042907715
1989-04-13,7700,17.875,17.875,18.0,17.875,5.4151506423950195
1989-04-12,31400,18.0,18.0,18.0,17.875,5.4530158042907715
1989-04-11,22700,18.0,18.0,18.0,17.875,5.4530158042907715
1989-04-10,51000,18.0,18.0,18.125,17.875,5.4530158042907715
1989-04-07,15600,17.875,17.875,18.0,17.75,5.4151506423950195
1989-04-06,20400,17.75,18.0,18.0,17.625,5.4530158042907715
1989-04-05,25200,17.875,17.75,17.875,17.75,5.377279281616211
1989-04-04,26400,17.875,17.75,18.0,17.75,5.377279281616211
1989-04-03,22700,17.875,18.0,18.0,17.75,5.4530158042907715
1989-03-31,14600,17.75,17.875,17.875,17.625,5.4151506423950195
1989-03-30,35400,17.75,17.75,18.0,17.75,5.377279281616211
1989-03-29,37500,17.75,17.75,17.875,17.75,5.377279281616211
1989-03-28,26400,17.75,17.875,17.875,17.625,5.4151506423950195
1989-03-27,17500,17.5,17.75,17.75,17.5,5.377279281616211
1989-03-23,22200,17.625,17.5,17.625,17.5,5.301548480987549
1989-03-22,43100,17.625,17.5,17.625,17.375,5.301548480987549
1989-03-21,17000,17.375,17.625,17.75,17.375,5.339412689208984
1989-03-20,17200,17.375,17.375,17.625,17.25,5.263675689697266
1989-03-17,24100,17.5,17.625,17.625,17.375,5.339412689208984
1989-03-16,36700,17.5,17.5,17.75,17.5,5.301548480987549
1989-03-15,8300,17.5,17.5,17.5,17.375,5.301548480987549
1989-03-14,37200,17.5,17.375,17.5,17.375,5.263675689697266
1989-03-13,8600,17.5,17.375,17.5,17.375,5.263675689697266
1989-03-10,33900,17.5,17.5,17.5,17.25,5.301548480987549
1989-03-09,62500,17.375,17.5,17.5,17.375,5.301548480987549
1989-03-08,75400,17.5,17.5,17.5,17.375,5.301548480987549
1989-03-07,56900,17.375,17.375,17.625,17.375,5.263675689697266
1989-03-06,14900,17.375,17.375,17.5,17.375,5.263675689697266
1989-03-03,13800,17.625,17.5,17.625,17.5,5.301548480987549
1989-03-02,19300,17.875,17.75,17.875,17.75,5.377279281616211
1989-03-01,39300,17.75,17.75,18.0,17.75,5.377279281616211
1989-02-28,145000,17.625,17.875,18.0,17.625,5.4151506423950195
1989-02-27,24000,17.625,17.625,17.625,17.375,5.339412689208984
1989-02-24,41500,17.875,17.5,17.875,17.375,5.301548480987549
1989-02-23,26100,17.625,17.875,17.875,17.625,5.4151506423950195
1989-02-22,19900,17.875,17.625,17.875,17.625,5.339412689208984
1989-02-21,22200,17.75,17.75,18.0,17.625,5.377279281616211
1989-02-17,221600,17.375,17.625,17.625,17.125,5.339412689208984
1989-02-16,29800,17.125,17.5,17.5,17.125,5.301548480987549
1989-02-15,56500,17.5,17.25,17.5,17.0,5.2258076667785645
1989-02-14,19100,17.5,17.375,17.625,17.375,5.263675689697266
1989-02-13,18500,17.5,17.5,17.75,17.5,5.301548480987549
1989-02-10,28800,18.0,17.5,18.0,17.5,5.301548480987549
1989-02-09,24500,17.75,17.875,18.0,17.75,5.4151506423950195
1989-02-08,17800,18.0,17.875,18.0,17.75,5.4151506423950195
1989-02-07,26800,17.75,17.875,18.0,17.75,5.4151506423950195
1989-02-06,18400,17.875,17.75,18.0,17.625,5.377279281616211
1989-02-03,28800,18.25,18.25,18.375,18.125,5.427268981933594
1989-02-02,30800,18.25,18.25,18.375,18.125,5.427268981933594
1989-02-01,45600,18.375,18.375,18.5,18.25,5.464443206787109
1989-01-31,35900,18.625,18.375,18.75,18.375,5.464443206787109
1989-01-30,44600,18.625,18.625,19.0,18.5,5.538790225982666
1989-01-27,43400,18.75,18.75,18.875,18.375,5.575957775115967
1989-01-26,21100,18.375,18.625,18.625,18.25,5.538790225982666
1989-01-25,16700,18.625,18.375,18.625,18.375,5.464443206787109
1989-01-24,52500,18.5,18.5,18.75,18.5,5.501611232757568
1989-01-23,18100,18.375,18.625,18.625,18.375,5.538790225982666
1989-01-20,32900,18.25,18.5,18.625,18.25,5.501611232757568
1989-01-19,29300,18.875,18.375,18.875,18.375,5.464443206787109
1989-01-18,27000,18.625,18.75,18.75,18.625,5.575957775115967
1989-01-17,53000,18.75,18.625,18.75,18.5,5.538790225982666
1989-01-16,26300,18.875,18.625,19.0,18.625,5.538790225982666
1989-01-13,41500,18.5,18.875,19.0,18.5,5.613134860992432
1989-01-12,42900,18.125,18.5,18.5,18.0,5.501611232757568
1989-01-11,30000,18.0,18.125,18.125,18.0,5.390093803405762
1989-01-10,23200,17.75,17.875,18.0,17.75,5.315751075744629
1989-01-09,75900,18.0,17.75,18.25,17.75,5.278576850891113
1989-01-06,25900,18.125,18.125,18.375,18.0,5.390093803405762
1989-01-05,43700,18.0,18.25,18.25,17.875,5.427268981933594
1989-01-04,21700,17.625,18.0,18.0,17.625,5.3529205322265625
1989-01-03,28500,17.75,17.5,17.75,17.375,5.204228401184082
1988-12-30,73900,17.375,17.5,17.5,17.25,5.204228401184082
1988-12-29,49200,17.5,17.5,17.75,17.25,5.204228401184082
1988-12-28,41000,17.75,17.625,17.875,17.625,5.241402626037598
1988-12-27,10100,18.0,18.0,18.0,17.75,5.3529205322265625
1988-12-23,30400,17.875,18.0,18.125,17.875,5.3529205322265625
1988-12-22,37800,17.875,17.875,18.0,17.75,5.315751075744629
1988-12-21,66000,18.0,17.875,18.125,17.75,5.315751075744629
1988-12-20,36400,18.625,18.0,18.625,18.0,5.3529205322265625
1988-12-19,26200,18.5,18.625,18.625,18.5,5.538790225982666
1988-12-16,66100,18.75,18.625,18.75,18.375,5.538790225982666
1988-12-15,35500,19.25,18.75,19.25,18.75,5.575957775115967
1988-12-14,12800,19.0,19.125,19.125,18.875,5.687479019165039
1988-12-13,15400,19.0,19.0,19.125,18.875,5.650306224822998
1988-12-12,11900,18.875,19.0,19.0,18.875,5.650306224822998
1988-12-09,15200,18.625,18.75,18.875,18.5,5.575957775115967
1988-12-08,34300,18.625,18.625,18.875,18.625,5.538790225982666
1988-12-07,12100,19.0,18.75,19.25,18.75,5.575957775115967
1988-12-06,13700,19.0,18.875,19.0,18.875,5.613134860992432
1988-12-05,53000,18.875,18.875,19.0,18.75,5.613134860992432
1988-12-02,9100,19.0,18.875,19.0,18.75,5.613134860992432
1988-12-01,9500,18.875,18.875,19.125,18.875,5.613134860992432
1988-11-30,19000,18.625,18.75,18.875,18.5,5.575957775115967
1988-11-29,18600,18.5,18.5,18.625,18.5,5.501611232757568
1988-11-28,20600,18.75,18.625,18.875,18.5,5.538790225982666
1988-11-25,5000,18.625,18.75,18.75,18.625,5.575957775115967
1988-11-23,29100,18.625,18.75,18.75,18.375,5.575957775115967
1988-11-22,38800,18.875,18.5,19.0,18.5,5.501611232757568
1988-11-21,22800,19.25,19.0,19.25,18.875,5.650306224822998
1988-11-18,46200,19.25,19.25,19.375,19.25,5.7246503829956055
1988-11-17,25000,19.75,19.25,19.875,19.25,5.7246503829956055
1988-11-16,25800,20.0,19.875,20.125,19.75,5.91051721572876
1988-11-15,16100,20.125,20.0,20.25,20.0,5.947689533233643
1988-11-14,9600,20.375,20.25,20.375,20.125,6.02203369140625
1988-11-11,8000,20.25,20.5,20.5,20.25,6.096379280090332
1988-11-10,9600,20.25,20.375,20.5,20.25,6.059209823608398
1988-11-09,14600,20.25,20.375,20.5,20.125,6.059209823608398
1988-11-08,12500,20.125,20.375,20.375,20.125,6.059209823608398
1988-11-07,16800,20.25,20.25,20.375,20.125,6.02203369140625
1988-11-04,27900,20.625,20.375,20.625,20.375,6.059209823608398
1988-11-03,23000,20.75,21.0,21.125,20.75,6.145452976226807
1988-11-02,9000,20.875,20.75,21.0,20.75,6.072288990020752
1988-11-01,12100,20.75,20.875,21.0,20.75,6.108868598937988
1988-10-31,6200,20.875,20.875,21.0,20.875,6.108868598937988
1988-10-28,8800,21.125,21.0,21.25,20.875,6.145452976226807
1988-10-27,10500,21.25,21.0,21.25,21.0,6.145452976226807
1988-10-26,4700,21.125,21.25,21.25,21.125,6.218609809875488
1988-10-25,10600,21.25,21.125,21.375,21.125,6.182032108306885
1988-10-24,14000,21.125,21.25,21.375,21.125,6.218609809875488
1988-10-21,8900,21.125,21.25,21.375,21.125,6.218609809875488
1988-10-20,23000,21.25,21.25,21.375,21.25,6.218609809875488
1988-10-19,12800,21.625,21.25,21.75,21.25,6.218609809875488
1988-10-18,10800,21.125,21.625,21.625,21.125,6.32835054397583
1988-10-17,3800,21.375,21.125,21.375,21.125,6.182032108306885
1988-10-14,6400,21.25,21.25,21.375,21.0,6.218609809875488
1988-10-13,16200,21.25,21.25,21.375,21.125,6.218609809875488
1988-10-12,30300,21.25,21.125,21.375,21.0,6.182032108306885
1988-10-11,22100,21.375,21.25,21.5,21.25,6.218609809875488
1988-10-10,9400,21.375,21.25,21.375,21.25,6.218609809875488
1988-10-07,10300,21.5,21.25,21.625,21.25,6.218609809875488
1988-10-06,27700,21.625,21.375,21.625,21.25,6.25518798828125
1988-10-05,15600,21.625,21.5,21.625,21.375,6.291770935058594
1988-10-04,19200,21.5,21.5,21.625,21.375,6.291770935058594
1988-10-03,9600,21.625,21.375,21.625,21.375,6.25518798828125
1988-09-30,12100,21.75,21.5,21.875,21.375,6.291770935058594
1988-09-29,26400,21.75,21.625,21.875,21.625,6.32835054397583
1988-09-28,8600,21.875,21.875,21.875,21.75,6.401508808135986
1988-09-27,25700,21.875,21.875,21.875,21.75,6.401508808135986
1988-09-26,8800,21.75,21.75,21.875,21.625,6.364930152893066
1988-09-23,12300,21.75,21.75,21.75,21.5,6.364930152893066
1988-09-22,14500,21.5,21.75,21.75,21.5,6.364930152893066
1988-09-21,9500,21.5,21.625,21.625,21.5,6.32835054397583
1988-09-20,20400,21.5,21.625,21.625,21.375,6.32835054397583
1988-09-19,6100,21.25,21.375,21.375,21.125,6.25518798828125
1988-09-16,32500,21.25,21.125,21.25,21.125,6.182032108306885
1988-09-15,4500,21.5,21.25,21.5,21.25,6.218609809875488
1988-09-14,20100,21.5,21.5,21.75,21.5,6.291770935058594
1988-09-13,12900,21.5,21.375,21.625,21.375,6.25518798828125
1988-09-12,26300,21.5,21.5,21.875,21.375,6.291770935058594
1988-09-09,5000,21.5,21.5,21.5,21.375,6.291770935058594
1988-09-08,10900,21.375,21.375,21.5,21.25,6.25518798828125
1988-09-07,10600,21.25,21.25,21.375,21.25,6.218609809875488
1988-09-06,17400,21.25,21.25,21.375,21.25,6.218609809875488
1988-09-02,16400,21.375,21.25,21.375,21.25,6.218609809875488
1988-09-01,27100,21.25,21.25,21.5,21.25,6.218609809875488
1988-08-31,5700,21.375,21.25,21.375,21.25,6.218609809875488
1988-08-30,8500,21.25,21.5,21.5,21.125,6.291770935058594
1988-08-29,8900,21.0,21.25,21.25,21.0,6.218609809875488
1988-08-26,6900,20.625,21.0,21.0,20.625,6.145452976226807
1988-08-25,10000,20.625,20.75,20.75,20.5,6.072288990020752
1988-08-24,4000,20.75,20.625,20.75,20.625,6.035709857940674
1988-08-23,5600,20.75,20.625,20.875,20.625,6.035709857940674
1988-08-22,32000,20.5,20.875,20.875,20.5,6.108868598937988
1988-08-19,6200,20.5,20.5,20.625,20.375,5.999125957489014
1988-08-18,8300,20.375,20.625,20.75,20.25,6.035709857940674
1988-08-17,59100,20.25,20.25,20.5,20.25,5.925970554351807
1988-08-16,4800,20.375,20.375,20.5,20.25,5.962549686431885
1988-08-15,11200,20.75,20.5,20.75,20.375,5.999125957489014
1988-08-12,9400,20.75,20.75,20.875,20.5,6.072288990020752
1988-08-11,14700,20.75,20.75,20.875,20.5,6.072288990020752
1988-08-10,13000,21.25,20.75,21.375,20.625,6.072288990020752
1988-08-09,20500,21.375,21.25,21.5,21.125,6.218609809875488
1988-08-08,9500,21.375,21.375,21.5,21.25,6.25518798828125
1988-08-05,14100,21.0,21.125,21.25,20.875,6.182032108306885
1988-08-04,17400,20.75,20.875,21.0,20.75,6.108868598937988
1988-08-03,11700,20.75,21.125,21.125,20.75,6.083992958068848
1988-08-02,16900,20.5,20.75,20.75,20.5,5.975995063781738
1988-08-01,21200,20.375,20.375,20.5,20.25,5.867999076843262
1988-07-29,20500,20.125,20.25,20.25,20.0,5.831995487213135
1988-07-28,15000,20.25,20.25,20.25,20.125,5.831995487213135
1988-07-27,11800,20.125,20.25,20.25,20.0,5.831995487213135
1988-07-26,8700,20.0,20.125,20.125,19.875,5.795995235443115
1988-07-25,8300,20.0,19.875,20.0,19.875,5.723999500274658
1988-07-22,136700,20.125,19.875,20.125,19.75,5.723999500274658
1988-07-21,37600,20.25,20.125,20.25,20.0,5.795995235443115
1988-07-20,17200,20.375,20.25,20.375,20.125,5.831995487213135
1988-07-19,18200,20.375,20.25,20.5,20.125,5.831995487213135
1988-07-18,29000,20.5,20.5,20.5,20.25,5.903996467590332
1988-07-15,5400,20.5,20.5,20.5,20.375,5.903996467590332
1988-07-14,20100,20.625,20.5,20.75,20.375,5.903996467590332
1988-07-13,20000,20.5,20.5,20.625,20.5,5.903996467590332
1988-07-12,7500,20.625,20.625,20.75,20.625,5.939995765686035
1988-07-11,11300,20.875,20.625,20.875,20.625,5.939995765686035
1988-07-08,13100,20.75,20.625,20.875,20.5,5.939995765686035
1988-07-07,40800,21.0,20.875,21.0,20.75,6.011996746063232
1988-07-06,140000,21.375,21.0,21.5,21.0,6.047994136810303
1988-07-05,5100,21.625,21.375,21.625,21.375,6.1559953689575195
1988-07-01,15400,21.5,21.625,21.625,21.375,6.2279953956604
1988-06-30,6900,21.5,21.5,21.625,21.25,6.191995620727539
1988-06-29,10600,21.375,21.5,21.5,21.375,6.191995620727539
1988-06-28,9700,21.5,21.375,21.625,21.375,6.1559953689575195
1988-06-27,15000,21.375,21.375,21.5,21.25,6.1559953689575195
1988-06-24,7800,21.625,21.375,21.625,21.375,6.1559953689575195
1988-06-23,11600,21.5,21.625,21.625,21.375,6.2279953956604
1988-06-22,10400,21.375,21.5,21.625,21.375,6.191995620727539
1988-06-21,18900,21.75,21.5,21.875,21.5,6.191995620727539
1988-06-20,8100,21.875,21.75,21.875,21.625,6.2639970779418945
1988-06-17,20600,22.25,21.875,22.375,21.875,6.299996852874756
1988-06-16,30300,22.25,22.0,22.375,22.0,6.33599328994751
1988-06-15,56300,20.75,22.375,22.625,20.625,6.443994998931885
1988-06-14,23700,20.5,20.75,20.875,20.5,5.975995063781738
1988-06-13,11500,20.125,20.375,20.625,20.125,5.867999076843262
1988-06-10,49300,20.0,20.0,20.125,20.0,5.759994983673096
1988-06-09,31500,20.25,20.0,20.25,19.875,5.759994983673096
1988-06-08,37700,19.875,20.0,20.0,19.875,5.759994983673096
1988-06-07,17000,19.875,19.875,19.875,19.75,5.723999500274658
1988-06-06,21900,20.0,19.75,20.0,19.75,5.687993049621582
1988-06-03,20500,20.0,19.875,20.0,19.875,5.723999500274658
1988-06-02,10000,20.0,20.0,20.0,19.875,5.759994983673096
1988-06-01,76100,20.0,20.0,20.125,19.875,5.759994983673096
1988-05-31,81500,20.0,20.0,20.0,19.75,5.759994983673096
1988-05-27,44800,20.0,20.0,20.125,19.875,5.759994983673096
1988-05-26,16700,20.125,20.0,20.125,20.0,5.759994983673096
1988-05-25,32000,19.875,20.125,20.125,19.875,5.795995235443115
1988-05-24,9700,19.875,20.0,20.0,19.875,5.759994983673096
1988-05-23,19300,20.0,19.875,20.0,19.875,5.723999500274658
1988-05-20,12600,19.875,20.0,20.0,19.875,5.759994983673096
1988-05-19,17500,19.75,19.875,20.0,19.625,5.723999500274658
1988-05-18,25700,19.75,19.625,20.0,19.625,5.651995658874512
1988-05-17,26100,20.0,19.875,20.125,19.75,5.723999500274658
1988-05-16,30900,20.0,20.0,20.0,19.75,5.759994983673096
1988-05-13,35200,20.0,19.875,20.125,19.875,5.723999500274658
1988-05-12,15100,20.25,20.0,20.25,19.875,5.759994983673096
1988-05-11,99700,20.25,20.125,20.375,20.0,5.795995235443115
1988-05-10,15000,20.125,20.375,20.5,20.125,5.867999076843262
1988-05-09,27900,20.25,20.25,20.375,20.125,5.831995487213135
1988-05-06,5700,19.875,19.875,20.0,19.875,5.723999500274658
1988-05-05,105200,19.75,20.0,20.0,19.625,5.759994983673096
1988-05-04,33500,19.75,19.625,19.75,19.625,5.651995658874512
1988-05-03,15600,20.5,20.375,20.625,20.375,5.771521091461182
1988-05-02,11600,20.5,20.625,20.875,20.5,5.84233283996582
1988-04-29,9400,20.375,20.5,20.5,20.25,5.806924819946289
1988-04-28,8500,20.25,20.5,20.5,20.25,5.806924819946289
1988-04-27,45400,20.5,20.375,20.625,20.375,5.771521091461182
1988-04-26,7400,20.375,20.5,20.75,20.25,5.806924819946289
1988-04-25,24600,20.125,20.375,20.375,20.125,5.771521091461182
1988-04-22,39400,20.25,20.25,20.5,20.125,5.736108303070068
1988-04-21,13100,20.375,20.125,20.375,20.125,5.7006988525390625
1988-04-20,6100,20.375,20.25,20.375,20.125,5.736108303070068
1988-04-19,29300,20.125,20.25,20.625,20.125,5.736108303070068
1988-04-18,13700,20.25,20.125,20.375,20.125,5.7006988525390625
1988-04-15,17600,20.375,20.625,20.625,20.0,5.84233283996582
1988-04-14,23700,21.0,20.5,21.125,20.5,5.806924819946289
1988-04-13,23400,21.0,21.25,21.25,20.875,6.019371032714844
1988-04-12,28000,20.125,20.5,20.625,20.0,5.806924819946289
1988-04-11,56600,20.25,20.0,20.25,19.875,5.665293216705322
1988-04-08,47300,20.625,20.375,20.625,20.25,5.771521091461182
1988-04-07,9800,20.375,20.5,20.75,20.25,5.806924819946289
1988-04-06,37300,20.125,20.375,20.5,20.0,5.771521091461182
1988-04-05,14000,20.0,20.0,20.125,20.0,5.665293216705322
1988-04-04,33600,20.0,20.0,20.375,20.0,5.665293216705322
1988-03-31,11000,20.375,20.125,20.5,20.125,5.7006988525390625
1988-03-30,31500,20.875,20.5,20.875,20.375,5.806924819946289
1988-03-29,14600,20.5,20.625,20.75,20.5,5.84233283996582
1988-03-28,17900,20.625,20.5,20.625,20.375,5.806924819946289
1988-03-25,12900,20.375,20.625,20.625,20.375,5.84233283996582
1988-03-24,6900,20.75,20.75,20.875,20.625,5.877739906311035
1988-03-23,6600,21.125,21.0,21.125,20.625,5.948555946350098
1988-03-22,9900,21.125,21.125,21.125,20.875,5.983962535858154
1988-03-21,7900,21.125,21.0,21.25,20.875,5.948555946350098
1988-03-18,18900,21.25,21.125,21.25,21.125,5.983962535858154
1988-03-17,8700,21.5,21.375,21.625,21.25,6.054779529571533
1988-03-16,6700,21.5,21.5,21.625,21.25,6.090188503265381
1988-03-15,52300,21.5,21.625,21.625,21.5,6.125596523284912
1988-03-14,11500,21.375,21.625,21.625,21.375,6.125596523284912
1988-03-11,55400,21.5,21.5,21.75,21.375,6.090188503265381
1988-03-10,15300,21.75,21.5,21.875,21.5,6.090188503265381
1988-03-09,10900,21.5,21.625,21.75,21.375,6.125596523284912
1988-03-08,9900,21.375,21.5,21.5,21.25,6.090188503265381
1988-03-07,9000,21.25,21.5,21.5,21.125,6.090188503265381
1988-03-04,11800,21.75,21.5,21.75,21.375,6.090188503265381
1988-03-03,34900,21.75,21.75,21.875,21.625,6.16100549697876
1988-03-02,4000,21.875,21.875,21.875,21.625,6.196414947509766
1988-03-01,48000,21.75,21.875,21.875,21.625,6.196414947509766
1988-02-29,9200,22.0,22.0,22.125,21.75,6.2318196296691895
1988-02-26,3800,21.75,21.875,21.875,21.75,6.196414947509766
1988-02-25,10600,21.75,21.75,22.0,21.75,6.16100549697876
1988-02-24,22900,22.0,21.625,22.0,21.625,6.125596523284912
1988-02-23,9400,22.25,22.125,22.25,22.0,6.267230987548828
1988-02-22,41200,22.25,22.125,22.375,22.0,6.267230987548828
1988-02-19,21500,22.25,22.5,22.5,22.25,6.373453140258789
1988-02-18,127000,21.875,22.0,22.0,21.5,6.2318196296691895
1988-02-17,29400,22.25,22.0,22.25,22.0,6.2318196296691895
1988-02-16,6900,22.375,22.25,22.375,22.25,6.302638053894043
1988-02-12,10600,22.875,22.5,22.875,22.375,6.373453140258789
1988-02-11,55500,22.875,22.875,23.0,22.75,6.479681015014648
1988-02-10,33100,22.5,23.0,23.0,22.5,6.515090465545654
1988-02-09,8300,22.25,22.5,22.5,22.25,6.373453140258789
1988-02-08,12300,22.5,22.25,22.5,22.25,6.302638053894043
1988-02-05,23300,22.25,22.5,22.5,22.125,6.373453140258789
1988-02-04,11700,22.5,22.25,22.5,22.125,6.302638053894043
1988-02-03,24500,23.125,23.0,23.25,22.75,6.420191764831543
1988-02-02,17900,22.875,23.25,23.25,22.625,6.489975929260254
1988-02-01,20800,22.5,22.625,22.625,22.5,6.315515518188477
1988-01-29,28200,22.375,22.375,22.5,22.375,6.245725631713867
1988-01-28,14900,21.75,22.375,22.375,21.75,6.245725631713867
1988-01-27,19800,21.125,21.625,21.625,21.125,6.036375999450684
1988-01-26,14500,21.25,21.25,21.625,21.125,5.931699275970459
1988-01-25,17800,21.0,21.125,21.375,21.0,5.8968071937561035
1988-01-22,7400,20.625,20.875,20.875,20.625,5.82702112197876
1988-01-21,4400,20.625,20.75,20.75,20.625,5.792129993438721
1988-01-20,10200,20.625,20.75,20.875,20.5,5.792129993438721
1988-01-19,34400,20.75,20.875,20.875,20.625,5.82702112197876
1988-01-18,53100,20.625,20.625,20.875,20.5,5.757236957550049
1988-01-15,9500,20.875,20.5,20.875,20.5,5.72234582901001
1988-01-14,11300,20.625,20.75,20.75,20.5,5.792129993438721
1988-01-13,18200,20.625,20.75,20.75,20.5,5.792129993438721
1988-01-12,8100,20.75,20.75,21.0,20.5,5.792129993438721
1988-01-11,11300,20.625,20.75,20.875,20.5,5.792129993438721
1988-01-08,18500,21.375,20.875,21.375,20.875,5.82702112197876
1988-01-07,4700,21.25,21.375,21.375,21.25,5.966592311859131
1988-01-06,29900,21.625,21.5,21.875,21.125,6.0014848709106445
1988-01-05,39500,21.0,21.875,22.125,21.0,6.106163501739502
1988-01-04,8000,20.5,20.875,20.875,20.375,5.82702112197876
1987-12-31,16400,20.375,20.375,20.5,20.25,5.687453269958496
1987-12-30,15800,20.25,20.375,20.625,20.25,5.687453269958496
