date,volume,open,close,high,low,adjclose
2018-10-26,42600,8.479999542236328,8.300000190734863,8.760000228881836,8.210000038146973,8.300000190734863
2018-10-25,43400,8.479999542236328,8.510000228881836,8.84000015258789,8.399999618530273,8.510000228881836
2018-10-24,29700,8.75,8.5,8.979999542236328,8.5,8.359999656677246
2018-10-23,65300,8.9399995803833,8.75,9.0600004196167,8.6899995803833,8.605881690979004
2018-10-22,89000,9.609999656677246,9.119999885559082,9.609999656677246,9.100000381469727,8.96978759765625
2018-10-19,5500,9.800000190734863,9.579999923706055,9.800000190734863,9.5600004196167,9.422211647033691
2018-10-18,23500,9.800000190734863,9.760000228881836,9.800000190734863,9.569999694824219,9.599246978759766
2018-10-17,12900,9.710000038146973,9.800000190734863,9.800000190734863,9.680000305175781,9.638587951660156
2018-10-16,7000,9.680000305175781,9.600000381469727,9.739999771118164,9.569999694824219,9.441882133483887
2018-10-15,17100,9.520000457763672,9.65999984741211,9.680000305175781,9.520000457763672,9.500893592834473
2018-10-12,26200,9.890000343322754,9.550000190734863,9.890000343322754,9.529999732971191,9.392705917358398
2018-10-11,28100,9.899999618530273,9.84000015258789,9.899999618530273,9.680000305175781,9.677928924560547
2018-10-10,63700,9.520000457763672,9.850000381469727,9.899999618530273,9.520000457763672,9.687765121459961
2018-10-09,29700,9.880000114440918,9.569999694824219,9.899999618530273,9.569999694824219,9.412376403808594
2018-10-08,31400,9.609999656677246,9.8100004196167,9.899999618530273,9.609999656677246,9.64842414855957
2018-10-05,13600,9.649999618530273,9.569999694824219,9.899999618530273,9.5,9.412376403808594
2018-10-04,51400,9.65999984741211,9.579999923706055,9.859999656677246,9.399999618530273,9.422211647033691
2018-10-03,70300,9.8100004196167,9.649999618530273,9.899999618530273,9.5,9.491058349609375
2018-10-02,17900,9.989999771118164,9.800000190734863,10.0,9.800000190734863,9.638587951660156
2018-10-01,36900,9.859999656677246,9.970000267028809,10.0,9.800000190734863,9.805788040161133
2018-09-28,40900,9.90999984741211,9.829999923706055,10.0,9.789999961853027,9.66809368133545
2018-09-27,79800,9.960000038146973,9.9399995803833,9.989999771118164,9.869999885559082,9.776281356811523
2018-09-26,52000,9.59000015258789,9.649999618530273,9.770000457763672,9.550000190734863,9.491058349609375
2018-09-25,52900,9.40999984741211,9.520000457763672,9.609999656677246,9.3100004196167,9.363200187683105
2018-09-24,59500,9.300000190734863,9.470000267028809,9.800000190734863,9.25,9.314023971557617
2018-09-21,34600,9.40999984741211,9.369999885559082,9.40999984741211,9.25,9.215670585632324
2018-09-20,20000,9.529999732971191,9.40999984741211,9.529999732971191,9.350000381469727,9.255011558532715
2018-09-19,8600,9.4399995803833,9.470000267028809,9.539999961853027,9.4399995803833,9.314023971557617
2018-09-18,27900,9.5,9.399999618530273,9.579999923706055,9.399999618530273,9.245176315307617
2018-09-17,43500,9.649999618530273,9.510000228881836,9.829999923706055,9.510000228881836,9.353364944458008
2018-09-14,34600,9.5,9.59000015258789,9.640000343322754,9.470000267028809,9.432046890258789
2018-09-13,25600,9.5,9.5,9.5,9.350000381469727,9.343528747558594
2018-09-12,17900,9.449999809265137,9.529999732971191,9.529999732971191,9.34000015258789,9.373034477233887
2018-09-11,70900,9.5,9.460000038146973,9.649999618530273,9.399999618530273,9.304187774658203
2018-09-10,63200,9.470000267028809,9.5,9.539999961853027,9.319999694824219,9.343528747558594
2018-09-07,22800,9.399999618530273,9.479999542236328,9.479999542236328,9.300000190734863,9.323858261108398
2018-09-06,13800,9.369999885559082,9.420000076293945,9.470000267028809,9.3100004196167,9.264846801757812
2018-09-05,8700,9.449999809265137,9.420000076293945,9.449999809265137,9.300000190734863,9.264846801757812
2018-09-04,21600,9.399999618530273,9.479999542236328,9.489999771118164,9.300000190734863,9.323858261108398
2018-08-31,9500,9.489999771118164,9.369999885559082,9.520000457763672,9.350000381469727,9.215670585632324
2018-08-30,30000,9.460000038146973,9.479999542236328,9.489999771118164,9.3100004196167,9.323858261108398
2018-08-29,15800,9.5,9.449999809265137,9.510000228881836,9.399999618530273,9.294352531433105
2018-08-28,43900,9.5,9.5,9.5600004196167,9.430000305175781,9.343528747558594
2018-08-27,25400,9.479999542236328,9.420000076293945,9.699999809265137,9.420000076293945,9.264846801757812
2018-08-24,23400,9.5,9.489999771118164,9.619999885559082,9.470000267028809,9.333693504333496
2018-08-23,39300,9.5,9.5,9.649999618530273,9.399999618530273,9.343528747558594
2018-08-22,41100,9.699999809265137,9.520000457763672,9.699999809265137,9.479999542236328,9.363200187683105
2018-08-21,33200,9.670000076293945,9.6899995803833,9.699999809265137,9.479999542236328,9.530399322509766
2018-08-20,61800,9.5,9.569999694824219,9.75,9.430000305175781,9.412376403808594
2018-08-17,189700,9.75,9.420000076293945,10.289999961853027,9.25,9.264846801757812
2018-08-16,412100,9.180000305175781,9.739999771118164,9.899999618530273,9.15999984741211,9.57957649230957
2018-08-15,50800,9.130000114440918,9.149999618530273,9.180000305175781,8.859999656677246,8.999293327331543
2018-08-14,40100,9.0,9.039999961853027,9.149999618530273,8.859999656677246,8.891105651855469
2018-08-13,19800,8.949999809265137,8.949999809265137,8.949999809265137,8.84000015258789,8.802587509155273
2018-08-10,11900,8.789999961853027,8.949999809265137,8.949999809265137,8.760000228881836,8.802587509155273
2018-08-09,8200,8.9399995803833,8.850000381469727,8.949999809265137,8.819999694824219,8.704235076904297
2018-08-08,11700,8.729999542236328,8.949999809265137,9.069999694824219,8.729999542236328,8.802587509155273
2018-08-07,24000,8.6899995803833,9.050000190734863,9.140000343322754,8.6899995803833,8.900940895080566
2018-08-06,6400,8.6899995803833,8.979999542236328,8.979999542236328,8.6899995803833,8.832093238830566
2018-08-03,7500,8.770000457763672,8.6899995803833,8.800000190734863,8.6899995803833,8.546870231628418
2018-08-02,1300,8.819999694824219,8.819999694824219,8.850000381469727,8.800000190734863,8.674729347229004
2018-08-01,2200,8.6899995803833,8.850000381469727,8.9399995803833,8.6899995803833,8.704235076904297
2018-07-31,4800,8.699999809265137,8.65999984741211,8.729999542236328,8.550000190734863,8.517364501953125
2018-07-30,7100,8.699999809265137,8.699999809265137,8.800000190734863,8.529999732971191,8.556705474853516
2018-07-27,3700,8.989999771118164,8.699999809265137,8.989999771118164,8.529999732971191,8.556705474853516
2018-07-26,2400,9.079999923706055,9.039999961853027,9.079999923706055,8.9399995803833,8.891105651855469
2018-07-25,2900,9.170000076293945,9.130000114440918,9.180000305175781,8.949999809265137,8.979623794555664
2018-07-24,5200,9.0,9.0,9.15999984741211,8.800000190734863,8.851764678955078
2018-07-23,2800,8.920000076293945,9.0,9.09000015258789,8.800000190734863,8.851764678955078
2018-07-20,2100,8.850000381469727,9.069999694824219,9.069999694824219,8.850000381469727,8.920611381530762
2018-07-19,9600,8.789999961853027,8.829999923706055,9.149999618530273,8.600000381469727,8.684564590454102
2018-07-18,4100,9.0,9.0,9.020000457763672,8.880000114440918,8.851764678955078
2018-07-17,2600,8.949999809265137,9.119999885559082,9.119999885559082,8.869999885559082,8.96978759765625
2018-07-16,3100,8.920000076293945,8.960000038146973,9.0,8.800000190734863,8.812423706054688
2018-07-13,2500,8.880000114440918,9.0,9.020000457763672,8.850000381469727,8.851764678955078
2018-07-12,13200,8.989999771118164,9.010000228881836,9.029999732971191,8.920000076293945,8.861599922180176
2018-07-11,3500,8.859999656677246,9.010000228881836,9.020000457763672,8.850000381469727,8.861599922180176
2018-07-10,10800,8.739999771118164,8.850000381469727,8.989999771118164,8.729999542236328,8.704235076904297
2018-07-09,8300,8.640000343322754,8.699999809265137,8.699999809265137,8.529999732971191,8.556705474853516
2018-07-06,3700,8.520000457763672,8.6899995803833,8.6899995803833,8.5,8.546870231628418
2018-07-05,24700,8.449999809265137,8.489999771118164,8.6899995803833,8.4399995803833,8.350164413452148
2018-07-03,400,8.449999809265137,8.449999809265137,8.449999809265137,8.449999809265137,8.310823440551758
2018-07-02,1100,8.619999885559082,8.489999771118164,8.619999885559082,8.279999732971191,8.350164413452148
2018-06-29,23500,8.380000114440918,8.6899995803833,8.6899995803833,8.210000038146973,8.546870231628418
2018-06-28,38500,8.760000228881836,8.460000038146973,9.0,8.399999618530273,8.320658683776855
2018-06-27,5300,8.789999961853027,8.75,8.800000190734863,8.600000381469727,8.468188285827637
2018-06-26,7200,8.699999809265137,8.800000190734863,8.800000190734863,8.640000343322754,8.51657772064209
2018-06-25,9600,8.579999923706055,8.699999809265137,8.760000228881836,8.579999923706055,8.419798851013184
2018-06-22,7000,8.710000038146973,8.720000267028809,8.779999732971191,8.680000305175781,8.439155578613281
2018-06-21,2100,8.729999542236328,8.75,8.75,8.729999542236328,8.468188285827637
2018-06-20,8600,8.640000343322754,8.710000038146973,8.739999771118164,8.640000343322754,8.429476737976074
2018-06-19,23000,8.75,8.619999885559082,8.930000305175781,8.550000190734863,8.342375755310059
2018-06-18,4200,8.779999732971191,8.729999542236328,8.869999885559082,8.699999809265137,8.448832511901855
2018-06-15,23300,8.890000343322754,8.829999923706055,8.899999618530273,8.699999809265137,8.545611381530762
2018-06-14,2900,8.960000038146973,8.989999771118164,9.0,8.90999984741211,8.700458526611328
2018-06-13,12100,9.0,8.949999809265137,9.0,8.789999961853027,8.66174602508545
2018-06-12,3200,9.029999732971191,9.010000228881836,9.029999732971191,8.960000038146973,8.71981430053711
2018-06-11,10100,9.0,8.970000267028809,9.039999961853027,8.920000076293945,8.681102752685547
2018-06-08,6300,9.020000457763672,8.970000267028809,9.050000190734863,8.729999542236328,8.681102752685547
2018-06-07,6500,9.0,9.039999961853027,9.050000190734863,8.970000267028809,8.748847961425781
2018-06-06,34400,8.989999771118164,8.960000038146973,9.1899995803833,8.9399995803833,8.671424865722656
2018-06-05,11900,9.0,8.9399995803833,9.149999618530273,8.739999771118164,8.652068138122559
2018-06-04,6500,8.930000305175781,9.010000228881836,9.149999618530273,8.850000381469727,8.71981430053711
2018-06-01,9500,8.779999732971191,8.989999771118164,8.989999771118164,8.619999885559082,8.700458526611328
2018-05-31,14000,8.949999809265137,8.710000038146973,8.949999809265137,8.609999656677246,8.429476737976074
2018-05-30,13300,9.1899995803833,8.949999809265137,9.199999809265137,8.920000076293945,8.66174602508545
2018-05-29,23800,8.989999771118164,9.109999656677246,9.170000076293945,8.949999809265137,8.816593170166016
2018-05-25,12700,9.0600004196167,9.069999694824219,9.149999618530273,8.979999542236328,8.777881622314453
2018-05-24,13300,8.899999618530273,9.069999694824219,9.100000381469727,8.869999885559082,8.777881622314453
2018-05-23,9500,8.880000114440918,8.84000015258789,8.949999809265137,8.760000228881836,8.555289268493652
2018-05-22,16900,8.84000015258789,8.880000114440918,9.0,8.84000015258789,8.594000816345215
2018-05-21,22000,8.829999923706055,8.819999694824219,8.859999656677246,8.630000114440918,8.535933494567871
2018-05-18,33500,8.579999923706055,8.729999542236328,8.880000114440918,8.5600004196167,8.448832511901855
2018-05-17,6200,8.729999542236328,8.800000190734863,8.800000190734863,8.729999542236328,8.51657772064209
2018-05-16,7000,8.65999984741211,8.800000190734863,8.880000114440918,8.65999984741211,8.51657772064209
2018-05-15,3200,8.65999984741211,8.649999618530273,8.789999961853027,8.600000381469727,8.37140941619873
2018-05-14,3100,8.649999618530273,8.8100004196167,8.930000305175781,8.649999618530273,8.52625560760498
2018-05-11,7700,8.600000381469727,8.75,8.869999885559082,8.600000381469727,8.468188285827637
2018-05-10,9900,8.5600004196167,8.600000381469727,8.8100004196167,8.380000114440918,8.323019981384277
2018-05-09,6600,8.40999984741211,8.760000228881836,8.8100004196167,8.40999984741211,8.477866172790527
2018-05-08,15700,8.5,8.260000228881836,8.75,8.260000228881836,7.993969917297363
2018-05-07,12600,8.479999542236328,8.369999885559082,8.880000114440918,8.25,8.10042667388916
2018-05-04,10400,8.149999618530273,8.539999961853027,8.600000381469727,8.119999885559082,8.264951705932617
2018-05-03,2200,8.029999732971191,8.109999656677246,8.210000038146973,8.029999732971191,7.848800182342529
2018-05-02,9400,8.5,8.279999732971191,8.5,8.279999732971191,8.013325691223145
2018-05-01,5300,8.569999694824219,8.609999656677246,8.609999656677246,8.119999885559082,8.332696914672852
2018-04-30,6000,8.949999809265137,8.489999771118164,8.949999809265137,8.489999771118164,8.216562271118164
2018-04-27,19500,8.460000038146973,8.930000305175781,8.930000305175781,8.199999809265137,8.642391204833984
2018-04-26,13800,8.539999961853027,8.359999656677246,8.539999961853027,8.100000381469727,8.09074878692627
2018-04-25,37400,7.860000133514404,8.1899995803833,8.59000015258789,7.559999942779541,7.9262237548828125
2018-04-24,27100,8.050000190734863,7.659999847412109,8.210000038146973,7.619999885559082,7.413293838500977
2018-04-23,33900,8.050000190734863,7.940000057220459,8.220000267028809,7.940000057220459,7.6842756271362305
2018-04-20,7100,8.300000190734863,8.390000343322754,8.420000076293945,8.210000038146973,8.119783401489258
2018-04-19,14900,8.65999984741211,8.350000381469727,8.65999984741211,8.029999732971191,8.081071853637695
2018-04-18,5600,8.84000015258789,8.6899995803833,8.84000015258789,8.680000305175781,8.410120964050293
2018-04-17,13500,8.65999984741211,8.850000381469727,8.90999984741211,8.65999984741211,8.564967155456543
2018-04-16,7200,8.8100004196167,8.90999984741211,8.920000076293945,8.8100004196167,8.623034477233887
2018-04-13,4500,8.8100004196167,8.90999984741211,8.920000076293945,8.8100004196167,8.623034477233887
2018-04-12,7800,8.989999771118164,8.90999984741211,8.989999771118164,8.8100004196167,8.623034477233887
2018-04-11,2300,8.930000305175781,8.970000267028809,8.979999542236328,8.90999984741211,8.681102752685547
2018-04-10,2000,9.010000228881836,8.890000343322754,9.010000228881836,8.859999656677246,8.603679656982422
2018-04-09,6300,8.920000076293945,8.819999694824219,9.010000228881836,8.819999694824219,8.535933494567871
2018-04-06,18300,9.109999656677246,8.989999771118164,9.329999923706055,8.970000267028809,8.700458526611328
2018-04-05,10900,9.25,9.149999618530273,9.430000305175781,9.140000343322754,8.855304718017578
2018-04-04,32600,9.369999885559082,9.199999809265137,9.510000228881836,9.020000457763672,8.903695106506348
2018-04-03,11800,9.539999961853027,9.3100004196167,9.539999961853027,9.300000190734863,9.010152816772461
2018-04-02,20200,9.479999542236328,9.489999771118164,9.539999961853027,9.4399995803833,9.184354782104492
2018-03-29,39400,9.430000305175781,9.449999809265137,9.479999542236328,9.300000190734863,9.14564323425293
2018-03-28,30600,9.5,9.460000038146973,9.510000228881836,9.449999809265137,9.15532112121582
2018-03-27,11000,9.600000381469727,9.649999618530273,9.699999809265137,9.539999961853027,9.203710556030273
2018-03-26,23800,9.600000381469727,9.59000015258789,9.600000381469727,9.4399995803833,9.146486282348633
2018-03-23,16800,9.550000190734863,9.5600004196167,9.569999694824219,9.34000015258789,9.117873191833496
2018-03-22,41800,9.5600004196167,9.510000228881836,9.699999809265137,9.229999542236328,9.070185661315918
2018-03-21,11100,9.539999961853027,9.670000076293945,9.779999732971191,9.539999961853027,9.222785949707031
2018-03-20,8300,9.539999961853027,9.59000015258789,9.670000076293945,9.529999732971191,9.146486282348633
2018-03-19,13300,9.329999923706055,9.539999961853027,9.539999961853027,9.289999961853027,9.098798751831055
2018-03-16,53100,9.140000343322754,9.390000343322754,9.390000343322754,9.109999656677246,8.955735206604004
2018-03-15,6700,9.170000076293945,9.130000114440918,9.180000305175781,9.09000015258789,8.707759857177734
2018-03-14,132100,9.260000228881836,9.100000381469727,9.260000228881836,8.949999809265137,8.679147720336914
2018-03-13,37000,9.079999923706055,9.34000015258789,9.600000381469727,9.069999694824219,8.908047676086426
2018-03-12,15300,9.079999923706055,9.079999923706055,9.130000114440918,9.069999694824219,8.660072326660156
2018-03-09,45600,9.069999694824219,9.149999618530273,9.1899995803833,9.069999694824219,8.726834297180176
2018-03-08,17000,9.069999694824219,8.970000267028809,9.069999694824219,8.800000190734863,8.555159568786621
2018-03-07,112900,9.130000114440918,9.010000228881836,9.130000114440918,9.010000228881836,8.59330940246582
2018-03-06,63200,9.100000381469727,9.100000381469727,9.199999809265137,9.0,8.679147720336914
2018-03-05,43900,9.109999656677246,9.149999618530273,9.199999809265137,9.079999923706055,8.726834297180176
2018-03-02,13500,9.050000190734863,9.170000076293945,9.180000305175781,9.050000190734863,8.745909690856934
2018-03-01,32600,9.09000015258789,9.149999618530273,9.180000305175781,9.09000015258789,8.726834297180176
2018-02-28,14100,9.050000190734863,9.130000114440918,9.180000305175781,9.050000190734863,8.707759857177734
2018-02-27,22000,9.199999809265137,9.100000381469727,9.199999809265137,9.09000015258789,8.679147720336914
2018-02-26,8800,8.970000267028809,9.180000305175781,9.180000305175781,8.970000267028809,8.755447387695312
2018-02-23,14300,8.84000015258789,8.899999618530273,8.970000267028809,8.800000190734863,8.488396644592285
2018-02-22,17300,8.819999694824219,8.84000015258789,8.920000076293945,8.819999694824219,8.431171417236328
2018-02-21,3600,8.819999694824219,8.850000381469727,8.869999885559082,8.819999694824219,8.440709114074707
2018-02-20,35300,8.899999618530273,8.8100004196167,9.100000381469727,8.8100004196167,8.402558326721191
2018-02-16,3000,8.829999923706055,8.960000038146973,9.0,8.829999923706055,8.545621871948242
2018-02-15,14500,8.930000305175781,8.84000015258789,8.930000305175781,8.789999961853027,8.431171417236328
2018-02-14,3900,8.789999961853027,8.869999885559082,8.949999809265137,8.789999961853027,8.459784507751465
2018-02-13,27500,8.890000343322754,8.789999961853027,8.890000343322754,8.579999923706055,8.383484840393066
2018-02-12,24800,8.869999885559082,8.960000038146973,8.989999771118164,8.779999732971191,8.545621871948242
2018-02-09,57100,9.0,8.850000381469727,9.029999732971191,8.779999732971191,8.440709114074707
2018-02-08,26700,8.989999771118164,8.970000267028809,9.029999732971191,8.90999984741211,8.555159568786621
2018-02-07,30700,8.930000305175781,9.029999732971191,9.050000190734863,8.8100004196167,8.612384796142578
2018-02-06,46400,8.989999771118164,8.960000038146973,9.15999984741211,8.800000190734863,8.545621871948242
2018-02-05,47500,8.970000267028809,9.09000015258789,9.199999809265137,8.960000038146973,8.669609069824219
2018-02-02,26200,9.149999618530273,9.039999961853027,9.180000305175781,9.029999732971191,8.62192153930664
2018-02-01,2900,8.930000305175781,9.289999961853027,9.300000190734863,8.930000305175781,8.860360145568848
2018-01-31,23900,9.1899995803833,8.949999809265137,9.34000015258789,8.949999809265137,8.536084175109863
2018-01-30,16700,9.130000114440918,9.199999809265137,9.239999771118164,9.039999961853027,8.77452278137207
2018-01-29,34400,9.0,9.149999618530273,9.25,8.899999618530273,8.726834297180176
2018-01-26,26200,9.149999618530273,9.079999923706055,9.199999809265137,9.0,8.660072326660156
2018-01-25,5100,9.289999961853027,9.149999618530273,9.289999961853027,9.119999885559082,8.726834297180176
2018-01-24,14500,9.140000343322754,9.130000114440918,9.15999984741211,9.0,8.707759857177734
2018-01-23,22400,9.289999961853027,9.199999809265137,9.34000015258789,9.029999732971191,8.77452278137207
2018-01-22,9900,9.199999809265137,9.239999771118164,9.359999656677246,9.140000343322754,8.81267261505127
2018-01-19,15600,8.989999771118164,9.239999771118164,9.880000114440918,8.989999771118164,8.81267261505127
2018-01-18,14700,8.949999809265137,9.039999961853027,9.149999618530273,8.899999618530273,8.62192153930664
2018-01-17,44900,8.899999618530273,8.949999809265137,9.100000381469727,8.899999618530273,8.536084175109863
2018-01-16,45600,9.050000190734863,8.989999771118164,9.130000114440918,8.899999618530273,8.574234008789062
2018-01-12,101500,9.399999618530273,8.9399995803833,9.399999618530273,8.869999885559082,8.526546478271484
2018-01-11,138900,8.270000457763672,9.199999809265137,9.800000190734863,8.15999984741211,8.77452278137207
2018-01-10,47000,8.010000228881836,8.100000381469727,8.180000305175781,7.96999979019165,7.725395202636719
2018-01-09,81900,7.840000152587891,7.960000038146973,7.989999771118164,7.829999923706055,7.591869354248047
2018-01-08,21600,7.730000019073486,7.75,7.820000171661377,7.639999866485596,7.391581058502197
2018-01-05,6800,7.650000095367432,7.710000038146973,7.739999771118164,7.599999904632568,7.353431224822998
2018-01-04,13800,7.559999942779541,7.659999847412109,7.679999828338623,7.449999809265137,7.305743217468262
2018-01-03,31900,7.5,7.570000171661377,7.679999828338623,7.440000057220459,7.219905853271484
2018-01-02,39700,7.389999866485596,7.449999809265137,7.510000228881836,7.059999942779541,7.10545539855957
2017-12-29,86900,7.150000095367432,7.349999904632568,7.449999809265137,7.0,7.010079860687256
2017-12-28,23800,7.349999904632568,7.199999809265137,7.420000076293945,7.079999923706055,6.8670172691345215
2017-12-27,64500,7.179999828338623,7.480000019073486,7.570000171661377,7.170000076293945,7.000543117523193
2017-12-26,83900,7.429999828338623,7.199999809265137,7.489999771118164,7.099999904632568,6.738490581512451
2017-12-22,24600,7.380000114440918,7.570000171661377,7.650000095367432,7.380000114440918,7.084774017333984
2017-12-21,41800,7.869999885559082,7.630000114440918,7.869999885559082,7.349999904632568,7.140928268432617
2017-12-20,14900,7.840000152587891,7.739999771118164,7.96999979019165,7.699999809265137,7.243876934051514
2017-12-19,40100,7.710000038146973,7.789999961853027,8.0,7.699999809265137,7.290672302246094
2017-12-18,66900,7.599999904632568,7.880000114440918,8.109999656677246,7.5,7.374903678894043
2017-12-15,40200,7.230000019073486,7.409999847412109,7.440000057220459,7.199999809265137,6.93502950668335
2017-12-14,19600,7.360000133514404,7.349999904632568,7.489999771118164,7.289999961853027,6.878875732421875
2017-12-13,108500,7.340000152587891,7.269999980926514,7.5,7.199999809265137,6.8040032386779785
2017-12-12,62300,8.34000015258789,7.300000190734863,8.34000015258789,7.260000228881836,6.832080841064453
2017-12-11,19400,7.420000076293945,7.329999923706055,7.449999809265137,7.260000228881836,6.8601579666137695
2017-12-08,15100,7.349999904632568,7.389999866485596,7.440000057220459,7.349999904632568,6.916311740875244
2017-12-07,29400,7.349999904632568,7.360000133514404,7.409999847412109,7.309999942779541,6.8882341384887695
2017-12-06,27900,7.440000057220459,7.440000057220459,7.670000076293945,7.400000095367432,6.963106632232666
2017-12-05,24600,7.21999979019165,7.400000095367432,7.519999980926514,7.210000038146973,6.925671100616455
2017-12-04,33800,7.0,7.199999809265137,7.28000020980835,6.940000057220459,6.738490581512451
2017-12-01,33200,6.900000095367432,6.96999979019165,7.010000228881836,6.900000095367432,6.523233413696289
2017-11-30,20600,7.0,6.900000095367432,7.03000020980835,6.880000114440918,6.4577202796936035
2017-11-29,4900,7.079999923706055,6.980000019073486,7.079999923706055,6.900000095367432,6.532591819763184
2017-11-28,23400,6.920000076293945,7.090000152587891,7.099999904632568,6.809999942779541,6.6355414390563965
2017-11-27,37500,7.179999828338623,7.010000228881836,7.210000038146973,6.909999847412109,6.560669422149658
2017-11-24,3600,7.090000152587891,7.199999809265137,7.199999809265137,7.019999980926514,6.738490581512451
2017-11-22,23800,7.090000152587891,7.070000171661377,7.170000076293945,7.050000190734863,6.616823196411133
2017-11-21,8500,7.119999885559082,7.130000114440918,7.179999828338623,7.059999942779541,6.672977924346924
2017-11-20,11100,7.150000095367432,7.079999923706055,7.190000057220459,7.079999923706055,6.6261820793151855
2017-11-17,16800,7.099999904632568,7.230000019073486,7.25,7.010000228881836,6.766567230224609
2017-11-16,20600,7.0,7.050000190734863,7.179999828338623,7.0,6.598105430603027
2017-11-15,21700,7.199999809265137,7.019999980926514,7.300000190734863,7.010000228881836,6.570028305053711
2017-11-14,47300,7.599999904632568,7.420000076293945,7.639999866485596,7.409999847412109,6.944389343261719
2017-11-13,63400,7.28000020980835,7.440000057220459,7.53000020980835,7.21999979019165,6.963106632232666
2017-11-10,18400,7.050000190734863,7.170000076293945,7.239999771118164,7.050000190734863,6.710413455963135
2017-11-09,21600,6.960000038146973,7.010000228881836,7.039999961853027,6.960000038146973,6.560669422149658
2017-11-08,98100,7.190000057220459,6.960000038146973,7.25,6.900000095367432,6.513874053955078
2017-11-07,23900,7.179999828338623,7.239999771118164,7.300000190734863,7.070000171661377,6.775926113128662
2017-11-06,14000,7.110000133514404,7.21999979019165,7.230000019073486,7.110000133514404,6.757208347320557
2017-11-03,27900,7.170000076293945,7.159999847412109,7.210000038146973,7.110000133514404,6.701054096221924
2017-11-02,45400,7.139999866485596,7.150000095367432,7.150000095367432,6.829999923706055,6.691695213317871
2017-11-01,43600,6.929999828338623,7.079999923706055,7.110000133514404,6.809999942779541,6.6261820793151855
2017-10-31,18700,7.019999980926514,7.0,7.059999942779541,6.920000076293945,6.551310062408447
2017-10-30,18800,7.329999923706055,6.960000038146973,7.329999923706055,6.929999828338623,6.513874053955078
2017-10-27,8800,7.070000171661377,7.239999771118164,7.300000190734863,7.0,6.775926113128662
2017-10-26,18300,7.099999904632568,7.179999828338623,7.179999828338623,6.989999771118164,6.7197723388671875
2017-10-25,14100,7.050000190734863,7.119999885559082,7.119999885559082,7.03000020980835,6.663618087768555
2017-10-24,52800,7.150000095367432,7.0,7.269999980926514,7.0,6.551310062408447
2017-10-23,5100,7.010000228881836,7.070000171661377,7.070000171661377,7.010000228881836,6.616823196411133
2017-10-20,3200,7.289999961853027,7.059999942779541,7.289999961853027,7.050000190734863,6.60746431350708
2017-10-19,3200,7.039999961853027,7.079999923706055,7.079999923706055,7.039999961853027,6.6261820793151855
2017-10-18,13300,7.059999942779541,7.059999942779541,7.079999923706055,7.050000190734863,6.60746431350708
2017-10-17,10800,7.099999904632568,7.079999923706055,7.139999866485596,7.059999942779541,6.6261820793151855
2017-10-16,31600,7.039999961853027,7.079999923706055,7.199999809265137,7.010000228881836,6.6261820793151855
2017-10-13,21300,7.21999979019165,7.019999980926514,7.5,7.010000228881836,6.570028305053711
2017-10-12,35000,7.210000038146973,7.239999771118164,7.400000095367432,7.099999904632568,6.775926113128662
2017-10-11,17800,7.170000076293945,7.170000076293945,7.210000038146973,6.989999771118164,6.710413455963135
2017-10-10,3500,6.960000038146973,7.090000152587891,7.119999885559082,6.960000038146973,6.6355414390563965
2017-10-09,27300,6.96999979019165,7.039999961853027,7.150000095367432,6.900000095367432,6.588746547698975
2017-10-06,15300,6.909999847412109,7.039999961853027,7.050000190734863,6.829999923706055,6.588746547698975
2017-10-05,19000,6.900000095367432,7.03000020980835,7.150000095367432,6.900000095367432,6.579387187957764
2017-10-04,27900,6.949999809265137,7.039999961853027,7.079999923706055,6.889999866485596,6.588746547698975
2017-10-03,12700,7.130000114440918,6.989999771118164,7.130000114440918,6.909999847412109,6.5419511795043945
2017-10-02,20100,6.699999809265137,7.070000171661377,7.070000171661377,6.699999809265137,6.616823196411133
2017-09-29,36400,7.0,6.730000019073486,7.0,6.670000076293945,6.298616886138916
2017-09-28,22500,7.070000171661377,7.0,7.340000152587891,6.909999847412109,6.551310062408447
2017-09-27,14100,7.130000114440918,7.139999866485596,7.28000020980835,6.980000019073486,6.551310062408447
2017-09-26,35500,6.949999809265137,7.010000228881836,7.050000190734863,6.940000057220459,6.3035712242126465
2017-09-25,19600,7.019999980926514,6.960000038146973,7.039999961853027,6.940000057220459,6.258610248565674
2017-09-22,15600,7.119999885559082,7.119999885559082,7.130000114440918,7.070000171661377,6.402485370635986
2017-09-21,36400,7.0,7.050000190734863,7.110000133514404,6.96999979019165,6.339540481567383
2017-09-20,21400,6.989999771118164,6.96999979019165,7.110000133514404,6.949999809265137,6.267602443695068
2017-09-19,16200,6.840000152587891,7.0,7.0,6.829999923706055,6.294579029083252
2017-09-18,14200,6.900000095367432,6.829999923706055,7.170000076293945,6.829999923706055,6.1417107582092285
2017-09-15,20900,7.0,6.860000133514404,7.070000171661377,6.829999923706055,6.16868782043457
2017-09-14,10200,6.800000190734863,6.989999771118164,7.03000020980835,6.71999979019165,6.285586833953857
2017-09-13,21500,6.900000095367432,6.809999942779541,7.230000019073486,6.699999809265137,6.123725891113281
2017-09-12,29700,7.090000152587891,6.989999771118164,7.090000152587891,6.960000038146973,6.285586833953857
2017-09-11,40700,7.199999809265137,6.96999979019165,7.199999809265137,6.96999979019165,6.267602443695068
2017-09-08,67100,7.429999828338623,7.269999980926514,7.429999828338623,7.139999866485596,6.537370204925537
2017-09-07,90100,7.610000133514404,7.199999809265137,7.670000076293945,7.039999961853027,6.474423885345459
2017-09-06,42800,7.630000114440918,7.320000171661377,7.860000133514404,7.300000190734863,6.582331657409668
2017-09-05,67000,7.25,7.599999904632568,7.610000133514404,7.239999771118164,6.834115028381348
2017-09-01,78200,6.869999885559082,7.010000228881836,7.320000171661377,6.869999885559082,6.3035712242126465
2017-08-31,66200,6.650000095367432,6.75,6.960000038146973,6.5,6.069772720336914
2017-08-30,66300,6.239999771118164,6.539999961853027,6.71999979019165,6.239999771118164,5.8809356689453125
2017-08-29,32200,6.159999847412109,6.210000038146973,6.260000228881836,6.119999885559082,5.584190845489502
2017-08-28,79400,5.96999979019165,6.239999771118164,6.300000190734863,5.949999809265137,5.6111674308776855
2017-08-25,54000,5.71999979019165,5.96999979019165,6.050000190734863,5.5,5.3683762550354
2017-08-24,133100,6.059999942779541,5.710000038146973,6.079999923706055,5.610000133514404,5.134578227996826
2017-08-23,81900,6.28000020980835,6.03000020980835,6.28000020980835,5.889999866485596,5.422330856323242
2017-08-22,57500,6.349999904632568,6.320000171661377,6.349999904632568,6.239999771118164,5.68310546875
2017-08-21,127600,6.760000228881836,6.389999866485596,6.760000228881836,6.010000228881836,5.746051788330078
2017-08-18,141600,6.880000114440918,6.789999961853027,6.960000038146973,6.760000228881836,6.105741500854492
2017-08-17,53800,7.25,6.820000171661377,7.639999866485596,6.800000190734863,6.132718563079834
2017-08-16,42600,7.199999809265137,7.170000076293945,7.269999980926514,7.150000095367432,6.447447776794434
2017-08-15,65400,7.400000095367432,7.21999979019165,7.980000019073486,7.179999828338623,6.492408275604248
2017-08-14,145100,6.599999904632568,7.309999942779541,7.489999771118164,6.590000152587891,6.573338985443115
2017-08-11,545800,6.510000228881836,6.429999828338623,6.739999771118164,6.309999942779541,5.782020568847656
2017-08-10,47100,8.579999923706055,8.119999885559082,8.600000381469727,7.980000019073486,7.301711559295654
2017-08-09,17400,8.5,8.579999923706055,8.600000381469727,8.5,7.715355396270752
2017-08-08,48700,8.329999923706055,8.520000457763672,8.569999694824219,8.329999923706055,7.661402225494385
2017-08-07,38900,8.4399995803833,8.399999618530273,8.489999771118164,8.260000228881836,7.553494453430176
2017-08-04,62100,8.930000305175781,8.550000190734863,8.930000305175781,8.550000190734863,7.688379287719727
2017-08-03,22300,8.9399995803833,8.680000305175781,8.9399995803833,8.65999984741211,7.805278301239014
2017-08-02,27700,9.100000381469727,8.9399995803833,9.1899995803833,8.890000343322754,8.03907585144043
2017-08-01,39900,9.25,9.029999732971191,9.25,9.010000228881836,8.120007514953613
2017-07-31,33100,9.40999984741211,9.210000038146973,9.479999542236328,9.149999618530273,8.281867980957031
2017-07-28,45100,9.460000038146973,9.369999885559082,9.550000190734863,9.359999656677246,8.425743103027344
2017-07-27,3700,9.380000114440918,9.430000305175781,9.430000305175781,9.350000381469727,8.479697227478027
2017-07-26,14400,9.34000015258789,9.40999984741211,9.479999542236328,9.300000190734863,8.461711883544922
2017-07-25,14300,9.350000381469727,9.270000457763672,9.449999809265137,9.270000457763672,8.335821151733398
2017-07-24,11100,9.420000076293945,9.25,9.420000076293945,9.239999771118164,8.317837715148926
2017-07-21,5000,9.529999732971191,9.430000305175781,9.529999732971191,9.34000015258789,8.479697227478027
2017-07-20,10900,9.510000228881836,9.449999809265137,9.550000190734863,9.4399995803833,8.497681617736816
2017-07-19,29700,9.470000267028809,9.489999771118164,9.510000228881836,9.470000267028809,8.533649444580078
2017-07-18,5000,9.5,9.470000267028809,9.5,9.40999984741211,8.515667915344238
2017-07-17,12900,9.4399995803833,9.489999771118164,9.510000228881836,9.399999618530273,8.533649444580078
2017-07-14,16800,9.350000381469727,9.430000305175781,9.510000228881836,9.350000381469727,8.479697227478027
2017-07-13,22200,9.270000457763672,9.279999732971191,9.449999809265137,9.270000457763672,8.344812393188477
2017-07-12,30600,9.34000015258789,9.380000114440918,9.40999984741211,9.220000267028809,8.434737205505371
2017-07-11,19600,9.1899995803833,9.220000267028809,9.239999771118164,9.109999656677246,8.290860176086426
2017-07-10,6400,9.15999984741211,9.210000038146973,9.220000267028809,9.109999656677246,8.281867980957031
2017-07-07,25700,9.010000228881836,9.170000076293945,9.300000190734863,9.010000228881836,8.24590015411377
2017-07-06,20400,9.329999923706055,9.039999961853027,9.329999923706055,9.020000457763672,8.128999710083008
2017-07-05,25000,9.40999984741211,9.260000228881836,9.40999984741211,9.25,8.326828956604004
2017-07-03,31200,9.329999923706055,9.369999885559082,9.520000457763672,9.260000228881836,8.425743103027344
2017-06-30,37500,9.350000381469727,9.319999694824219,9.350000381469727,9.25,8.380782127380371
2017-06-29,12200,9.15999984741211,9.25,9.300000190734863,9.09000015258789,8.317837715148926
2017-06-28,21700,9.180000305175781,9.109999656677246,9.220000267028809,9.069999694824219,8.191944122314453
2017-06-27,38100,9.420000076293945,9.1899995803833,9.460000038146973,9.1899995803833,8.151479721069336
2017-06-26,21500,9.359999656677246,9.420000076293945,9.430000305175781,9.319999694824219,8.355488777160645
2017-06-23,20900,9.350000381469727,9.300000190734863,9.369999885559082,9.25,8.249051094055176
2017-06-22,26800,9.300000190734863,9.300000190734863,9.300000190734863,9.25,8.249051094055176
2017-06-21,64700,9.279999732971191,9.279999732971191,9.380000114440918,9.239999771118164,8.231307983398438
2017-06-20,17900,9.279999732971191,9.270000457763672,9.300000190734863,9.210000038146973,8.222440719604492
2017-06-19,12700,9.279999732971191,9.289999961853027,9.300000190734863,9.25,8.240180015563965
2017-06-16,17600,9.210000038146973,9.199999809265137,9.270000457763672,9.100000381469727,8.160350799560547
2017-06-15,16100,9.149999618530273,9.199999809265137,9.229999542236328,9.149999618530273,8.160350799560547
2017-06-14,15100,9.1899995803833,9.239999771118164,9.25,9.100000381469727,8.195829391479492
2017-06-13,56300,9.119999885559082,9.15999984741211,9.199999809265137,9.029999732971191,8.124870300292969
2017-06-12,18800,9.239999771118164,9.109999656677246,9.34000015258789,9.100000381469727,8.080519676208496
2017-06-09,37500,9.170000076293945,9.270000457763672,9.3100004196167,9.100000381469727,8.222440719604492
2017-06-08,26500,9.210000038146973,9.170000076293945,9.300000190734863,9.140000343322754,8.133740425109863
2017-06-07,91300,9.329999923706055,9.260000228881836,9.369999885559082,9.130000114440918,8.213569641113281
2017-06-06,121400,9.359999656677246,9.100000381469727,9.5,9.0,8.071650505065918
2017-06-05,80300,9.8100004196167,9.420000076293945,9.8100004196167,9.279999732971191,8.355488777160645
2017-06-02,17100,9.819999694824219,9.779999732971191,9.90999984741211,9.760000228881836,8.674806594848633
2017-06-01,36100,9.789999961853027,9.84000015258789,9.970000267028809,9.789999961853027,8.728025436401367
2017-05-31,37300,9.800000190734863,9.859999656677246,9.920000076293945,9.770000457763672,8.745766639709473
2017-05-30,25200,10.0,9.869999885559082,10.0,9.760000228881836,8.754636764526367
2017-05-26,24900,9.859999656677246,9.899999618530273,9.899999618530273,9.760000228881836,8.781245231628418
2017-05-25,36800,9.890000343322754,9.850000381469727,9.979999542236328,9.760000228881836,8.736896514892578
2017-05-24,53200,9.920000076293945,9.880000114440918,9.949999809265137,9.75,8.763506889343262
2017-05-23,70600,9.800000190734863,9.880000114440918,9.960000038146973,9.800000190734863,8.763506889343262
2017-05-22,184900,10.369999885559082,9.710000038146973,10.369999885559082,9.600000381469727,8.612717628479004
2017-05-19,86000,10.15999984741211,10.1899995803833,10.34000015258789,10.149999618530273,9.038474082946777
2017-05-18,29300,10.34000015258789,10.149999618530273,10.399999618530273,10.109999656677246,9.002995491027832
2017-05-17,38200,10.84000015258789,10.34000015258789,10.84000015258789,10.329999923706055,9.171524047851562
2017-05-16,55900,10.800000190734863,10.789999961853027,10.930000305175781,10.600000381469727,9.570670127868652
2017-05-15,121400,10.600000381469727,10.779999732971191,10.789999961853027,10.600000381469727,9.561800956726074
2017-05-12,140800,10.649999618530273,10.279999732971191,10.649999618530273,10.149999618530273,9.118304252624512
2017-05-11,31000,10.680000305175781,10.680000305175781,10.699999809265137,10.619999885559082,9.473101615905762
2017-05-10,128500,10.75,10.640000343322754,10.800000190734863,10.600000381469727,9.4376220703125
2017-05-09,14800,10.710000038146973,10.6899995803833,10.710000038146973,10.649999618530273,9.48197078704834
2017-05-08,17800,10.699999809265137,10.710000038146973,10.75,10.649999618530273,9.499712944030762
2017-05-05,8600,10.75,10.670000076293945,10.779999732971191,10.649999618530273,9.464232444763184
2017-05-04,12800,10.800000190734863,10.680000305175781,10.800000190734863,10.649999618530273,9.473101615905762
2017-05-03,10000,10.819999694824219,10.739999771118164,10.84000015258789,10.670000076293945,9.526321411132812
2017-05-02,23400,10.920000076293945,10.850000381469727,10.920000076293945,10.789999961853027,9.623892784118652
2017-05-01,26000,10.850000381469727,10.829999923706055,10.850000381469727,10.8100004196167,9.606149673461914
2017-04-28,52000,10.899999618530273,10.829999923706055,11.0,10.6899995803833,9.606149673461914
2017-04-27,135400,10.800000190734863,10.84000015258789,10.859999656677246,10.760000228881836,9.615021705627441
2017-04-26,43500,10.770000457763672,10.75,10.789999961853027,10.649999618530273,9.535191535949707
2017-04-25,91700,10.619999885559082,10.680000305175781,10.789999961853027,10.479999542236328,9.473101615905762
2017-04-24,71200,10.199999809265137,10.520000457763672,10.600000381469727,10.130000114440918,9.331182479858398
2017-04-21,57000,10.3100004196167,10.229999542236328,10.380000114440918,10.199999809265137,9.073952674865723
2017-04-20,31200,10.489999771118164,10.239999771118164,10.489999771118164,10.239999771118164,9.082823753356934
2017-04-19,51300,10.5,10.390000343322754,10.649999618530273,10.329999923706055,9.215873718261719
2017-04-18,75200,10.699999809265137,10.550000190734863,10.699999809265137,10.329999923706055,9.357791900634766
2017-04-17,169400,10.75,10.699999809265137,11.0,10.649999618530273,9.490842819213867
2017-04-13,141900,10.5,10.529999732971191,10.640000343322754,10.319999694824219,9.34005355834961
2017-04-12,41300,10.210000038146973,10.220000267028809,10.3100004196167,10.140000343322754,9.065085411071777
2017-04-11,60100,10.399999618530273,10.260000228881836,10.4399995803833,10.220000267028809,9.100564002990723
2017-04-10,45000,10.640000343322754,10.40999984741211,10.640000343322754,10.329999923706055,9.233612060546875
2017-04-07,29200,10.550000190734863,10.609999656677246,10.770000457763672,10.520000457763672,9.411011695861816
2017-04-06,26600,10.59000015258789,10.550000190734863,10.619999885559082,10.529999732971191,9.357791900634766
2017-04-05,61600,10.779999732971191,10.539999961853027,10.8100004196167,10.539999961853027,9.348922729492188
2017-04-04,31600,10.949999809265137,10.720000267028809,10.989999771118164,10.699999809265137,9.50858211517334
2017-04-03,108700,10.920000076293945,10.819999694824219,10.920000076293945,10.65999984741211,9.597280502319336
2017-03-31,75200,10.9399995803833,10.850000381469727,11.0,10.8100004196167,9.623892784118652
2017-03-30,104500,10.869999885559082,10.850000381469727,11.199999809265137,10.829999923706055,9.623892784118652
2017-03-29,54000,10.800000190734863,10.850000381469727,11.020000457763672,10.75,9.623892784118652
2017-03-28,29900,10.869999885559082,10.84000015258789,10.920000076293945,10.699999809265137,9.504146575927734
2017-03-27,35000,10.899999618530273,10.869999885559082,10.899999618530273,10.760000228881836,9.530449867248535
2017-03-24,12300,10.9399995803833,10.859999656677246,10.9399995803833,10.819999694824219,9.52168083190918
2017-03-23,62400,10.880000114440918,10.850000381469727,10.899999618530273,10.819999694824219,9.512914657592773
2017-03-22,56200,11.050000190734863,10.880000114440918,11.0600004196167,10.819999694824219,9.539216995239258
2017-03-21,60300,11.039999961853027,11.079999923706055,11.199999809265137,10.880000114440918,9.714571952819824
2017-03-20,125200,11.1899995803833,10.989999771118164,11.199999809265137,10.890000343322754,9.635662078857422
2017-03-17,52300,10.880000114440918,11.09000015258789,11.180000305175781,10.850000381469727,9.723339080810547
2017-03-16,34100,11.079999923706055,10.899999618530273,11.210000038146973,10.899999618530273,9.55675220489502
2017-03-15,76000,10.989999771118164,10.989999771118164,11.149999618530273,10.899999618530273,9.635662078857422
2017-03-14,31900,11.850000381469727,10.960000038146973,11.850000381469727,10.819999694824219,9.609358787536621
2017-03-13,37400,11.079999923706055,11.140000343322754,11.149999618530273,11.050000190734863,9.76717758178711
2017-03-10,357200,11.329999923706055,10.859999656677246,12.050000190734863,10.569999694824219,9.52168083190918
2017-03-09,52500,11.300000190734863,11.279999732971191,11.430000305175781,11.140000343322754,9.889923095703125
2017-03-08,15300,11.210000038146973,11.359999656677246,11.390000343322754,10.779999732971191,9.960064888000488
2017-03-07,22800,11.149999618530273,11.229999542236328,11.619999885559082,11.119999885559082,9.846084594726562
2017-03-06,38400,11.3100004196167,11.180000305175781,11.319999694824219,10.920000076293945,9.802248001098633
2017-03-03,31100,11.510000228881836,11.25,11.510000228881836,10.6899995803833,9.86362075805664
2017-03-02,21900,11.579999923706055,11.170000076293945,11.579999923706055,11.079999923706055,9.79348087310791
2017-03-01,37900,11.609999656677246,11.470000267028809,11.729999542236328,11.420000076293945,10.056510925292969
2017-02-28,35200,11.430000305175781,11.470000267028809,11.649999618530273,11.399999618530273,10.056510925292969
2017-02-27,30100,11.420000076293945,11.510000228881836,11.770000457763672,11.420000076293945,10.091581344604492
2017-02-24,31500,11.779999732971191,11.470000267028809,12.069999694824219,11.449999809265137,10.056510925292969
2017-02-23,34800,11.880000114440918,11.859999656677246,12.079999923706055,11.859999656677246,10.398449897766113
2017-02-22,59700,11.949999809265137,12.020000457763672,12.100000381469727,11.930000305175781,10.538731575012207
2017-02-21,51100,11.869999885559082,12.0,12.010000228881836,11.800000190734863,10.521197319030762
2017-02-17,5800,11.930000305175781,11.890000343322754,11.970000267028809,11.859999656677246,10.424753189086914
2017-02-16,25800,11.789999961853027,11.9399995803833,11.960000038146973,11.600000381469727,10.468588829040527
2017-02-15,38900,11.899999618530273,11.899999618530273,12.0,11.880000114440918,10.43351936340332
2017-02-14,20700,11.65999984741211,11.979999542236328,12.020000457763672,11.640000343322754,10.503660202026367
2017-02-13,5100,11.739999771118164,11.739999771118164,11.8100004196167,11.699999809265137,10.293235778808594
2017-02-10,1800,11.75,11.739999771118164,11.75,11.720000267028809,10.293235778808594
2017-02-09,6400,11.65999984741211,11.710000038146973,11.859999656677246,11.65999984741211,10.266934394836426
2017-02-08,6300,11.800000190734863,11.65999984741211,11.800000190734863,11.649999618530273,10.22309398651123
2017-02-07,33500,11.779999732971191,11.770000457763672,11.850000381469727,11.65999984741211,10.319539070129395
2017-02-06,3900,11.729999542236328,11.819999694824219,11.819999694824219,11.729999542236328,10.363377571105957
2017-02-03,55200,11.75,11.890000343322754,11.989999771118164,11.649999618530273,10.424753189086914
2017-02-02,10600,11.8100004196167,11.770000457763672,11.899999618530273,11.75,10.319539070129395
2017-02-01,500,11.880000114440918,11.880000114440918,11.880000114440918,11.880000114440918,10.415984153747559
2017-01-31,11500,12.0,11.9399995803833,12.0,11.8100004196167,10.468588829040527
2017-01-30,16700,12.079999923706055,11.899999618530273,12.079999923706055,11.850000381469727,10.43351936340332
2017-01-27,41800,11.789999961853027,12.199999809265137,12.199999809265137,11.75,10.696549415588379
2017-01-26,20500,11.670000076293945,11.880000114440918,11.899999618530273,11.649999618530273,10.415984153747559
2017-01-25,15600,11.930000305175781,11.869999885559082,11.949999809265137,11.75,10.40721607208252
2017-01-24,10800,11.880000114440918,11.789999961853027,11.960000038146973,11.770000457763672,10.337076187133789
2017-01-23,11800,11.850000381469727,11.699999809265137,11.850000381469727,11.649999618530273,10.258166313171387
2017-01-20,63600,11.800000190734863,11.800000190734863,11.890000343322754,11.710000038146973,10.345843315124512
2017-01-19,3100,11.760000228881836,11.729999542236328,11.789999961853027,11.699999809265137,10.284468650817871
2017-01-18,4000,11.779999732971191,11.680000305175781,11.979999542236328,11.680000305175781,10.240629196166992
2017-01-17,5700,12.069999694824219,11.859999656677246,12.119999885559082,11.680000305175781,10.398449897766113
2017-01-13,146800,12.0,12.0,12.34000015258789,11.680000305175781,10.521197319030762
2017-01-12,15200,11.890000343322754,12.0,12.0,11.8100004196167,10.521197319030762
2017-01-11,9500,11.920000076293945,11.8100004196167,12.0,11.789999961853027,10.354610443115234
2017-01-10,14500,11.75,11.84000015258789,12.210000038146973,11.649999618530273,10.380913734436035
2017-01-09,5000,12.100000381469727,11.920000076293945,12.109999656677246,11.920000076293945,10.451054573059082
2017-01-06,17100,12.039999961853027,11.920000076293945,12.09000015258789,11.75,10.451054573059082
2017-01-05,700,12.180000305175781,12.050000190734863,12.180000305175781,12.029999732971191,10.565033912658691
2017-01-04,13000,12.210000038146973,12.119999885559082,12.319999694824219,12.050000190734863,10.626408576965332
2017-01-03,126900,12.289999961853027,12.170000076293945,12.289999961853027,12.029999732971191,10.670246124267578
2016-12-30,25300,12.25,12.25,12.25,11.970000267028809,10.740387916564941
2016-12-29,16900,12.229999542236328,12.109999656677246,12.25,12.039999961853027,10.61763858795166
2016-12-28,12700,11.970000267028809,12.229999542236328,12.229999542236328,11.970000267028809,10.72285270690918
2016-12-27,18500,11.630000114440918,11.979999542236328,12.020000457763672,11.630000114440918,10.503660202026367
2016-12-23,23200,11.729999542236328,11.699999809265137,11.84000015258789,11.609999656677246,10.14857006072998
2016-12-22,62000,11.680000305175781,11.760000228881836,11.760000228881836,11.600000381469727,10.200613975524902
2016-12-21,17500,11.779999732971191,11.600000381469727,11.789999961853027,11.550000190734863,10.061830520629883
2016-12-20,26000,11.609999656677246,11.859999656677246,11.970000267028809,11.609999656677246,10.287354469299316
2016-12-19,22800,11.699999809265137,11.640000343322754,11.850000381469727,11.5600004196167,10.096526145935059
2016-12-16,34200,11.59000015258789,11.65999984741211,11.819999694824219,11.5,10.113874435424805
2016-12-15,28000,11.850000381469727,11.579999923706055,11.880000114440918,11.460000038146973,10.044482231140137
2016-12-14,23900,11.649999618530273,11.600000381469727,11.720000267028809,11.430000305175781,10.061830520629883
2016-12-13,11200,11.989999771118164,11.649999618530273,12.199999809265137,11.649999618530273,10.105198860168457
2016-12-12,13000,11.640000343322754,11.6899995803833,11.8100004196167,11.640000343322754,10.139896392822266
2016-12-09,45000,11.84000015258789,11.75,11.850000381469727,11.5600004196167,10.191939353942871
2016-12-08,92600,12.069999694824219,11.819999694824219,12.100000381469727,11.75,10.252657890319824
2016-12-07,14500,11.880000114440918,11.829999923706055,11.880000114440918,11.699999809265137,10.261331558227539
2016-12-06,13100,11.899999618530273,11.880000114440918,11.979999542236328,11.8100004196167,10.304701805114746
2016-12-05,25400,12.0,11.8100004196167,12.149999618530273,11.699999809265137,10.24398422241211
2016-12-02,33400,11.930000305175781,11.8100004196167,11.989999771118164,11.6899995803833,10.24398422241211
2016-12-01,28400,12.319999694824219,11.90999984741211,12.319999694824219,11.770000457763672,10.33072280883789
2016-11-30,67000,11.899999618530273,12.229999542236328,12.5,11.619999885559082,10.608290672302246
2016-11-29,28200,11.680000305175781,11.949999809265137,12.010000228881836,11.569999694824219,10.365419387817383
2016-11-28,25600,11.869999885559082,11.670000076293945,12.170000076293945,11.569999694824219,10.122547149658203
2016-11-25,10500,11.90999984741211,11.949999809265137,11.949999809265137,11.779999732971191,10.365419387817383
2016-11-23,8800,11.649999618530273,11.949999809265137,11.979999542236328,11.460000038146973,10.365419387817383
2016-11-22,58000,11.6899995803833,11.739999771118164,12.149999618530273,10.869999885559082,10.183265686035156
2016-11-21,26700,11.869999885559082,11.65999984741211,11.869999885559082,11.5,10.113874435424805
2016-11-18,87700,11.869999885559082,11.699999809265137,12.359999656677246,11.210000038146973,10.14857006072998
2016-11-17,12800,12.170000076293945,11.739999771118164,12.4399995803833,11.729999542236328,10.183265686035156
2016-11-16,32800,12.5,12.25,12.600000381469727,12.140000343322754,10.625639915466309
2016-11-15,107700,11.800000190734863,12.649999618530273,12.699999809265137,11.649999618530273,10.972599029541016
2016-11-14,26600,11.760000228881836,11.609999656677246,11.949999809265137,11.34000015258789,10.070503234863281
2016-11-11,9200,11.520000457763672,11.75,11.779999732971191,11.510000228881836,10.191939353942871
2016-11-10,20300,11.430000305175781,11.579999923706055,11.649999618530273,11.350000381469727,10.044482231140137
2016-11-09,82700,11.460000038146973,11.420000076293945,11.5,11.1899995803833,9.905698776245117
2016-11-08,5200,11.680000305175781,11.489999771118164,11.859999656677246,11.4399995803833,9.96641731262207
2016-11-07,29700,11.520000457763672,11.729999542236328,11.899999618530273,11.25,10.174592018127441
2016-11-04,15900,11.550000190734863,11.479999542236328,11.600000381469727,11.4399995803833,9.957742691040039
2016-11-03,23600,11.550000190734863,11.510000228881836,11.850000381469727,11.270000457763672,9.983763694763184
2016-11-02,13000,11.979999542236328,11.640000343322754,11.979999542236328,11.489999771118164,10.096526145935059
2016-11-01,40700,12.09000015258789,11.989999771118164,12.369999885559082,11.829999923706055,10.400115966796875
2016-10-31,86100,11.619999885559082,11.989999771118164,12.09000015258789,11.619999885559082,10.400115966796875
2016-10-28,71600,11.5600004196167,11.619999885559082,12.039999961853027,11.550000190734863,10.079178810119629
2016-10-27,13600,11.59000015258789,11.640000343322754,11.640000343322754,11.399999618530273,10.096526145935059
2016-10-26,4500,11.5,11.539999961853027,11.5600004196167,11.5,10.009785652160645
2016-10-25,14400,11.579999923706055,11.529999732971191,11.649999618530273,11.5,10.00111198425293
2016-10-24,5100,11.649999618530273,11.5600004196167,11.770000457763672,11.550000190734863,10.02713394165039
2016-10-21,30500,11.630000114440918,11.550000190734863,11.84000015258789,11.550000190734863,10.018460273742676
2016-10-20,13200,11.8100004196167,11.710000038146973,11.829999923706055,11.640000343322754,10.157244682312012
2016-10-19,25600,11.710000038146973,11.8100004196167,11.819999694824219,11.579999923706055,10.24398422241211
2016-10-18,16500,11.699999809265137,11.680000305175781,11.880000114440918,11.609999656677246,10.131220817565918
2016-10-17,13400,11.8100004196167,11.600000381469727,11.880000114440918,11.529999732971191,10.061830520629883
2016-10-14,65900,11.729999542236328,11.800000190734863,11.800000190734863,11.710000038146973,10.235310554504395
2016-10-13,8700,11.399999618530273,11.550000190734863,11.699999809265137,11.399999618530273,10.018460273742676
2016-10-12,84800,11.979999542236328,11.5,12.119999885559082,11.279999732971191,9.975090026855469
2016-10-11,10500,12.350000381469727,11.989999771118164,12.350000381469727,11.949999809265137,10.400115966796875
2016-10-10,36300,12.149999618530273,12.350000381469727,12.40999984741211,12.149999618530273,10.712380409240723
2016-10-07,19300,12.100000381469727,12.09000015258789,12.239999771118164,12.09000015258789,10.486856460571289
2016-10-06,12900,12.140000343322754,12.180000305175781,12.25,12.09000015258789,10.564921379089355
2016-10-05,9100,12.180000305175781,12.069999694824219,12.220000267028809,12.050000190734863,10.469507217407227
2016-10-04,36800,11.989999771118164,12.09000015258789,12.220000267028809,11.869999885559082,10.486856460571289
2016-10-03,14400,12.020000457763672,11.880000114440918,12.140000343322754,11.880000114440918,10.304701805114746
2016-09-30,7600,12.0,12.039999961853027,12.0600004196167,11.890000343322754,10.443486213684082
2016-09-29,61000,11.890000343322754,11.90999984741211,12.09000015258789,11.84000015258789,10.33072280883789
2016-09-28,20900,11.9399995803833,11.84000015258789,12.039999961853027,11.819999694824219,10.27000617980957
2016-09-27,49200,12.279999732971191,11.899999618530273,12.279999732971191,11.859999656677246,10.322049140930176
2016-09-26,4400,12.15999984741211,12.210000038146973,12.34000015258789,12.130000114440918,10.590944290161133
2016-09-23,32600,12.529999732971191,12.369999885559082,12.529999732971191,12.149999618530273,10.729727745056152
2016-09-22,68900,12.329999923706055,12.329999923706055,12.5,12.0600004196167,10.695030212402344
2016-09-21,22800,12.199999809265137,12.34000015258789,12.40999984741211,12.149999618530273,10.703705787658691
2016-09-20,14200,12.300000190734863,12.399999618530273,12.399999618530273,12.039999961853027,10.647323608398438
2016-09-19,141000,12.25,12.380000114440918,12.399999618530273,11.949999809265137,10.630151748657227
2016-09-16,91700,12.4399995803833,12.079999923706055,12.479999542236328,12.079999923706055,10.372553825378418
2016-09-15,18900,12.5,12.489999771118164,12.5,12.199999809265137,10.724604606628418
2016-09-14,14300,12.40999984741211,12.5,12.5,12.109999656677246,10.733189582824707
2016-09-13,11700,12.34000015258789,12.5,12.5,12.119999885559082,10.733189582824707
2016-09-12,13300,12.300000190734863,12.40999984741211,12.449999809265137,12.210000038146973,10.655911445617676
2016-09-09,27200,12.5600004196167,12.350000381469727,12.569999694824219,12.0,10.604393005371094
2016-09-08,43500,12.600000381469727,12.5,12.6899995803833,12.199999809265137,10.733189582824707
2016-09-07,52700,12.649999618530273,12.670000076293945,12.699999809265137,12.34000015258789,10.87916088104248
2016-09-06,43500,12.59000015258789,12.680000305175781,12.699999809265137,12.550000190734863,10.887748718261719
2016-09-02,15900,12.579999923706055,12.600000381469727,12.609999656677246,12.470000267028809,10.819055557250977
2016-09-01,1700,12.609999656677246,12.609999656677246,12.609999656677246,12.59000015258789,10.827642440795898
2016-08-31,9400,12.5,12.649999618530273,12.649999618530273,12.399999618530273,10.861988067626953
2016-08-30,9900,12.369999885559082,12.5600004196167,12.569999694824219,12.210000038146973,10.784709930419922
2016-08-29,15900,12.579999923706055,12.569999694824219,12.630000114440918,11.75,10.793294906616211
2016-08-26,11100,12.600000381469727,12.59000015258789,12.600000381469727,12.369999885559082,10.810470581054688
2016-08-25,11600,12.550000190734863,12.600000381469727,12.6899995803833,12.34000015258789,10.819055557250977
2016-08-24,9300,12.4399995803833,12.5,12.649999618530273,12.4399995803833,10.733189582824707
2016-08-23,33800,12.369999885559082,12.550000190734863,12.930000305175781,12.119999885559082,10.776122093200684
2016-08-22,7500,12.380000114440918,12.270000457763672,12.489999771118164,12.270000457763672,10.535698890686035
2016-08-19,23500,12.34000015258789,12.40999984741211,12.489999771118164,12.199999809265137,10.655911445617676
2016-08-18,47800,12.0,12.300000190734863,12.329999923706055,11.920000076293945,10.5614595413208
2016-08-17,4900,12.029999732971191,12.0,12.199999809265137,12.0,10.303862571716309
2016-08-16,9900,12.149999618530273,12.050000190734863,12.149999618530273,11.920000076293945,10.346794128417969
2016-08-15,26500,11.979999542236328,12.069999694824219,12.09000015258789,11.800000190734863,10.363966941833496
2016-08-12,30700,11.75,11.979999542236328,12.390000343322754,11.680000305175781,10.286688804626465
2016-08-11,3400,11.670000076293945,11.699999809265137,11.699999809265137,11.510000228881836,10.046266555786133
2016-08-10,12500,11.5600004196167,11.510000228881836,11.5600004196167,11.449999809265137,9.883121490478516
2016-08-09,15400,11.630000114440918,11.579999923706055,11.800000190734863,11.520000457763672,9.943225860595703
2016-08-08,45400,11.5,11.649999618530273,11.960000038146973,11.380000114440918,10.003331184387207
2016-08-05,50600,11.149999618530273,11.489999771118164,11.5,10.949999809265137,9.865949630737305
2016-08-04,14100,10.899999618530273,10.949999809265137,10.949999809265137,10.640000343322754,9.402274131774902
2016-08-03,30400,10.739999771118164,10.989999771118164,11.029999732971191,10.739999771118164,9.436620712280273
2016-08-02,5800,10.199999809265137,10.75,10.880000114440918,10.199999809265137,9.230542182922363
2016-08-01,19400,11.100000381469727,10.880000114440918,11.100000381469727,10.699999809265137,9.342167854309082
2016-07-29,34100,11.020000457763672,11.050000190734863,11.100000381469727,10.789999961853027,9.488140106201172
2016-07-28,17200,11.039999961853027,11.050000190734863,11.100000381469727,11.020000457763672,9.488140106201172
2016-07-27,5600,11.010000228881836,11.050000190734863,11.100000381469727,11.010000228881836,9.488140106201172
2016-07-26,20300,11.079999923706055,11.039999961853027,11.119999885559082,11.0,9.479555130004883
2016-07-25,700,11.119999885559082,11.119999885559082,11.1899995803833,11.119999885559082,9.548246383666992
2016-07-22,4300,11.140000343322754,11.109999656677246,11.199999809265137,11.039999961853027,9.53965950012207
2016-07-21,13600,11.069999694824219,11.199999809265137,11.239999771118164,11.069999694824219,9.616938591003418
2016-07-20,4000,11.079999923706055,11.149999618530273,11.149999618530273,11.079999923706055,9.574004173278809
2016-07-19,4800,10.899999618530273,11.149999618530273,11.149999618530273,10.890000343322754,9.574004173278809
2016-07-18,1300,10.989999771118164,11.100000381469727,11.100000381469727,10.989999771118164,9.531072616577148
2016-07-15,10400,11.09000015258789,11.050000190734863,11.380000114440918,10.829999923706055,9.488140106201172
2016-07-14,7700,11.229999542236328,11.1899995803833,11.229999542236328,11.029999732971191,9.608352661132812
2016-07-13,39200,11.329999923706055,11.25,11.329999923706055,11.0,9.659870147705078
2016-07-12,2100,11.329999923706055,11.300000190734863,11.329999923706055,11.300000190734863,9.702804565429688
2016-07-11,6400,11.25,11.289999961853027,11.329999923706055,11.25,9.694217681884766
2016-07-08,13800,11.329999923706055,11.3100004196167,11.329999923706055,11.210000038146973,9.71139144897461
2016-07-07,4700,11.180000305175781,11.3100004196167,11.329999923706055,11.09000015258789,9.71139144897461
2016-07-06,3200,11.279999732971191,11.3100004196167,11.390000343322754,11.15999984741211,9.71139144897461
2016-07-05,41300,11.479999542236328,11.329999923706055,11.5,11.140000343322754,9.72856330871582
2016-07-01,8300,11.350000381469727,11.460000038146973,11.470000267028809,11.239999771118164,9.840188026428223
2016-06-30,11800,11.050000190734863,11.3100004196167,11.479999542236328,11.050000190734863,9.71139144897461
2016-06-29,8100,11.220000267028809,11.029999732971191,11.4399995803833,11.029999732971191,9.470965385437012
2016-06-28,7800,11.0,11.350000381469727,11.479999542236328,10.850000381469727,9.745737075805664
2016-06-27,3200,11.0,10.75,11.4399995803833,10.720000267028809,9.230542182922363
2016-06-24,22000,11.369999885559082,11.050000190734863,11.369999885559082,10.84000015258789,9.488140106201172
2016-06-23,16500,11.350000381469727,11.399999618530273,11.449999809265137,10.829999923706055,9.788668632507324
2016-06-22,9200,11.199999809265137,11.34000015258789,11.489999771118164,11.100000381469727,9.737150192260742
2016-06-21,8700,11.350000381469727,11.279999732971191,11.390000343322754,11.199999809265137,9.685630798339844
2016-06-20,19900,11.0600004196167,11.5,11.760000228881836,11.0,9.874534606933594
2016-06-17,18900,10.869999885559082,11.010000228881836,11.260000228881836,10.84000015258789,9.453794479370117
2016-06-16,9600,10.75,10.800000190734863,10.90999984741211,10.550000190734863,9.273476600646973
2016-06-15,11800,10.930000305175781,10.90999984741211,11.039999961853027,10.729999542236328,9.367929458618164
2016-06-14,12700,11.069999694824219,10.949999809265137,11.069999694824219,10.539999961853027,9.402274131774902
2016-06-13,8000,11.300000190734863,11.020000457763672,11.300000190734863,11.0,9.462380409240723
2016-06-10,5000,11.289999961853027,11.220000267028809,11.399999618530273,11.0600004196167,9.634112358093262
2016-06-09,14700,11.649999618530273,11.489999771118164,11.699999809265137,11.109999656677246,9.865949630737305
2016-06-08,2200,11.529999732971191,11.699999809265137,11.850000381469727,11.529999732971191,10.046266555786133
2016-06-07,12100,11.819999694824219,11.550000190734863,11.819999694824219,11.5,9.917468070983887
2016-06-06,5100,11.8100004196167,11.880000114440918,11.970000267028809,11.789999961853027,10.200823783874512
2016-06-03,19400,11.760000228881836,11.8100004196167,12.0,11.050000190734863,10.140717506408691
2016-06-02,20000,11.729999542236328,11.800000190734863,11.880000114440918,11.649999618530273,10.132132530212402
2016-06-01,12800,11.569999694824219,11.6899995803833,11.739999771118164,11.270000457763672,10.037679672241211
2016-05-31,34100,11.149999618530273,11.569999694824219,11.6899995803833,11.0,9.934640884399414
2016-05-27,35800,11.140000343322754,11.100000381469727,11.199999809265137,10.779999732971191,9.531072616577148
2016-05-26,75200,11.649999618530273,11.029999732971191,11.90999984741211,10.890000343322754,9.470965385437012
2016-05-25,13300,11.84000015258789,12.0,12.210000038146973,11.609999656677246,10.303862571716309
2016-05-24,10900,11.770000457763672,11.770000457763672,11.800000190734863,11.350000381469727,10.106371879577637
2016-05-23,15300,11.739999771118164,11.539999961853027,11.800000190734863,11.520000457763672,9.908881187438965
2016-05-20,8400,11.550000190734863,11.710000038146973,12.140000343322754,11.15999984741211,10.054852485656738
2016-05-19,1800,11.710000038146973,11.539999961853027,11.710000038146973,11.510000228881836,9.908881187438965
2016-05-18,3000,11.59000015258789,11.59000015258789,11.699999809265137,11.329999923706055,9.951815605163574
2016-05-17,4600,11.859999656677246,11.5,11.859999656677246,11.369999885559082,9.874534606933594
2016-05-16,2400,11.859999656677246,11.789999961853027,11.859999656677246,11.609999656677246,10.123546600341797
2016-05-13,3500,11.75,11.859999656677246,12.489999771118164,11.600000381469727,10.183650970458984
2016-05-12,5700,11.699999809265137,11.670000076293945,11.869999885559082,11.449999809265137,10.020505905151367
2016-05-11,11900,11.600000381469727,11.6899995803833,11.699999809265137,11.25,10.037679672241211
2016-05-10,10200,12.449999809265137,11.539999961853027,12.449999809265137,11.289999961853027,9.908881187438965
2016-05-09,10600,11.0600004196167,11.579999923706055,11.979999542236328,11.0600004196167,9.943225860595703
2016-05-06,10900,11.130000114440918,11.029999732971191,12.0600004196167,11.0,9.470965385437012
2016-05-05,3100,10.949999809265137,11.140000343322754,11.399999618530273,10.779999732971191,9.565420150756836
2016-05-04,11600,11.0,10.899999618530273,11.0,10.710000038146973,9.359341621398926
2016-05-03,8700,10.630000114440918,10.869999885559082,11.399999618530273,10.270000457763672,9.333581924438477
2016-05-02,6500,10.739999771118164,10.59000015258789,10.800000190734863,10.550000190734863,9.093159675598145
2016-04-29,6000,10.90999984741211,10.760000228881836,10.90999984741211,10.350000381469727,9.239129066467285
2016-04-28,9700,10.859999656677246,10.920000076293945,10.960000038146973,10.699999809265137,9.376516342163086
2016-04-27,6300,11.029999732971191,11.180000305175781,11.180000305175781,10.819999694824219,9.59976577758789
2016-04-26,2700,11.239999771118164,11.170000076293945,11.239999771118164,11.039999961853027,9.591180801391602
2016-04-25,2500,11.180000305175781,11.170000076293945,11.34000015258789,11.130000114440918,9.591180801391602
2016-04-22,11600,11.34000015258789,11.260000228881836,11.539999961853027,11.130000114440918,9.668457984924316
2016-04-21,46100,11.520000457763672,11.210000038146973,11.550000190734863,10.760000228881836,9.62552547454834
2016-04-20,48200,11.020000457763672,11.550000190734863,11.819999694824219,10.770000457763672,9.917468070983887
2016-04-19,19700,11.079999923706055,11.0,11.079999923706055,10.649999618530273,9.445206642150879
2016-04-18,21400,10.729999542236328,10.979999542236328,10.979999542236328,10.609999656677246,9.428033828735352
2016-04-15,23900,10.5,10.609999656677246,10.979999542236328,10.4399995803833,9.110331535339355
2016-04-14,1900,10.390000343322754,10.40999984741211,10.470000267028809,10.390000343322754,8.938600540161133
2016-04-13,103400,10.489999771118164,10.420000076293945,10.550000190734863,10.399999618530273,8.947186470031738
2016-04-12,10700,10.4399995803833,10.350000381469727,10.4399995803833,10.25,8.88708209991455
2016-04-11,90400,10.890000343322754,10.369999885559082,11.300000190734863,10.260000228881836,8.904253959655762
2016-04-08,9000,11.09000015258789,10.850000381469727,11.09000015258789,10.739999771118164,9.31640911102295
2016-04-07,54700,12.260000228881836,11.0600004196167,12.260000228881836,10.930000305175781,9.496726036071777
2016-04-06,16400,12.289999961853027,12.300000190734863,12.489999771118164,11.800000190734863,10.5614595413208
2016-04-05,13900,11.5,12.399999618530273,12.399999618530273,11.460000038146973,10.647323608398438
2016-04-04,23100,11.449999809265137,11.680000305175781,11.729999542236328,11.25,10.029091835021973
2016-04-01,55600,12.329999923706055,11.600000381469727,12.329999923706055,11.010000228881836,9.96040153503418
2016-03-31,35400,12.210000038146973,12.649999618530273,12.649999618530273,11.760000228881836,10.861988067626953
2016-03-30,27900,12.739999771118164,12.170000076293945,13.279999732971191,11.720000267028809,10.449832916259766
2016-03-29,35900,11.609999656677246,12.729999542236328,13.270000457763672,11.59000015258789,10.930680274963379
2016-03-28,22500,13.470000267028809,13.180000305175781,13.470000267028809,13.149999618530273,11.317076683044434
2016-03-24,13400,13.460000038146973,13.470000267028809,13.470000267028809,13.0,11.566085815429688
2016-03-23,9800,13.380000114440918,13.399999618530273,13.649999618530273,13.300000190734863,11.505980491638184
2016-03-22,11100,13.369999885559082,13.600000381469727,13.600000381469727,13.050000190734863,11.677711486816406
2016-03-21,6800,13.1899995803833,13.399999618530273,13.399999618530273,13.15999984741211,11.505980491638184
2016-03-18,38600,12.800000190734863,13.15999984741211,13.680000305175781,12.039999961853027,11.299901962280273
2016-03-17,15200,12.529999732971191,12.800000190734863,12.84000015258789,12.510000228881836,10.9907865524292
2016-03-16,9300,12.479999542236328,12.430000305175781,12.720000267028809,12.430000305175781,10.673084259033203
2016-03-15,11200,12.569999694824219,12.479999542236328,12.75,12.359999656677246,10.716017723083496
2016-03-14,11300,12.539999961853027,12.510000228881836,12.59000015258789,12.430000305175781,10.741776466369629
2016-03-11,7700,12.399999618530273,12.449999809265137,12.489999771118164,12.359999656677246,10.690256118774414
2016-03-10,4300,12.369999885559082,12.460000038146973,12.479999542236328,12.1899995803833,10.69884204864502
2016-03-09,20600,12.029999732971191,12.25,12.25,11.979999542236328,10.518526077270508
2016-03-08,5000,12.1899995803833,11.699999809265137,12.5,11.699999809265137,10.046266555786133
2016-03-07,19400,11.800000190734863,12.25,12.390000343322754,11.800000190734863,10.518526077270508
2016-03-04,14900,11.329999923706055,11.819999694824219,11.989999771118164,11.199999809265137,10.149303436279297
2016-03-03,11200,11.300000190734863,11.289999961853027,11.300000190734863,11.029999732971191,9.694217681884766
2016-03-02,2400,11.109999656677246,11.170000076293945,11.300000190734863,11.109999656677246,9.591180801391602
2016-03-01,4700,11.140000343322754,11.050000190734863,11.140000343322754,10.899999618530273,9.488140106201172
2016-02-29,8000,11.010000228881836,11.050000190734863,11.100000381469727,10.760000228881836,9.488140106201172
2016-02-26,4200,11.020000457763672,10.899999618530273,11.270000457763672,10.829999923706055,9.359341621398926
2016-02-25,2400,11.199999809265137,11.0,11.199999809265137,10.770000457763672,9.445206642150879
2016-02-24,16300,10.9399995803833,11.210000038146973,11.220000267028809,10.609999656677246,9.62552547454834
2016-02-23,32400,10.84000015258789,11.039999961853027,11.039999961853027,10.5,9.479555130004883
2016-02-22,15500,11.359999656677246,10.720000267028809,11.359999656677246,10.720000267028809,9.20478343963623
2016-02-19,47700,10.40999984741211,11.25,11.979999542236328,10.1899995803833,9.659870147705078
2016-02-18,16800,10.399999618530273,10.380000114440918,10.789999961853027,10.380000114440918,8.912841796875
2016-02-17,9200,10.010000228881836,10.279999732971191,10.600000381469727,10.010000228881836,8.82697582244873
2016-02-16,21500,10.199999809265137,9.989999771118164,10.300000190734863,9.819999694824219,8.577964782714844
2016-02-12,27100,10.15999984741211,10.239999771118164,10.5,10.15999984741211,8.79262924194336
2016-02-11,65400,10.550000190734863,10.180000305175781,10.550000190734863,10.029999732971191,8.741108894348145
2016-02-10,61000,10.539999961853027,10.609999656677246,10.619999885559082,10.520000457763672,9.110331535339355
2016-02-09,18200,10.34000015258789,10.529999732971191,10.600000381469727,10.270000457763672,9.041638374328613
2016-02-08,22200,11.0,10.5,11.0,10.279999732971191,9.015880584716797
2016-02-05,55800,10.65999984741211,10.90999984741211,10.9399995803833,10.619999885559082,9.367929458618164
2016-02-04,13700,10.960000038146973,10.760000228881836,10.979999542236328,10.729999542236328,9.239129066467285
2016-02-03,19700,11.0,11.0,11.199999809265137,10.850000381469727,9.445206642150879
2016-02-02,55500,11.199999809265137,11.0,11.289999961853027,10.90999984741211,9.445206642150879
2016-02-01,45700,11.8100004196167,11.199999809265137,11.880000114440918,10.930000305175781,9.616938591003418
2016-01-29,43000,12.369999885559082,11.819999694824219,12.420000076293945,11.779999732971191,10.149303436279297
2016-01-28,45300,13.069999694824219,12.5,14.0,11.970000267028809,10.733189582824707
2016-01-27,20900,13.229999542236328,13.039999961853027,14.109999656677246,12.760000228881836,11.196866035461426
2016-01-26,7400,13.229999542236328,13.199999809265137,13.420000076293945,13.130000114440918,11.334247589111328
2016-01-25,5400,13.180000305175781,13.069999694824219,14.300000190734863,13.069999694824219,11.222622871398926
2016-01-22,23300,13.289999961853027,13.170000076293945,13.289999961853027,13.149999618530273,11.308489799499512
2016-01-21,9400,13.140000343322754,13.170000076293945,13.399999618530273,13.119999885559082,11.308489799499512
2016-01-20,11400,13.109999656677246,13.149999618530273,13.239999771118164,13.109999656677246,11.291316032409668
2016-01-19,8000,13.210000038146973,13.199999809265137,13.210000038146973,13.130000114440918,11.334247589111328
2016-01-15,3700,13.25,13.3100004196167,13.399999618530273,13.210000038146973,11.42870044708252
2016-01-14,13500,13.430000305175781,13.40999984741211,13.579999923706055,13.199999809265137,11.514566421508789
2016-01-13,7400,13.329999923706055,13.369999885559082,13.5600004196167,13.319999694824219,11.480219841003418
2016-01-12,20900,13.510000228881836,13.369999885559082,13.5600004196167,13.300000190734863,11.480219841003418
2016-01-11,16100,13.649999618530273,13.600000381469727,13.649999618530273,13.479999542236328,11.677711486816406
2016-01-08,9100,13.609999656677246,13.579999923706055,13.649999618530273,13.449999809265137,11.66053581237793
2016-01-07,56400,13.470000267028809,13.65999984741211,13.699999809265137,13.399999618530273,11.729229927062988
2016-01-06,31100,13.399999618530273,13.649999618530273,13.770000457763672,13.399999618530273,11.720643043518066
2016-01-05,17200,13.710000038146973,13.489999771118164,13.739999771118164,13.359999656677246,11.583258628845215
2016-01-04,27400,13.5600004196167,13.609999656677246,13.75,13.039999961853027,11.686298370361328
2015-12-31,29100,13.59000015258789,13.739999771118164,13.75,13.449999809265137,11.797924041748047
2015-12-30,16700,13.430000305175781,13.579999923706055,13.609999656677246,13.270000457763672,11.66053581237793
2015-12-29,6100,13.529999732971191,13.520000457763672,13.539999961853027,13.399999618530273,11.609018325805664
2015-12-28,7200,13.260000228881836,13.34000015258789,13.34000015258789,13.050000190734863,11.454462051391602
2015-12-24,3000,13.5,13.350000381469727,13.5,13.279999732971191,11.46304702758789
2015-12-23,6200,13.579999923706055,13.420000076293945,13.579999923706055,13.329999923706055,11.523153305053711
2015-12-22,16000,13.510000228881836,13.5,13.550000190734863,13.420000076293945,11.59184455871582
2015-12-21,27900,13.720000267028809,13.430000305175781,13.720000267028809,13.25,11.531740188598633
2015-12-18,5100,13.619999885559082,13.829999923706055,13.829999923706055,13.619999885559082,11.875201225280762
2015-12-17,19100,13.970000267028809,13.699999809265137,13.989999771118164,13.579999923706055,11.763577461242676
2015-12-16,55000,13.789999961853027,13.930000305175781,14.050000190734863,13.630000114440918,11.961067199707031
2015-12-15,15900,13.760000228881836,13.699999809265137,13.920000076293945,13.609999656677246,11.763577461242676
2015-12-14,21100,14.239999771118164,13.859999656677246,14.239999771118164,13.720000267028809,11.900961875915527
2015-12-11,11000,14.479999542236328,13.9399995803833,14.479999542236328,13.680000305175781,11.969654083251953
2015-12-10,26400,14.430000305175781,14.170000076293945,14.430000305175781,13.960000038146973,12.167142868041992
2015-12-09,61500,14.859999656677246,14.329999923706055,14.859999656677246,14.199999809265137,12.304530143737793
2015-12-08,26600,14.90999984741211,14.90999984741211,14.970000267028809,14.770000457763672,12.802549362182617
2015-12-07,34900,15.020000457763672,14.989999771118164,15.09000015258789,14.789999961853027,12.871241569519043
2015-12-04,32600,14.949999809265137,15.020000457763672,15.149999618530273,14.859999656677246,12.897002220153809
2015-12-03,67100,14.970000267028809,14.960000038146973,15.069999694824219,14.869999885559082,12.845483779907227
2015-12-02,54500,15.029999732971191,14.949999809265137,15.0600004196167,14.869999885559082,12.836894035339355
2015-12-01,43600,14.899999618530273,15.0600004196167,15.069999694824219,14.760000228881836,12.931346893310547
2015-11-30,58900,14.640000343322754,15.050000190734863,15.229999542236328,14.640000343322754,12.922760009765625
2015-11-27,23200,14.960000038146973,14.9399995803833,15.119999885559082,14.899999618530273,12.828309059143066
2015-11-25,28900,14.899999618530273,14.970000267028809,15.0,14.850000381469727,12.854068756103516
2015-11-24,34300,14.899999618530273,14.890000343322754,14.899999618530273,14.609999656677246,12.78537654876709
2015-11-23,37300,15.100000381469727,14.920000076293945,15.100000381469727,14.920000076293945,12.811136245727539
2015-11-20,32700,15.029999732971191,15.020000457763672,15.170000076293945,14.789999961853027,12.897002220153809
2015-11-19,22100,14.899999618530273,14.989999771118164,15.079999923706055,14.8100004196167,12.871241569519043
2015-11-18,48300,14.5,14.920000076293945,15.1899995803833,14.449999809265137,12.811136245727539
2015-11-17,239300,15.0,14.489999771118164,15.59000015258789,14.319999694824219,12.441915512084961
2015-11-16,60200,14.65999984741211,14.699999809265137,14.819999694824219,14.579999923706055,12.622231483459473
2015-11-13,53900,14.75,14.569999694824219,14.8100004196167,14.399999618530273,12.51060676574707
2015-11-12,5900,14.760000228881836,14.729999542236328,14.84000015258789,14.710000038146973,12.647991180419922
2015-11-11,25500,15.010000228881836,14.890000343322754,15.020000457763672,14.600000381469727,12.78537654876709
2015-11-10,53800,14.699999809265137,14.90999984741211,14.920000076293945,14.6899995803833,12.802549362182617
2015-11-09,60600,14.579999923706055,14.699999809265137,15.489999771118164,14.319999694824219,12.622231483459473
2015-11-06,21900,14.680000305175781,14.520000457763672,14.699999809265137,14.40999984741211,12.467674255371094
2015-11-05,85000,14.600000381469727,14.579999923706055,14.75,14.260000228881836,12.519193649291992
2015-11-04,36100,14.680000305175781,14.640000343322754,14.829999923706055,14.380000114440918,12.570713996887207
2015-11-03,17700,14.760000228881836,14.649999618530273,14.8100004196167,14.5600004196167,12.57929801940918
2015-11-02,45900,14.529999732971191,14.75,14.8100004196167,14.529999732971191,12.665164947509766
2015-10-30,34400,14.100000381469727,14.520000457763672,14.5600004196167,14.100000381469727,12.467674255371094
2015-10-29,46500,14.289999961853027,14.180000305175781,14.289999961853027,13.329999923706055,12.175731658935547
2015-10-28,20400,14.640000343322754,14.4399995803833,14.899999618530273,14.15999984741211,12.398982048034668
2015-10-27,14900,14.720000267028809,14.600000381469727,14.970000267028809,14.5600004196167,12.536365509033203
2015-10-26,13200,14.90999984741211,14.8100004196167,14.930000305175781,14.729999542236328,12.716683387756348
2015-10-23,29400,14.270000457763672,14.880000114440918,14.989999771118164,14.199999809265137,12.776788711547852
2015-10-22,21800,14.430000305175781,14.270000457763672,14.460000038146973,14.130000114440918,12.253008842468262
2015-10-21,4900,14.369999885559082,14.380000114440918,14.40999984741211,14.3100004196167,12.347461700439453
2015-10-20,4800,14.3100004196167,14.300000190734863,14.390000343322754,14.300000190734863,12.278769493103027
2015-10-19,20200,14.300000190734863,14.3100004196167,14.520000457763672,14.300000190734863,12.28735637664795
2015-10-16,4600,14.289999961853027,14.40999984741211,14.59000015258789,14.289999961853027,12.373220443725586
2015-10-15,33400,14.300000190734863,14.319999694824219,14.529999732971191,14.119999885559082,12.295943260192871
2015-10-14,9000,14.100000381469727,14.300000190734863,14.3100004196167,14.100000381469727,12.278769493103027
2015-10-13,8600,14.050000190734863,14.140000343322754,14.25,14.050000190734863,12.141385078430176
2015-10-12,17000,14.569999694824219,14.09000015258789,14.579999923706055,13.970000267028809,12.0984525680542
2015-10-09,8100,14.359999656677246,14.380000114440918,14.710000038146973,14.0600004196167,12.347461700439453
2015-10-08,5000,14.25,14.359999656677246,14.380000114440918,14.100000381469727,12.33028793334961
2015-10-07,5900,14.420000076293945,14.289999961853027,14.420000076293945,14.149999618530273,12.270183563232422
2015-10-06,38600,14.329999923706055,14.550000190734863,14.850000381469727,14.180000305175781,12.493432998657227
2015-10-05,16200,14.350000381469727,14.25,14.350000381469727,14.09000015258789,12.23583698272705
2015-10-02,22200,14.0,14.329999923706055,14.329999923706055,13.470000267028809,12.304530143737793
2015-10-01,56400,13.670000076293945,14.0600004196167,15.5600004196167,13.359999656677246,12.072693824768066
2015-09-30,17600,13.640000343322754,13.720000267028809,13.989999771118164,13.640000343322754,11.780749320983887
2015-09-29,18100,13.800000190734863,13.539999961853027,13.920000076293945,13.520000457763672,11.626193046569824
2015-09-28,27500,14.300000190734863,13.739999771118164,14.300000190734863,13.15999984741211,11.797924041748047
2015-09-25,14800,14.069999694824219,13.90999984741211,14.069999694824219,13.800000190734863,11.943892478942871
2015-09-24,9000,13.800000190734863,14.039999961853027,14.039999961853027,13.699999809265137,12.055520057678223
2015-09-23,4300,13.800000190734863,13.869999885559082,13.949999809265137,13.75,11.90954875946045
2015-09-22,9200,14.010000228881836,14.0,14.010000228881836,13.84000015258789,12.021172523498535
2015-09-21,5800,13.9399995803833,14.0600004196167,14.260000228881836,13.930000305175781,12.072693824768066
2015-09-18,41000,13.600000381469727,14.300000190734863,14.300000190734863,13.600000381469727,12.278769493103027
2015-09-17,36000,14.010000228881836,13.859999656677246,14.229999542236328,13.649999618530273,11.900961875915527
2015-09-16,37600,13.6899995803833,14.0,14.15999984741211,13.65999984741211,12.021172523498535
2015-09-15,24700,13.949999809265137,13.65999984741211,13.949999809265137,13.510000228881836,11.729229927062988
2015-09-14,6100,14.039999961853027,13.800000190734863,14.039999961853027,13.800000190734863,11.849443435668945
2015-09-11,21300,14.199999809265137,14.039999961853027,14.319999694824219,13.989999771118164,12.055520057678223
2015-09-10,44200,14.0,13.869999885559082,14.149999618530273,13.739999771118164,11.90954875946045
2015-09-09,41200,13.699999809265137,13.920000076293945,14.319999694824219,13.510000228881836,11.95248031616211
2015-09-08,17800,13.779999732971191,13.5,13.819999694824219,13.180000305175781,11.59184455871582
2015-09-04,17900,13.430000305175781,13.25,13.569999694824219,12.899999618530273,11.377182006835938
2015-09-03,17500,13.130000114440918,13.170000076293945,13.390000343322754,12.84000015258789,11.308489799499512
2015-09-02,17700,13.449999809265137,13.279999732971191,13.600000381469727,13.1899995803833,11.402941703796387
2015-09-01,13800,13.479999542236328,13.25,13.479999542236328,13.25,11.377182006835938
2015-08-31,28900,13.279999732971191,13.699999809265137,13.739999771118164,13.149999618530273,11.763577461242676
2015-08-28,10200,13.640000343322754,13.470000267028809,13.699999809265137,13.380000114440918,11.566085815429688
2015-08-27,18800,13.369999885559082,13.680000305175781,13.739999771118164,13.279999732971191,11.746402740478516
2015-08-26,17700,13.010000228881836,13.25,13.380000114440918,12.949999809265137,11.377182006835938
2015-08-25,33000,13.149999618530273,13.010000228881836,13.229999542236328,12.9399995803833,11.171104431152344
2015-08-24,67100,12.5,13.029999732971191,13.289999961853027,12.5,11.188277244567871
2015-08-21,35400,13.020000457763672,13.149999618530273,13.399999618530273,13.0,11.291316032409668
2015-08-20,62400,13.1899995803833,13.199999809265137,13.710000038146973,13.149999618530273,11.334247589111328
2015-08-19,53200,14.359999656677246,13.670000076293945,14.380000114440918,13.670000076293945,11.73781681060791
2015-08-18,40300,14.5,14.380000114440918,14.75,14.140000343322754,12.347461700439453
2015-08-17,39300,13.960000038146973,14.300000190734863,14.479999542236328,13.960000038146973,12.278769493103027
2015-08-14,69000,15.949999809265137,14.09000015258789,15.949999809265137,13.800000190734863,12.0984525680542
2015-08-13,53800,14.289999961853027,13.789999961853027,14.34000015258789,12.979999542236328,11.840855598449707
2015-08-12,76000,14.199999809265137,14.449999809265137,15.399999618530273,13.380000114440918,12.40756893157959
2015-08-11,99700,13.25,14.260000228881836,15.020000457763672,13.220000267028809,12.244423866271973
2015-08-10,44900,12.979999542236328,13.149999618530273,13.369999885559082,12.850000381469727,11.291316032409668
2015-08-07,3400,12.850000381469727,12.869999885559082,12.989999771118164,12.850000381469727,11.050891876220703
2015-08-06,29200,13.0,12.859999656677246,13.0,12.84000015258789,11.042304039001465
2015-08-05,15800,13.029999732971191,12.800000190734863,13.029999732971191,12.779999732971191,10.9907865524292
2015-08-04,52000,12.979999542236328,12.899999618530273,13.050000190734863,12.869999885559082,11.076652526855469
2015-08-03,48400,12.720000267028809,12.880000114440918,12.949999809265137,12.720000267028809,11.059479713439941
2015-07-31,24800,12.880000114440918,12.720000267028809,12.880000114440918,12.520000457763672,10.922094345092773
2015-07-30,19900,12.579999923706055,12.6899995803833,12.739999771118164,12.550000190734863,10.896334648132324
2015-07-29,3200,12.699999809265137,12.699999809265137,12.699999809265137,12.539999961853027,10.904919624328613
2015-07-28,23900,13.0,12.729999542236328,13.010000228881836,12.390000343322754,10.930680274963379
2015-07-27,19300,13.050000190734863,12.5600004196167,13.050000190734863,12.550000190734863,10.784709930419922
2015-07-24,10400,12.920000076293945,12.920000076293945,12.989999771118164,12.90999984741211,11.093826293945312
2015-07-23,6000,13.199999809265137,12.920000076293945,13.199999809265137,12.90999984741211,11.093826293945312
2015-07-22,11700,13.050000190734863,12.970000267028809,13.050000190734863,12.90999984741211,11.136756896972656
2015-07-21,9900,12.829999923706055,13.050000190734863,13.1899995803833,12.829999923706055,11.205451965332031
2015-07-20,8700,13.100000381469727,13.050000190734863,13.100000381469727,12.899999618530273,11.205451965332031
2015-07-17,10500,15.0,13.350000381469727,15.0,13.0,11.46304702758789
2015-07-16,20600,14.0,14.039999961853027,14.039999961853027,13.010000228881836,12.055520057678223
2015-07-15,7700,12.970000267028809,13.069999694824219,13.069999694824219,12.899999618530273,11.222622871398926
2015-07-14,15500,12.729999542236328,13.239999771118164,13.239999771118164,12.619999885559082,11.368595123291016
2015-07-13,8300,12.90999984741211,12.970000267028809,13.100000381469727,12.550000190734863,11.136756896972656
2015-07-10,10200,12.600000381469727,12.819999694824219,12.899999618530273,12.600000381469727,11.007960319519043
2015-07-09,2900,12.729999542236328,12.529999732971191,12.729999542236328,12.5,10.75894832611084
2015-07-08,3500,12.770000457763672,12.609999656677246,12.770000457763672,12.5,10.827642440795898
2015-07-07,13200,12.699999809265137,12.5,12.699999809265137,12.5,10.733189582824707
2015-07-06,26000,12.819999694824219,12.569999694824219,12.819999694824219,12.5,10.793294906616211
2015-07-02,9600,12.84000015258789,12.800000190734863,12.850000381469727,12.710000038146973,10.9907865524292
2015-07-01,13700,12.779999732971191,12.8100004196167,12.869999885559082,12.739999771118164,10.999373435974121
2015-06-30,49100,12.949999809265137,12.630000114440918,12.949999809265137,12.579999923706055,10.84481430053711
2015-06-29,17400,13.050000190734863,12.949999809265137,13.069999694824219,12.869999885559082,11.119585037231445
2015-06-26,62300,13.180000305175781,13.069999694824219,13.199999809265137,12.649999618530273,11.222622871398926
2015-06-25,20600,13.350000381469727,13.15999984741211,13.350000381469727,13.010000228881836,11.299901962280273
2015-06-24,38800,13.489999771118164,13.4399995803833,13.600000381469727,13.390000343322754,11.540328025817871
2015-06-23,30300,13.5,13.510000228881836,13.739999771118164,13.010000228881836,11.600433349609375
2015-06-22,74100,12.899999618530273,13.0,13.220000267028809,12.850000381469727,11.162518501281738
2015-06-19,25200,12.829999923706055,12.699999809265137,12.960000038146973,12.630000114440918,10.904919624328613
2015-06-18,23600,12.600000381469727,12.6899995803833,12.789999961853027,12.550000190734863,10.896334648132324
2015-06-17,15600,12.59000015258789,12.600000381469727,12.729999542236328,12.529999732971191,10.819055557250977
2015-06-16,5500,12.640000343322754,12.520000457763672,12.640000343322754,12.510000228881836,10.750364303588867
2015-06-15,13200,12.640000343322754,12.520000457763672,12.640000343322754,12.510000228881836,10.750364303588867
2015-06-12,21400,12.350000381469727,12.640000343322754,12.779999732971191,12.350000381469727,10.853403091430664
2015-06-11,6000,12.699999809265137,12.430000305175781,12.699999809265137,12.25,10.673084259033203
2015-06-10,11800,12.430000305175781,12.489999771118164,12.59000015258789,12.239999771118164,10.724604606628418
2015-06-09,15900,12.510000228881836,12.399999618530273,12.65999984741211,12.279999732971191,10.647323608398438
2015-06-08,10200,12.170000076293945,12.3100004196167,12.6899995803833,12.170000076293945,10.570046424865723
2015-06-05,1500,12.119999885559082,12.180000305175781,12.180000305175781,12.119999885559082,10.458420753479004
2015-06-04,4100,12.329999923706055,12.210000038146973,12.369999885559082,12.069999694824219,10.484180450439453
2015-06-03,62600,12.09000015258789,12.270000457763672,12.59000015258789,11.979999542236328,10.535698890686035
2015-06-02,46300,12.0,12.050000190734863,12.369999885559082,11.970000267028809,10.346794128417969
2015-06-01,7500,11.9399995803833,11.890000343322754,11.960000038146973,11.670000076293945,10.209412574768066
2015-05-29,40300,11.729999542236328,11.850000381469727,11.989999771118164,11.710000038146973,10.175064086914062
2015-05-28,3100,11.710000038146973,11.680000305175781,11.850000381469727,11.630000114440918,10.029091835021973
2015-05-27,7500,11.5,11.710000038146973,11.720000267028809,11.460000038146973,10.054852485656738
2015-05-26,24900,11.75,11.5,11.800000190734863,11.5,9.874534606933594
2015-05-22,37800,11.65999984741211,11.699999809265137,11.699999809265137,11.449999809265137,10.046266555786133
2015-05-21,11600,11.619999885559082,11.619999885559082,11.619999885559082,11.550000190734863,9.977574348449707
2015-05-20,102200,11.550000190734863,11.600000381469727,11.649999618530273,11.5,9.96040153503418
2015-05-19,19100,11.550000190734863,11.489999771118164,11.550000190734863,11.300000190734863,9.865949630737305
2015-05-18,34600,10.850000381469727,11.529999732971191,11.5600004196167,10.850000381469727,9.900294303894043
2015-05-15,5500,11.09000015258789,11.279999732971191,11.300000190734863,11.09000015258789,9.685630798339844
2015-05-14,22800,11.359999656677246,11.079999923706055,11.449999809265137,11.050000190734863,9.513899803161621
2015-05-13,11700,11.430000305175781,11.399999618530273,11.470000267028809,11.279999732971191,9.788668632507324
2015-05-12,8600,11.5600004196167,11.479999542236328,11.5600004196167,11.260000228881836,9.85736083984375
2015-05-11,15100,11.829999923706055,11.5600004196167,11.829999923706055,11.449999809265137,9.926054000854492
2015-05-08,24600,11.710000038146973,11.600000381469727,11.739999771118164,11.520000457763672,9.96040153503418
2015-05-07,62300,11.399999618530273,11.5,11.800000190734863,11.260000228881836,9.874534606933594
2015-05-06,19000,11.170000076293945,11.229999542236328,11.229999542236328,11.15999984741211,9.642696380615234
2015-05-05,4600,11.239999771118164,11.1899995803833,11.239999771118164,11.029999732971191,9.608352661132812
2015-05-04,14000,11.4399995803833,11.1899995803833,11.4399995803833,11.170000076293945,9.608352661132812
2015-05-01,15500,11.4399995803833,11.430000305175781,11.489999771118164,11.380000114440918,9.81442928314209
2015-04-30,57000,11.579999923706055,11.5,11.850000381469727,11.350000381469727,9.874534606933594
2015-04-29,13200,11.550000190734863,11.680000305175781,11.779999732971191,11.489999771118164,10.029091835021973
2015-04-28,7200,11.489999771118164,11.529999732971191,11.829999923706055,11.489999771118164,9.900294303894043
2015-04-27,20500,11.800000190734863,11.510000228881836,11.859999656677246,11.510000228881836,9.883121490478516
2015-04-24,14600,11.9399995803833,11.720000267028809,11.970000267028809,11.510000228881836,10.063440322875977
2015-04-23,31500,12.039999961853027,11.800000190734863,12.270000457763672,11.699999809265137,10.132132530212402
2015-04-22,47300,11.420000076293945,11.979999542236328,12.130000114440918,11.300000190734863,10.286688804626465
2015-04-21,37700,11.199999809265137,11.279999732971191,11.600000381469727,11.020000457763672,9.685630798339844
2015-04-20,64800,9.9399995803833,11.350000381469727,11.430000305175781,9.9399995803833,9.745737075805664
2015-04-17,48000,9.25,10.0,10.0,9.25,8.586552619934082
2015-04-16,356100,9.420000076293945,9.25,9.800000190734863,9.0,7.942559719085693
2015-04-15,4000,8.9399995803833,8.920000076293945,9.0,8.920000076293945,7.659204006195068
2015-04-14,19600,9.25,8.899999618530273,9.3100004196167,8.899999618530273,7.642030239105225
2015-04-13,6500,9.65999984741211,9.5,9.65999984741211,9.5,8.157222747802734
2015-04-10,8300,9.600000381469727,9.800000190734863,9.800000190734863,9.579999923706055,8.414820671081543
2015-04-09,2400,9.65999984741211,9.649999618530273,9.65999984741211,9.359999656677246,8.286022186279297
2015-04-08,300,9.180000305175781,9.180000305175781,9.180000305175781,9.180000305175781,7.882454872131348
2015-04-07,3000,9.109999656677246,9.25,9.350000381469727,9.109999656677246,7.942559719085693
2015-04-06,12000,9.100000381469727,8.800000190734863,9.100000381469727,8.600000381469727,7.556166172027588
2015-04-02,300,9.899999618530273,9.0,9.899999618530273,9.0,7.727898120880127
2015-04-01,4800,9.289999961853027,9.010000228881836,9.300000190734863,8.510000228881836,7.736482620239258
2015-03-31,57500,9.699999809265137,9.300000190734863,9.699999809265137,9.15999984741211,7.985493183135986
2015-03-30,0,9.600000381469727,9.600000381469727,9.600000381469727,9.600000381469727,8.243088722229004
2015-03-27,0,9.600000381469727,9.600000381469727,9.600000381469727,9.600000381469727,8.243088722229004
2015-03-26,0,9.600000381469727,9.600000381469727,9.600000381469727,9.600000381469727,8.243088722229004
2015-03-25,900,9.5,9.600000381469727,9.609999656677246,9.489999771118164,8.243088722229004
2015-03-24,13500,9.899999618530273,9.680000305175781,9.90999984741211,9.680000305175781,8.311782836914062
2015-03-23,2500,9.949999809265137,9.920000076293945,10.0,9.920000076293945,8.517860412597656
2015-03-20,3000,9.800000190734863,9.899999618530273,9.899999618530273,9.779999732971191,8.500686645507812
2015-03-19,4300,9.960000038146973,9.819999694824219,10.0,9.800000190734863,8.43199348449707
2015-03-18,0,9.960000038146973,9.960000038146973,9.960000038146973,9.960000038146973,8.552205085754395
2015-03-17,11300,9.800000190734863,9.960000038146973,9.970000267028809,9.760000228881836,8.552205085754395
2015-03-16,2900,10.0,9.989999771118164,10.0,9.989999771118164,8.577964782714844
2015-03-13,700,9.949999809265137,9.960000038146973,9.960000038146973,9.9399995803833,8.552205085754395
2015-03-12,200,9.850000381469727,9.850000381469727,9.850000381469727,9.850000381469727,8.45775318145752
2015-03-11,11000,9.859999656677246,9.869999885559082,10.0,9.859999656677246,8.47492790222168
2015-03-10,2800,9.880000114440918,9.819999694824219,9.899999618530273,9.819999694824219,8.43199348449707
2015-03-09,900,9.9399995803833,9.899999618530273,10.0,9.899999618530273,8.500686645507812
2015-03-06,1000,10.020000457763672,9.949999809265137,10.020000457763672,9.800000190734863,8.543619155883789
2015-03-05,1600,10.210000038146973,9.930000305175781,10.210000038146973,9.930000305175781,8.526446342468262
2015-03-04,100,10.020000457763672,10.020000457763672,10.020000457763672,10.020000457763672,8.603727340698242
2015-03-03,0,9.9399995803833,9.9399995803833,9.9399995803833,9.9399995803833,8.53503131866455
2015-03-02,900,9.859999656677246,9.9399995803833,9.979999542236328,9.859999656677246,8.53503131866455
2015-02-27,800,10.020000457763672,10.050000190734863,10.050000190734863,10.020000457763672,8.629485130310059
2015-02-26,3200,10.119999885559082,9.899999618530273,10.15999984741211,9.779999732971191,8.500686645507812
2015-02-25,300,10.140000343322754,9.949999809265137,10.140000343322754,9.899999618530273,8.543619155883789
2015-02-24,900,9.670000076293945,10.0,10.199999809265137,9.619999885559082,8.586552619934082
2015-02-23,2800,9.65999984741211,9.850000381469727,9.850000381469727,9.65999984741211,8.45775318145752
2015-02-20,800,9.960000038146973,9.84000015258789,9.960000038146973,9.789999961853027,8.449166297912598
2015-02-19,4200,9.720000267028809,9.800000190734863,9.800000190734863,9.65999984741211,8.414820671081543
2015-02-18,1500,9.649999618530273,9.699999809265137,9.699999809265137,9.600000381469727,8.32895565032959
2015-02-17,0,9.890000343322754,9.890000343322754,9.890000343322754,9.890000343322754,8.49210262298584
2015-02-13,700,10.0,9.890000343322754,10.0,9.890000343322754,8.49210262298584
2015-02-12,300,9.800000190734863,9.800000190734863,9.800000190734863,9.800000190734863,8.414820671081543
2015-02-11,2300,9.779999732971191,9.819999694824219,9.819999694824219,9.75,8.43199348449707
2015-02-10,14800,10.010000228881836,9.720000267028809,10.010000228881836,9.260000228881836,8.346129417419434
2015-02-09,2400,10.100000381469727,10.020000457763672,10.449999809265137,10.020000457763672,8.603727340698242
2015-02-06,200,10.100000381469727,10.100000381469727,10.100000381469727,10.100000381469727,8.672417640686035
2015-02-05,100,10.130000114440918,10.130000114440918,10.130000114440918,10.130000114440918,8.698177337646484
2015-02-04,2000,10.399999618530273,10.039999961853027,10.399999618530273,9.829999923706055,8.620899200439453
2015-02-03,3100,9.8100004196167,9.979999542236328,10.199999809265137,9.800000190734863,8.569378852844238
2015-02-02,300,9.869999885559082,9.880000114440918,9.880000114440918,9.869999885559082,8.483514785766602
2015-01-30,600,9.8100004196167,9.829999923706055,9.899999618530273,9.8100004196167,8.440579414367676
2015-01-29,400,10.220000267028809,9.899999618530273,10.220000267028809,9.899999618530273,8.500686645507812
2015-01-28,1000,10.300000190734863,9.920000076293945,10.300000190734863,9.920000076293945,8.517860412597656
2015-01-27,2000,10.239999771118164,10.119999885559082,10.239999771118164,10.109999656677246,8.689592361450195
2015-01-26,400,10.100000381469727,10.079999923706055,10.100000381469727,10.0,8.655243873596191
2015-01-23,12600,10.300000190734863,10.0,10.300000190734863,9.850000381469727,8.586552619934082
2015-01-22,21700,10.729999542236328,10.100000381469727,10.729999542236328,9.859999656677246,8.672417640686035
2015-01-21,600,10.0600004196167,10.0600004196167,10.0600004196167,10.0600004196167,8.638071060180664
2015-01-20,0,10.039999961853027,10.039999961853027,10.039999961853027,10.039999961853027,8.620899200439453
2015-01-16,200,10.039999961853027,10.039999961853027,10.039999961853027,10.039999961853027,8.620899200439453
2015-01-15,900,9.930000305175781,9.850000381469727,9.930000305175781,9.819999694824219,8.45775318145752
2015-01-14,8600,9.75,9.850000381469727,10.239999771118164,9.75,8.45775318145752
2015-01-13,0,9.800000190734863,9.800000190734863,9.800000190734863,9.800000190734863,8.414820671081543
2015-01-12,0,9.800000190734863,9.800000190734863,9.800000190734863,9.800000190734863,8.414820671081543
2015-01-09,1800,10.15999984741211,9.800000190734863,10.170000076293945,9.800000190734863,8.414820671081543
2015-01-08,2600,10.25,9.84000015258789,10.25,9.84000015258789,8.449166297912598
2015-01-07,3400,10.300000190734863,10.09000015258789,10.489999771118164,10.09000015258789,8.66383171081543
2015-01-06,0,9.90999984741211,9.90999984741211,9.90999984741211,9.90999984741211,8.509272575378418
2015-01-05,3000,10.0,9.90999984741211,10.0,9.619999885559082,8.509272575378418
2015-01-02,2000,9.619999885559082,9.9399995803833,10.100000381469727,9.619999885559082,8.53503131866455
2014-12-31,23500,10.25,10.149999618530273,10.260000228881836,9.800000190734863,8.715351104736328
2014-12-30,100,10.270000457763672,10.270000457763672,10.270000457763672,10.270000457763672,8.818390846252441
2014-12-29,200,10.270000457763672,10.270000457763672,10.270000457763672,10.270000457763672,8.818390846252441
2014-12-26,2400,10.34000015258789,10.25,10.350000381469727,10.25,8.801215171813965
2014-12-24,0,10.25,10.25,10.25,10.25,8.801215171813965
2014-12-23,1000,10.350000381469727,10.270000457763672,10.350000381469727,10.270000457763672,8.818390846252441
2014-12-22,2500,10.350000381469727,10.3100004196167,10.399999618530273,10.260000228881836,8.85273551940918
2014-12-19,0,10.25,10.25,10.25,10.25,8.801215171813965
2014-12-18,300,10.079999923706055,10.25,10.25,10.079999923706055,8.801215171813965
2014-12-17,300,10.119999885559082,10.119999885559082,10.119999885559082,10.119999885559082,8.689592361450195
2014-12-16,1400,10.229999542236328,10.130000114440918,10.229999542236328,10.100000381469727,8.698177337646484
2014-12-15,6100,10.109999656677246,10.100000381469727,10.239999771118164,10.050000190734863,8.672417640686035
2014-12-12,1400,10.199999809265137,10.15999984741211,10.210000038146973,10.069999694824219,8.723937034606934
2014-12-11,100,10.149999618530273,10.149999618530273,10.149999618530273,10.149999618530273,8.715351104736328
2014-12-10,1300,10.199999809265137,10.229999542236328,10.350000381469727,10.199999809265137,8.784042358398438
2014-12-09,1000,10.350000381469727,10.170000076293945,10.399999618530273,10.170000076293945,8.732523918151855
2014-12-08,1500,10.300000190734863,10.300000190734863,10.399999618530273,10.300000190734863,8.844148635864258
2014-12-05,700,10.300000190734863,10.260000228881836,10.300000190734863,10.260000228881836,8.809803009033203
2014-12-04,100,10.180000305175781,10.180000305175781,10.180000305175781,10.180000305175781,8.741108894348145
2014-12-03,0,10.149999618530273,10.149999618530273,10.149999618530273,10.149999618530273,8.715351104736328
2014-12-02,3000,10.350000381469727,10.149999618530273,10.359999656677246,10.149999618530273,8.715351104736328
2014-12-01,400,10.210000038146973,10.600000381469727,10.600000381469727,10.210000038146973,9.10174560546875
2014-11-28,600,10.050000190734863,10.649999618530273,10.649999618530273,10.050000190734863,9.14467716217041
2014-11-26,300,10.050000190734863,10.079999923706055,10.079999923706055,10.050000190734863,8.655243873596191
2014-11-25,100,10.09000015258789,10.09000015258789,10.09000015258789,10.09000015258789,8.66383171081543
2014-11-24,6100,10.100000381469727,10.600000381469727,10.600000381469727,10.100000381469727,9.10174560546875
2014-11-21,400,10.260000228881836,10.279999732971191,10.279999732971191,10.260000228881836,8.82697582244873
2014-11-20,2600,10.100000381469727,10.100000381469727,10.25,10.100000381469727,8.672417640686035
2014-11-19,100,10.050000190734863,10.050000190734863,10.050000190734863,10.050000190734863,8.629485130310059
2014-11-18,1100,10.390000343322754,10.260000228881836,10.399999618530273,10.260000228881836,8.809803009033203
2014-11-17,2500,10.489999771118164,10.050000190734863,10.5,10.050000190734863,8.629485130310059
2014-11-14,200,10.140000343322754,10.170000076293945,10.170000076293945,10.140000343322754,8.732523918151855
2014-11-13,0,10.050000190734863,10.050000190734863,10.050000190734863,10.050000190734863,8.629485130310059
2014-11-12,300,10.050000190734863,10.050000190734863,10.050000190734863,10.050000190734863,8.629485130310059
2014-11-11,2000,10.479999542236328,10.100000381469727,10.479999542236328,10.039999961853027,8.672417640686035
2014-11-10,400,10.329999923706055,10.329999923706055,10.329999923706055,10.329999923706055,8.869908332824707
2014-11-07,500,10.390000343322754,10.380000114440918,10.390000343322754,10.380000114440918,8.912841796875
2014-11-06,100,10.369999885559082,10.369999885559082,10.369999885559082,10.369999885559082,8.904253959655762
2014-11-05,3400,10.600000381469727,10.390000343322754,10.600000381469727,10.390000343322754,8.921429634094238
2014-11-04,700,10.289999961853027,10.3100004196167,10.3100004196167,10.279999732971191,8.85273551940918
2014-11-03,0,10.399999618530273,10.399999618530273,10.399999618530273,10.399999618530273,8.930014610290527
2014-10-31,1700,10.079999923706055,10.399999618530273,10.399999618530273,10.079999923706055,8.930014610290527
2014-10-30,1900,10.329999923706055,10.329999923706055,10.479999542236328,10.329999923706055,8.869908332824707
2014-10-29,100,10.329999923706055,10.329999923706055,10.329999923706055,10.329999923706055,8.869908332824707
2014-10-28,1300,10.600000381469727,10.420000076293945,10.600000381469727,10.420000076293945,8.947186470031738
2014-10-27,600,10.600000381469727,10.600000381469727,10.600000381469727,10.600000381469727,9.10174560546875
2014-10-24,400,10.380000114440918,10.380000114440918,10.380000114440918,10.380000114440918,8.912841796875
2014-10-23,300,10.289999961853027,10.5,10.5,10.289999961853027,9.015880584716797
2014-10-22,100,10.3100004196167,10.3100004196167,10.3100004196167,10.3100004196167,8.85273551940918
2014-10-21,3100,10.569999694824219,10.5,10.600000381469727,10.5,9.015880584716797
2014-10-20,100,10.369999885559082,10.369999885559082,10.369999885559082,10.369999885559082,8.904253959655762
2014-10-17,2000,10.050000190734863,10.449999809265137,10.970000267028809,10.050000190734863,8.972946166992188
2014-10-16,500,10.380000114440918,10.399999618530273,10.420000076293945,10.380000114440918,8.930014610290527
2014-10-15,800,10.050000190734863,10.399999618530273,10.550000190734863,10.050000190734863,8.930014610290527
2014-10-14,12300,11.050000190734863,10.569999694824219,11.34000015258789,10.449999809265137,9.075986862182617
2014-10-13,100,10.949999809265137,10.949999809265137,10.949999809265137,10.949999809265137,9.402274131774902
2014-10-10,800,11.0,11.0600004196167,11.069999694824219,11.0,9.496726036071777
2014-10-09,500,10.949999809265137,10.970000267028809,10.970000267028809,10.949999809265137,9.419449806213379
2014-10-08,200,10.960000038146973,10.960000038146973,10.960000038146973,10.960000038146973,9.410861015319824
2014-10-07,1300,11.680000305175781,11.0,11.699999809265137,11.0,9.445206642150879
2014-10-06,0,11.0,11.0,11.0,11.0,9.445206642150879
2014-10-03,20800,11.289999961853027,11.0,12.0,10.949999809265137,9.445206642150879
2014-10-02,0,11.220000267028809,11.220000267028809,11.220000267028809,11.220000267028809,9.634112358093262
2014-10-01,4200,10.960000038146973,11.220000267028809,11.229999542236328,10.949999809265137,9.634112358093262
2014-09-30,0,10.949999809265137,10.949999809265137,10.949999809265137,10.949999809265137,9.402274131774902
2014-09-29,300,10.960000038146973,10.949999809265137,10.970000267028809,10.949999809265137,9.402274131774902
2014-09-26,1300,11.0,10.960000038146973,11.020000457763672,10.960000038146973,9.410861015319824
2014-09-25,1700,11.5,11.25,11.5,11.039999961853027,9.659870147705078
2014-09-24,8100,11.390000343322754,11.010000228881836,11.520000457763672,11.010000228881836,9.453794479370117
2014-09-23,6800,11.25,11.0600004196167,11.25,10.899999618530273,9.496726036071777
2014-09-22,1000,11.100000381469727,11.15999984741211,11.15999984741211,11.100000381469727,9.58259105682373
2014-09-19,4200,11.010000228881836,11.25,11.25,11.0,9.659870147705078
2014-09-18,1200,11.109999656677246,11.220000267028809,11.220000267028809,10.930000305175781,9.634112358093262
2014-09-17,3800,11.180000305175781,11.25,11.25,11.149999618530273,9.659870147705078
2014-09-16,1700,11.0,11.09000015258789,11.180000305175781,10.979999542236328,9.522488594055176
2014-09-15,0,11.229999542236328,11.229999542236328,11.229999542236328,11.229999542236328,9.642696380615234
2014-09-12,0,11.229999542236328,11.229999542236328,11.229999542236328,11.229999542236328,9.642696380615234
2014-09-11,21000,11.09000015258789,11.229999542236328,11.239999771118164,10.989999771118164,9.642696380615234
2014-09-10,1800,10.9399995803833,10.90999984741211,11.010000228881836,10.899999618530273,9.367929458618164
2014-09-09,1300,11.34000015258789,10.9399995803833,11.34000015258789,10.9399995803833,9.393689155578613
2014-09-08,1000,11.079999923706055,10.979999542236328,11.079999923706055,10.9399995803833,9.428033828735352
2014-09-05,600,11.329999923706055,11.149999618530273,11.329999923706055,11.100000381469727,9.574004173278809
2014-09-04,400,11.170000076293945,11.170000076293945,11.170000076293945,11.170000076293945,9.591180801391602
2014-09-03,100,11.170000076293945,11.170000076293945,11.170000076293945,11.170000076293945,9.591180801391602
2014-09-02,400,11.229999542236328,11.300000190734863,11.300000190734863,11.180000305175781,9.702804565429688
2014-08-29,400,11.180000305175781,11.229999542236328,11.229999542236328,11.180000305175781,9.642696380615234
2014-08-28,5100,11.170000076293945,11.300000190734863,11.380000114440918,11.170000076293945,9.702804565429688
2014-08-27,0,11.3100004196167,11.3100004196167,11.3100004196167,11.3100004196167,9.71139144897461
2014-08-26,2100,11.239999771118164,11.3100004196167,11.350000381469727,11.239999771118164,9.71139144897461
2014-08-25,3400,11.5,11.350000381469727,11.5,11.010000228881836,9.745737075805664
2014-08-22,4600,11.260000228881836,11.5,11.5,11.199999809265137,9.874534606933594
2014-08-21,1800,10.9399995803833,11.199999809265137,11.199999809265137,10.9399995803833,9.616938591003418
2014-08-20,2700,11.5,11.079999923706055,11.5,11.079999923706055,9.513899803161621
2014-08-19,2900,10.949999809265137,11.029999732971191,11.199999809265137,10.899999618530273,9.470965385437012
2014-08-18,2000,11.449999809265137,11.149999618530273,11.930000305175781,11.100000381469727,9.574004173278809
2014-08-15,100,10.949999809265137,10.949999809265137,10.949999809265137,10.949999809265137,9.402274131774902
2014-08-14,3400,10.90999984741211,10.989999771118164,11.109999656677246,10.90999984741211,9.436620712280273
2014-08-13,1500,11.390000343322754,11.0600004196167,11.390000343322754,11.0,9.496726036071777
2014-08-12,15000,11.489999771118164,10.920000076293945,11.5,10.899999618530273,9.376516342163086
2014-08-11,3700,11.470000267028809,10.949999809265137,11.470000267028809,10.949999809265137,9.402274131774902
2014-08-08,10300,10.8100004196167,11.100000381469727,11.239999771118164,10.8100004196167,9.531072616577148
2014-08-07,500,11.0,11.25,11.25,11.0,9.659870147705078
2014-08-06,0,11.0,11.0,11.0,11.0,9.445206642150879
2014-08-05,3900,11.0,11.0,11.0600004196167,10.819999694824219,9.445206642150879
2014-08-04,0,11.239999771118164,11.239999771118164,11.239999771118164,11.239999771118164,9.651284217834473
2014-08-01,1600,10.770000457763672,11.239999771118164,11.239999771118164,10.770000457763672,9.651284217834473
2014-07-31,3900,11.15999984741211,10.699999809265137,11.260000228881836,10.699999809265137,9.187610626220703
2014-07-30,600,11.369999885559082,11.109999656677246,11.369999885559082,11.109999656677246,9.53965950012207
2014-07-29,11200,12.119999885559082,11.619999885559082,12.119999885559082,11.220000267028809,9.977574348449707
2014-07-28,5700,11.550000190734863,11.600000381469727,11.949999809265137,11.550000190734863,9.96040153503418
2014-07-25,1000,11.579999923706055,11.199999809265137,11.579999923706055,11.199999809265137,9.616938591003418
2014-07-24,2000,11.9399995803833,11.5,11.9399995803833,11.25,9.874534606933594
2014-07-23,100,11.0600004196167,11.0600004196167,11.0600004196167,11.0600004196167,9.496726036071777
2014-07-22,0,11.369999885559082,11.369999885559082,11.369999885559082,11.369999885559082,9.762909889221191
2014-07-21,500,11.199999809265137,11.369999885559082,11.369999885559082,11.199999809265137,9.762909889221191
2014-07-18,0,11.149999618530273,11.149999618530273,11.149999618530273,11.149999618530273,9.574004173278809
2014-07-17,1400,11.1899995803833,11.149999618530273,11.1899995803833,11.149999618530273,9.574004173278809
2014-07-16,0,11.149999618530273,11.149999618530273,11.149999618530273,11.149999618530273,9.574004173278809
2014-07-15,0,11.149999618530273,11.149999618530273,11.149999618530273,11.149999618530273,9.574004173278809
2014-07-14,2600,11.220000267028809,11.149999618530273,11.609999656677246,11.010000228881836,9.574004173278809
2014-07-11,1800,11.300000190734863,11.199999809265137,11.399999618530273,11.199999809265137,9.616938591003418
2014-07-10,1100,11.300000190734863,11.300000190734863,11.300000190734863,11.300000190734863,9.702804565429688
2014-07-09,4700,11.609999656677246,11.300000190734863,11.6899995803833,11.300000190734863,9.702804565429688
2014-07-08,6800,11.989999771118164,11.350000381469727,11.989999771118164,11.3100004196167,9.745737075805664
2014-07-07,500,12.25,12.119999885559082,12.25,12.0,10.406902313232422
2014-07-03,11300,11.550000190734863,12.220000267028809,12.25,11.550000190734863,10.492767333984375
2014-07-02,2400,12.170000076293945,11.510000228881836,12.199999809265137,11.510000228881836,9.883121490478516
2014-07-01,3300,12.25,12.289999961853027,12.289999961853027,12.050000190734863,10.552872657775879
2014-06-30,1600,12.390000343322754,12.079999923706055,12.390000343322754,12.069999694824219,10.372553825378418
2014-06-27,3400,12.739999771118164,12.050000190734863,12.739999771118164,12.050000190734863,10.346794128417969
2014-06-26,6300,12.279999732971191,12.069999694824219,12.399999618530273,12.069999694824219,10.363966941833496
2014-06-25,7000,12.390000343322754,12.25,12.449999809265137,12.0,10.518526077270508
2014-06-24,1500,11.920000076293945,12.350000381469727,12.520000457763672,11.920000076293945,10.604393005371094
2014-06-23,9800,11.989999771118164,12.399999618530273,12.600000381469727,11.550000190734863,10.647323608398438
2014-06-20,29200,12.670000076293945,11.5,12.670000076293945,11.5,9.874534606933594
2014-06-19,16900,15.0,12.470000267028809,15.0,12.0,10.707430839538574
2014-06-18,27200,12.800000190734863,12.989999771118164,13.5,12.800000190734863,11.153931617736816
2014-06-17,73700,12.6899995803833,12.890000343322754,12.899999618530273,12.6899995803833,11.068065643310547
2014-06-16,17000,12.020000457763672,12.770000457763672,12.949999809265137,12.0,10.96502685546875
2014-06-13,6800,12.899999618530273,12.079999923706055,12.899999618530273,12.0,10.372553825378418
2014-06-12,34700,11.59000015258789,12.039999961853027,12.270000457763672,11.59000015258789,10.33820915222168
2014-06-11,3500,11.399999618530273,11.550000190734863,11.600000381469727,11.399999618530273,9.917468070983887
2014-06-10,11700,11.6899995803833,11.619999885559082,11.699999809265137,11.609999656677246,9.977574348449707
2014-06-09,9600,11.600000381469727,11.600000381469727,11.600000381469727,11.100000381469727,9.96040153503418
2014-06-06,400,11.0,11.0,11.100000381469727,11.0,9.445206642150879
2014-06-05,7200,11.100000381469727,11.0,11.25,11.0,9.445206642150879
2014-06-04,7400,11.0,11.0,11.0,10.5,9.445206642150879
2014-06-03,12800,10.899999618530273,10.859999656677246,11.75,10.859999656677246,9.324995040893555
2014-06-02,400,10.199999809265137,10.260000228881836,10.260000228881836,10.199999809265137,8.809803009033203
2014-05-30,30400,10.859999656677246,10.800000190734863,10.899999618530273,10.800000190734863,9.273476600646973
2014-05-29,21700,11.0,10.850000381469727,11.0,10.850000381469727,9.31640911102295
2014-05-28,32900,10.800000190734863,11.0,11.25,10.800000190734863,9.445206642150879
2014-05-27,1100,11.25,10.550000190734863,11.25,10.550000190734863,9.05881118774414
2014-05-23,0,10.5,10.5,10.5,10.5,9.015880584716797
2014-05-22,0,10.5,10.5,10.5,10.5,9.015880584716797
2014-05-21,800,10.5,10.5,10.5,10.5,9.015880584716797
2014-05-20,200,10.649999618530273,10.739999771118164,10.739999771118164,10.649999618530273,9.22195816040039
2014-05-19,4300,10.699999809265137,10.75,10.800000190734863,10.520000457763672,9.230542182922363
2014-05-16,4500,10.550000190734863,10.699999809265137,10.699999809265137,10.550000190734863,9.187610626220703
2014-05-15,42300,10.460000038146973,10.5600004196167,10.5600004196167,10.460000038146973,9.067399978637695
2014-05-14,2000,10.460000038146973,10.460000038146973,10.460000038146973,10.460000038146973,8.98153305053711
2014-05-13,2400,10.600000381469727,10.329999923706055,10.699999809265137,10.329999923706055,8.869908332824707
2014-05-12,5700,10.420000076293945,10.460000038146973,10.460000038146973,10.420000076293945,8.98153305053711
2014-05-09,14000,10.449999809265137,10.4399995803833,10.649999618530273,10.329999923706055,8.964360237121582
2014-05-08,300,10.329999923706055,10.329999923706055,10.329999923706055,10.329999923706055,8.869908332824707
2014-05-07,6800,10.34000015258789,10.329999923706055,10.6899995803833,10.329999923706055,8.869908332824707
2014-05-06,2600,10.399999618530273,10.199999809265137,10.399999618530273,10.199999809265137,8.758281707763672
2014-05-05,3300,10.329999923706055,10.329999923706055,10.380000114440918,10.329999923706055,8.869908332824707
2014-05-02,1600,10.319999694824219,10.329999923706055,10.329999923706055,10.260000228881836,8.869908332824707
2014-05-01,600,10.369999885559082,10.350000381469727,10.369999885559082,10.350000381469727,8.88708209991455
2014-04-30,200,10.359999656677246,10.359999656677246,10.359999656677246,10.359999656677246,8.89566707611084
2014-04-29,200,10.640000343322754,10.640000343322754,10.640000343322754,10.640000343322754,9.136091232299805
2014-04-28,200,10.680000305175781,10.680000305175781,10.680000305175781,10.680000305175781,9.170437812805176
2014-04-25,1600,10.390000343322754,10.539999961853027,10.569999694824219,10.359999656677246,9.050227165222168
2014-04-24,5900,10.699999809265137,10.75,10.75,10.350000381469727,9.230542182922363
2014-04-23,2400,10.25,10.380000114440918,10.449999809265137,10.210000038146973,8.912841796875
2014-04-22,0,10.800000190734863,10.800000190734863,10.800000190734863,10.800000190734863,9.273476600646973
2014-04-21,13700,10.779999732971191,10.800000190734863,10.850000381469727,10.430000305175781,9.273476600646973
2014-04-17,5100,10.779999732971191,10.800000190734863,10.899999618530273,10.779999732971191,9.273476600646973
2014-04-16,0,10.789999961853027,10.789999961853027,10.789999961853027,10.789999961853027,9.26488971710205
2014-04-15,1000,10.789999961853027,10.789999961853027,10.789999961853027,10.789999961853027,9.26488971710205
2014-04-14,0,10.800000190734863,10.800000190734863,10.800000190734863,10.800000190734863,9.273476600646973
2014-04-11,0,10.800000190734863,10.800000190734863,10.800000190734863,10.800000190734863,9.273476600646973
2014-04-10,0,10.800000190734863,10.800000190734863,10.800000190734863,10.800000190734863,9.273476600646973
2014-04-09,0,10.800000190734863,10.800000190734863,10.800000190734863,10.800000190734863,9.273476600646973
2014-04-08,0,10.800000190734863,10.800000190734863,10.800000190734863,10.800000190734863,9.273476600646973
2014-04-07,100,10.800000190734863,10.800000190734863,10.800000190734863,10.800000190734863,9.273476600646973
2014-04-04,100,10.800000190734863,10.800000190734863,10.800000190734863,10.800000190734863,9.273476600646973
2014-04-03,100,10.800000190734863,10.800000190734863,10.800000190734863,10.800000190734863,9.273476600646973
2014-04-02,100,10.739999771118164,10.739999771118164,10.739999771118164,10.739999771118164,9.22195816040039
2014-04-01,200,10.550000190734863,10.949999809265137,10.949999809265137,10.550000190734863,9.402274131774902
2014-03-31,0,10.550000190734863,10.550000190734863,10.550000190734863,10.550000190734863,9.05881118774414
2014-03-28,0,10.550000190734863,10.550000190734863,10.550000190734863,10.550000190734863,9.05881118774414
2014-03-27,0,10.550000190734863,10.550000190734863,10.550000190734863,10.550000190734863,9.05881118774414
2014-03-26,0,10.550000190734863,10.550000190734863,10.550000190734863,10.550000190734863,9.05881118774414
2014-03-25,200,10.609999656677246,10.550000190734863,10.609999656677246,10.550000190734863,9.05881118774414
2014-03-24,400,10.5600004196167,10.550000190734863,10.5600004196167,10.550000190734863,9.05881118774414
2014-03-21,100,10.550000190734863,10.550000190734863,10.550000190734863,10.550000190734863,9.05881118774414
2014-03-20,2000,10.399999618530273,10.619999885559082,10.619999885559082,10.300000190734863,9.118917465209961
2014-03-19,11800,10.390000343322754,10.699999809265137,10.699999809265137,10.130000114440918,9.187610626220703
2014-03-18,29900,10.229999542236328,10.40999984741211,10.600000381469727,10.010000228881836,8.938600540161133
2014-03-17,4400,10.369999885559082,10.399999618530273,10.40999984741211,10.210000038146973,8.930014610290527
2014-03-14,300,10.75,10.210000038146973,10.75,10.210000038146973,8.76686954498291
2014-03-13,1500,10.229999542236328,10.199999809265137,10.229999542236328,10.199999809265137,8.758281707763672
2014-03-12,5500,10.600000381469727,10.229999542236328,10.600000381469727,10.199999809265137,8.784042358398438
2014-03-11,7100,10.600000381469727,10.239999771118164,10.600000381469727,10.199999809265137,8.79262924194336
2014-03-10,4100,10.210000038146973,10.199999809265137,10.25,10.199999809265137,8.758281707763672
2014-03-07,18700,10.199999809265137,10.399999618530273,10.899999618530273,10.199999809265137,8.930014610290527
2014-03-06,18400,10.5,10.369999885559082,10.920000076293945,10.199999809265137,8.904253959655762
2014-03-05,26900,10.199999809265137,10.449999809265137,10.960000038146973,10.109999656677246,8.972946166992188
2014-03-04,13800,10.279999732971191,10.420000076293945,10.739999771118164,10.130000114440918,8.947186470031738
2014-03-03,8700,10.260000228881836,10.020000457763672,10.350000381469727,10.020000457763672,8.603727340698242
2014-02-28,1200,10.199999809265137,10.199999809265137,10.289999961853027,10.199999809265137,8.758281707763672
2014-02-27,200,10.449999809265137,10.279999732971191,10.449999809265137,10.279999732971191,8.82697582244873
2014-02-26,700,11.0,10.050000190734863,11.100000381469727,10.0,8.629485130310059
2014-02-25,4600,10.0,10.050000190734863,11.149999618530273,10.0,8.629485130310059
2014-02-24,32600,10.0,10.260000228881836,10.260000228881836,10.0,8.809803009033203
2014-02-21,0,10.0,10.0,10.0,10.0,8.586552619934082
2014-02-20,0,10.0,10.0,10.0,10.0,8.586552619934082
2014-02-19,2400,10.140000343322754,10.0,10.140000343322754,9.5,8.586552619934082
2014-02-18,0,10.0,10.0,10.0,10.0,8.586552619934082
2014-02-14,0,10.0,10.0,10.0,10.0,8.586552619934082
2014-02-13,25100,10.0,10.0,10.050000190734863,10.0,8.586552619934082
2014-02-12,0,9.920000076293945,9.920000076293945,9.920000076293945,9.920000076293945,8.517860412597656
2014-02-11,1600,9.899999618530273,9.920000076293945,10.029999732971191,9.899999618530273,8.517860412597656
2014-02-10,0,9.800000190734863,9.800000190734863,9.800000190734863,9.800000190734863,8.414820671081543
2014-02-07,1500,9.399999618530273,9.800000190734863,9.949999809265137,9.399999618530273,8.414820671081543
2014-02-06,0,9.920000076293945,9.920000076293945,9.920000076293945,9.920000076293945,8.517860412597656
2014-02-05,18300,9.739999771118164,9.920000076293945,9.989999771118164,9.739999771118164,8.517860412597656
2014-02-04,8900,9.930000305175781,9.75,10.0,9.5,8.371888160705566
2014-02-03,0,9.930000305175781,9.930000305175781,9.930000305175781,9.930000305175781,8.526446342468262
2014-01-31,13100,10.050000190734863,9.930000305175781,10.050000190734863,9.930000305175781,8.526446342468262
2014-01-30,4100,10.0,9.989999771118164,10.100000381469727,9.970000267028809,8.577964782714844
2014-01-29,5000,9.510000228881836,10.0,10.510000228881836,9.510000228881836,8.586552619934082
2014-01-28,1400,9.90999984741211,9.949999809265137,9.949999809265137,9.510000228881836,8.543619155883789
2014-01-27,3500,10.0,9.949999809265137,10.0,9.65999984741211,8.543619155883789
2014-01-24,7700,10.029999732971191,10.0,10.029999732971191,9.640000343322754,8.586552619934082
2014-01-23,21400,10.239999771118164,10.0,10.239999771118164,9.5,8.586552619934082
2014-01-22,15200,9.300000190734863,9.989999771118164,10.010000228881836,9.100000381469727,8.577964782714844
2014-01-21,4600,9.0,9.270000457763672,9.270000457763672,9.0,7.9597344398498535
2014-01-17,1300,8.90999984741211,8.9399995803833,8.9399995803833,8.899999618530273,7.676376819610596
2014-01-16,1000,8.859999656677246,9.0,9.380000114440918,8.859999656677246,7.727898120880127
2014-01-15,14500,8.949999809265137,9.199999809265137,9.25,8.850000381469727,7.899628162384033
2014-01-14,6000,8.989999771118164,8.800000190734863,8.989999771118164,8.800000190734863,7.556166172027588
2014-01-13,9200,9.050000190734863,8.649999618530273,9.050000190734863,8.649999618530273,7.427367687225342
2014-01-10,3600,9.0600004196167,9.0,9.300000190734863,8.720000267028809,7.727898120880127
2014-01-09,21100,10.0,9.100000381469727,10.029999732971191,8.550000190734863,7.8137640953063965
2014-01-08,6200,9.25,9.949999809265137,9.949999809265137,9.050000190734863,8.543619155883789
2014-01-07,4500,9.369999885559082,9.3100004196167,9.460000038146973,9.3100004196167,7.99407958984375
2014-01-06,10300,8.640000343322754,9.420000076293945,9.420000076293945,8.640000343322754,8.088531494140625
2014-01-03,6000,8.59000015258789,8.600000381469727,8.699999809265137,8.59000015258789,7.384435176849365
2014-01-02,8200,8.520000457763672,8.600000381469727,8.600000381469727,8.5,7.384435176849365
2013-12-31,1100,8.739999771118164,8.550000190734863,8.850000381469727,8.550000190734863,7.341502666473389
2013-12-30,1700,9.029999732971191,8.850000381469727,9.029999732971191,8.850000381469727,7.599099159240723
2013-12-27,10100,8.75,9.5,9.529999732971191,8.149999618530273,8.157222747802734
2013-12-26,300,8.75,8.75,8.75,8.75,7.513232707977295
2013-12-24,0,9.430000305175781,9.430000305175781,9.430000305175781,9.430000305175781,8.097119331359863
2013-12-23,5900,10.100000381469727,9.430000305175781,10.100000381469727,9.039999961853027,8.097119331359863
2013-12-20,993600,10.319999694824219,10.180000305175781,10.319999694824219,10.180000305175781,8.741108894348145
2013-12-19,42500,10.010000228881836,10.260000228881836,10.399999618530273,10.010000228881836,8.809803009033203
2013-12-18,4500,10.180000305175781,10.1899995803833,10.1899995803833,10.180000305175781,8.749696731567383
2013-12-17,79200,10.180000305175781,10.1899995803833,10.229999542236328,10.079999923706055,8.749696731567383
2013-12-16,2900,10.130000114440918,9.3100004196167,10.170000076293945,9.3100004196167,7.99407958984375
2013-12-13,1900,10.0,10.0,10.0,10.0,8.586552619934082
2013-12-12,4300,10.180000305175781,10.180000305175781,10.180000305175781,10.180000305175781,8.741108894348145
2013-12-11,6600,10.180000305175781,10.180000305175781,10.180000305175781,10.170000076293945,8.741108894348145
2013-12-10,2800,10.180000305175781,10.109999656677246,10.180000305175781,10.109999656677246,8.681001663208008
2013-12-09,0,10.15999984741211,10.15999984741211,10.15999984741211,10.15999984741211,8.723937034606934
2013-12-06,8900,10.170000076293945,10.15999984741211,10.170000076293945,10.15999984741211,8.723937034606934
2013-12-05,900,10.170000076293945,10.170000076293945,10.170000076293945,10.170000076293945,8.732523918151855
2013-12-04,3400,10.15999984741211,10.109999656677246,10.15999984741211,10.109999656677246,8.681001663208008
2013-12-03,2000,10.170000076293945,10.170000076293945,10.170000076293945,10.170000076293945,8.732523918151855
2013-12-02,14700,10.170000076293945,10.170000076293945,10.170000076293945,10.170000076293945,8.732523918151855
2013-11-29,2600,10.170000076293945,10.170000076293945,10.170000076293945,10.170000076293945,8.732523918151855
2013-11-27,0,10.100000381469727,10.100000381469727,10.100000381469727,10.100000381469727,8.672417640686035
2013-11-26,0,10.100000381469727,10.100000381469727,10.100000381469727,10.100000381469727,8.672417640686035
2013-11-25,4700,10.180000305175781,10.100000381469727,10.180000305175781,10.100000381469727,8.672417640686035
2013-11-22,100,10.170000076293945,10.170000076293945,10.170000076293945,10.170000076293945,8.732523918151855
2013-11-21,15200,10.170000076293945,10.170000076293945,10.180000305175781,10.170000076293945,8.732523918151855
2013-11-20,21900,10.170000076293945,10.170000076293945,10.180000305175781,10.170000076293945,8.732523918151855
2013-11-19,0,10.170000076293945,10.170000076293945,10.170000076293945,10.170000076293945,8.732523918151855
2013-11-18,45700,10.170000076293945,10.170000076293945,10.170000076293945,10.170000076293945,8.732523918151855
2013-11-15,0,10.15999984741211,10.15999984741211,10.15999984741211,10.15999984741211,8.723937034606934
2013-11-14,200,10.15999984741211,10.15999984741211,10.15999984741211,10.15999984741211,8.723937034606934
2013-11-13,2100,10.15999984741211,10.15999984741211,10.15999984741211,10.15999984741211,8.723937034606934
2013-11-12,100,10.15999984741211,10.15999984741211,10.15999984741211,10.15999984741211,8.723937034606934
2013-11-11,1800,10.170000076293945,10.170000076293945,10.170000076293945,10.170000076293945,8.732523918151855
2013-11-08,1600,10.170000076293945,10.170000076293945,10.170000076293945,10.170000076293945,8.732523918151855
2013-11-07,0,10.170000076293945,10.170000076293945,10.170000076293945,10.170000076293945,8.732523918151855
2013-11-06,0,10.170000076293945,10.170000076293945,10.170000076293945,10.170000076293945,8.732523918151855
2013-11-05,1300,10.069999694824219,10.170000076293945,10.170000076293945,10.069999694824219,8.732523918151855
2013-11-04,100100,10.15999984741211,10.180000305175781,10.180000305175781,10.15999984741211,8.741108894348145
2013-11-01,35600,10.100000381469727,10.15999984741211,10.170000076293945,10.100000381469727,8.723937034606934
2013-10-31,1800,10.180000305175781,10.140000343322754,10.180000305175781,9.600000381469727,8.706765174865723
2013-10-30,0,10.15999984741211,10.15999984741211,10.15999984741211,10.15999984741211,8.723937034606934
2013-10-29,0,10.15999984741211,10.15999984741211,10.15999984741211,10.15999984741211,8.723937034606934
2013-10-28,3400,10.15999984741211,10.15999984741211,10.15999984741211,10.15999984741211,8.723937034606934
2013-10-25,0,10.15999984741211,10.15999984741211,10.15999984741211,10.15999984741211,8.723937034606934
2013-10-24,1100,10.15999984741211,10.15999984741211,10.15999984741211,10.15999984741211,8.723937034606934
2013-10-23,1300,10.15999984741211,10.15999984741211,10.15999984741211,10.15999984741211,8.723937034606934
2013-10-22,0,10.15999984741211,10.15999984741211,10.15999984741211,10.15999984741211,8.723937034606934
2013-10-21,400,10.15999984741211,10.15999984741211,10.15999984741211,10.15999984741211,8.723937034606934
2013-10-18,16600,10.180000305175781,10.15999984741211,10.180000305175781,10.149999618530273,8.723937034606934
2013-10-17,0,10.149999618530273,10.149999618530273,10.149999618530273,10.149999618530273,8.715351104736328
2013-10-16,2500,10.149999618530273,10.149999618530273,10.149999618530273,10.149999618530273,8.715351104736328
2013-10-15,4200,10.149999618530273,10.149999618530273,10.15999984741211,10.140000343322754,8.715351104736328
2013-10-14,6400,10.149999618530273,10.149999618530273,10.149999618530273,10.149999618530273,8.715351104736328
2013-10-11,3100,10.180000305175781,10.149999618530273,10.180000305175781,10.149999618530273,8.715351104736328
2013-10-10,400,10.180000305175781,10.180000305175781,10.180000305175781,10.180000305175781,8.741108894348145
2013-10-09,11000,10.15999984741211,10.149999618530273,10.15999984741211,10.149999618530273,8.715351104736328
2013-10-08,30100,10.170000076293945,10.15999984741211,10.180000305175781,10.149999618530273,8.723937034606934
2013-10-07,20100,10.149999618530273,10.170000076293945,10.180000305175781,10.149999618530273,8.732523918151855
2013-10-04,1800,10.09000015258789,10.149999618530273,10.149999618530273,10.09000015258789,8.715351104736328
2013-10-03,13000,10.079999923706055,10.149999618530273,10.180000305175781,10.079999923706055,8.715351104736328
2013-10-02,10300,9.890000343322754,10.149999618530273,10.180000305175781,9.890000343322754,8.715351104736328
2013-10-01,26100,9.720000267028809,10.149999618530273,10.180000305175781,9.720000267028809,8.715351104736328
2013-09-30,200,10.020000457763672,10.069999694824219,10.069999694824219,10.020000457763672,8.646657943725586
2013-09-27,53600,10.180000305175781,10.0600004196167,10.180000305175781,10.029999732971191,8.638071060180664
2013-09-26,6900,10.180000305175781,10.170000076293945,10.180000305175781,10.100000381469727,8.732523918151855
2013-09-25,103800,10.100000381469727,10.180000305175781,10.229999542236328,10.0600004196167,8.741108894348145
2013-09-24,0,10.029999732971191,10.029999732971191,10.029999732971191,10.029999732971191,8.612310409545898
2013-09-23,0,10.029999732971191,10.029999732971191,10.029999732971191,10.029999732971191,8.612310409545898
2013-09-20,0,10.029999732971191,10.029999732971191,10.029999732971191,10.029999732971191,8.612310409545898
2013-09-19,0,10.029999732971191,10.029999732971191,10.029999732971191,10.029999732971191,8.612310409545898
2013-09-18,0,10.029999732971191,10.029999732971191,10.029999732971191,10.029999732971191,8.612310409545898
2013-09-17,3600,10.029999732971191,10.029999732971191,10.029999732971191,10.029999732971191,8.612310409545898
2013-09-16,1100,10.020000457763672,10.029999732971191,10.029999732971191,10.020000457763672,8.612310409545898
2013-09-13,0,10.079999923706055,10.079999923706055,10.079999923706055,10.079999923706055,8.655243873596191
2013-09-12,0,10.079999923706055,10.079999923706055,10.079999923706055,10.079999923706055,8.655243873596191
2013-09-11,0,10.079999923706055,10.079999923706055,10.079999923706055,10.079999923706055,8.655243873596191
2013-09-10,0,10.079999923706055,10.079999923706055,10.079999923706055,10.079999923706055,8.655243873596191
2013-09-09,0,10.079999923706055,10.079999923706055,10.079999923706055,10.079999923706055,8.655243873596191
2013-09-06,0,10.079999923706055,10.079999923706055,10.079999923706055,10.079999923706055,8.655243873596191
2013-09-05,0,10.079999923706055,10.079999923706055,10.079999923706055,10.079999923706055,8.655243873596191
2013-09-04,0,10.079999923706055,10.079999923706055,10.079999923706055,10.079999923706055,8.655243873596191
2013-09-03,0,10.079999923706055,10.079999923706055,10.079999923706055,10.079999923706055,8.655243873596191
2013-08-30,0,10.079999923706055,10.079999923706055,10.079999923706055,10.079999923706055,8.655243873596191
2013-08-29,0,10.079999923706055,10.079999923706055,10.079999923706055,10.079999923706055,8.655243873596191
2013-08-28,0,10.079999923706055,10.079999923706055,10.079999923706055,10.079999923706055,8.655243873596191
2013-08-27,0,10.079999923706055,10.079999923706055,10.079999923706055,10.079999923706055,8.655243873596191
2013-08-26,0,10.079999923706055,10.079999923706055,10.079999923706055,10.079999923706055,8.655243873596191
2013-08-23,0,10.079999923706055,10.079999923706055,10.079999923706055,10.079999923706055,8.655243873596191
2013-08-22,0,10.079999923706055,10.079999923706055,10.079999923706055,10.079999923706055,8.655243873596191
2013-08-21,0,10.079999923706055,10.079999923706055,10.079999923706055,10.079999923706055,8.655243873596191
2013-08-20,7100,10.100000381469727,10.079999923706055,10.100000381469727,10.0,8.655243873596191
2013-08-19,5300,10.130000114440918,10.079999923706055,10.140000343322754,10.079999923706055,8.655243873596191
2013-08-16,1000,10.050000190734863,10.050000190734863,10.050000190734863,10.050000190734863,8.629485130310059
2013-08-15,0,10.050000190734863,10.050000190734863,10.050000190734863,10.050000190734863,8.629485130310059
2013-08-14,400,10.050000190734863,10.050000190734863,10.050000190734863,10.050000190734863,8.629485130310059
2013-08-13,2100,10.0,10.039999961853027,10.039999961853027,10.0,8.620899200439453
2013-08-12,0,10.050000190734863,10.050000190734863,10.050000190734863,10.050000190734863,8.629485130310059
2013-08-09,0,10.050000190734863,10.050000190734863,10.050000190734863,10.050000190734863,8.629485130310059
2013-08-08,0,10.050000190734863,10.050000190734863,10.050000190734863,10.050000190734863,8.629485130310059
2013-08-07,0,10.050000190734863,10.050000190734863,10.050000190734863,10.050000190734863,8.629485130310059
2013-08-06,0,10.050000190734863,10.050000190734863,10.050000190734863,10.050000190734863,8.629485130310059
2013-08-05,0,10.050000190734863,10.050000190734863,10.050000190734863,10.050000190734863,8.629485130310059
2013-08-02,0,10.050000190734863,10.050000190734863,10.050000190734863,10.050000190734863,8.629485130310059
2013-08-01,200,10.050000190734863,10.050000190734863,10.050000190734863,10.050000190734863,8.629485130310059
2013-07-31,100,10.050000190734863,10.050000190734863,10.050000190734863,10.050000190734863,8.629485130310059
2013-07-30,0,10.050000190734863,10.050000190734863,10.050000190734863,10.050000190734863,8.629485130310059
2013-07-29,0,10.050000190734863,10.050000190734863,10.050000190734863,10.050000190734863,8.629485130310059
2013-07-26,300,10.050000190734863,10.050000190734863,10.050000190734863,10.050000190734863,8.629485130310059
2013-07-25,0,10.050000190734863,10.050000190734863,10.050000190734863,10.050000190734863,8.629485130310059
2013-07-24,2000,10.050000190734863,10.050000190734863,10.050000190734863,10.050000190734863,8.629485130310059
2013-07-23,9900,10.0,10.0,10.0,10.0,8.586552619934082
2013-07-22,0,10.039999961853027,10.039999961853027,10.039999961853027,10.039999961853027,8.620899200439453
2013-07-19,0,10.039999961853027,10.039999961853027,10.039999961853027,10.039999961853027,8.620899200439453
2013-07-18,0,10.039999961853027,10.039999961853027,10.039999961853027,10.039999961853027,8.620899200439453
2013-07-17,0,10.039999961853027,10.039999961853027,10.039999961853027,10.039999961853027,8.620899200439453
2013-07-16,0,10.039999961853027,10.039999961853027,10.039999961853027,10.039999961853027,8.620899200439453
2013-07-15,2900,9.9399995803833,10.039999961853027,10.039999961853027,9.9399995803833,8.620899200439453
2013-07-12,0,9.930000305175781,9.930000305175781,9.930000305175781,9.930000305175781,8.526446342468262
2013-07-11,0,9.930000305175781,9.930000305175781,9.930000305175781,9.930000305175781,8.526446342468262
2013-07-10,0,9.930000305175781,9.930000305175781,9.930000305175781,9.930000305175781,8.526446342468262
2013-07-09,0,9.930000305175781,9.930000305175781,9.930000305175781,9.930000305175781,8.526446342468262
2013-07-08,0,9.930000305175781,9.930000305175781,9.930000305175781,9.930000305175781,8.526446342468262
2013-07-05,0,9.930000305175781,9.930000305175781,9.930000305175781,9.930000305175781,8.526446342468262
2013-07-03,0,9.930000305175781,9.930000305175781,9.930000305175781,9.930000305175781,8.526446342468262
2013-07-02,0,9.930000305175781,9.930000305175781,9.930000305175781,9.930000305175781,8.526446342468262
2013-07-01,0,9.930000305175781,9.930000305175781,9.930000305175781,9.930000305175781,8.526446342468262
2013-06-28,0,9.930000305175781,9.930000305175781,9.930000305175781,9.930000305175781,8.526446342468262
2013-06-27,0,9.930000305175781,9.930000305175781,9.930000305175781,9.930000305175781,8.526446342468262
2013-06-26,0,9.930000305175781,9.930000305175781,9.930000305175781,9.930000305175781,8.526446342468262
2013-06-25,0,9.930000305175781,9.930000305175781,9.930000305175781,9.930000305175781,8.526446342468262
2013-06-24,0,9.930000305175781,9.930000305175781,9.930000305175781,9.930000305175781,8.526446342468262
2013-06-21,0,9.930000305175781,9.930000305175781,9.930000305175781,9.930000305175781,8.526446342468262
2013-06-20,0,9.930000305175781,9.930000305175781,9.930000305175781,9.930000305175781,8.526446342468262
2013-06-19,0,9.930000305175781,9.930000305175781,9.930000305175781,9.930000305175781,8.526446342468262
2013-06-18,0,9.930000305175781,9.930000305175781,9.930000305175781,9.930000305175781,8.526446342468262
2013-06-17,0,9.930000305175781,9.930000305175781,9.930000305175781,9.930000305175781,8.526446342468262
2013-06-14,100,9.930000305175781,9.930000305175781,9.930000305175781,9.930000305175781,8.526446342468262
2013-06-13,0,9.989999771118164,9.989999771118164,9.989999771118164,9.989999771118164,8.577964782714844
2013-06-12,0,9.989999771118164,9.989999771118164,9.989999771118164,9.989999771118164,8.577964782714844
2013-06-11,0,9.989999771118164,9.989999771118164,9.989999771118164,9.989999771118164,8.577964782714844
2013-06-10,0,9.989999771118164,9.989999771118164,9.989999771118164,9.989999771118164,8.577964782714844
2013-06-07,0,9.989999771118164,9.989999771118164,9.989999771118164,9.989999771118164,8.577964782714844
2013-06-06,0,9.989999771118164,9.989999771118164,9.989999771118164,9.989999771118164,8.577964782714844
2013-06-05,0,9.989999771118164,9.989999771118164,9.989999771118164,9.989999771118164,8.577964782714844
2013-06-04,200,9.989999771118164,9.989999771118164,9.989999771118164,9.989999771118164,8.577964782714844
2013-06-03,300,9.989999771118164,9.989999771118164,9.989999771118164,9.989999771118164,8.577964782714844
2013-05-31,0,9.979999542236328,9.979999542236328,9.979999542236328,9.979999542236328,8.569378852844238
2013-05-30,0,9.979999542236328,9.979999542236328,9.979999542236328,9.979999542236328,8.569378852844238
2013-05-29,200,9.989999771118164,9.979999542236328,9.989999771118164,9.979999542236328,8.569378852844238
2013-05-28,0,9.989999771118164,9.989999771118164,9.989999771118164,9.989999771118164,8.577964782714844
2013-05-24,600,9.920000076293945,9.989999771118164,9.989999771118164,9.920000076293945,8.577964782714844
2013-05-23,0,9.920000076293945,9.920000076293945,9.920000076293945,9.920000076293945,8.517860412597656
2013-05-22,0,9.920000076293945,9.920000076293945,9.920000076293945,9.920000076293945,8.517860412597656
2013-05-21,0,9.920000076293945,9.920000076293945,9.920000076293945,9.920000076293945,8.517860412597656
2013-05-20,0,9.920000076293945,9.920000076293945,9.920000076293945,9.920000076293945,8.517860412597656
2013-05-17,0,9.920000076293945,9.920000076293945,9.920000076293945,9.920000076293945,8.517860412597656
2013-05-16,0,9.920000076293945,9.920000076293945,9.920000076293945,9.920000076293945,8.517860412597656
2013-05-15,0,9.920000076293945,9.920000076293945,9.920000076293945,9.920000076293945,8.517860412597656
2013-05-14,0,9.920000076293945,9.920000076293945,9.920000076293945,9.920000076293945,8.517860412597656
2013-05-13,15600,9.9399995803833,9.920000076293945,9.9399995803833,9.920000076293945,8.517860412597656
2013-05-10,30000,9.949999809265137,9.9399995803833,9.949999809265137,9.9399995803833,8.53503131866455
2013-05-09,0,9.989999771118164,9.989999771118164,9.989999771118164,9.989999771118164,8.577964782714844
2013-05-08,0,9.989999771118164,9.989999771118164,9.989999771118164,9.989999771118164,8.577964782714844
2013-05-07,0,9.989999771118164,9.989999771118164,9.989999771118164,9.989999771118164,8.577964782714844
2013-05-06,0,9.989999771118164,9.989999771118164,9.989999771118164,9.989999771118164,8.577964782714844
2013-05-03,0,9.989999771118164,9.989999771118164,9.989999771118164,9.989999771118164,8.577964782714844
2013-05-02,0,9.989999771118164,9.989999771118164,9.989999771118164,9.989999771118164,8.577964782714844
2013-05-01,1000,9.989999771118164,9.989999771118164,9.989999771118164,9.989999771118164,8.577964782714844
2013-04-30,100,9.920000076293945,9.920000076293945,9.920000076293945,9.920000076293945,8.517860412597656
2013-04-29,0,10.0,10.0,10.0,10.0,8.586552619934082
2013-04-26,0,10.0,10.0,10.0,10.0,8.586552619934082
2013-04-25,0,10.0,10.0,10.0,10.0,8.586552619934082
2013-04-24,0,10.0,10.0,10.0,10.0,8.586552619934082
2013-04-23,0,10.0,10.0,10.0,10.0,8.586552619934082
2013-04-22,0,10.0,10.0,10.0,10.0,8.586552619934082
2013-04-19,400,10.0,10.0,10.0,9.899999618530273,8.586552619934082
2013-04-18,0,9.989999771118164,9.989999771118164,9.989999771118164,9.989999771118164,8.577964782714844
2013-04-17,0,9.989999771118164,9.989999771118164,9.989999771118164,9.989999771118164,8.577964782714844
2013-04-16,0,9.989999771118164,9.989999771118164,9.989999771118164,9.989999771118164,8.577964782714844
2013-04-15,0,9.989999771118164,9.989999771118164,9.989999771118164,9.989999771118164,8.577964782714844
2013-04-12,0,9.989999771118164,9.989999771118164,9.989999771118164,9.989999771118164,8.577964782714844
2013-04-11,0,9.989999771118164,9.989999771118164,9.989999771118164,9.989999771118164,8.577964782714844
2013-04-10,100,9.989999771118164,9.989999771118164,9.989999771118164,9.989999771118164,8.577964782714844
2013-04-09,0,9.989999771118164,9.989999771118164,9.989999771118164,9.989999771118164,8.577964782714844
2013-04-08,0,9.989999771118164,9.989999771118164,9.989999771118164,9.989999771118164,8.577964782714844
2013-04-05,0,9.989999771118164,9.989999771118164,9.989999771118164,9.989999771118164,8.577964782714844
2013-04-04,0,9.989999771118164,9.989999771118164,9.989999771118164,9.989999771118164,8.577964782714844
2013-04-03,0,9.989999771118164,9.989999771118164,9.989999771118164,9.989999771118164,8.577964782714844
2013-04-02,0,9.989999771118164,9.989999771118164,9.989999771118164,9.989999771118164,8.577964782714844
2013-04-01,0,9.989999771118164,9.989999771118164,9.989999771118164,9.989999771118164,8.577964782714844
2013-03-28,0,9.989999771118164,9.989999771118164,9.989999771118164,9.989999771118164,8.577964782714844
2013-03-27,0,9.989999771118164,9.989999771118164,9.989999771118164,9.989999771118164,8.577964782714844
2013-03-26,0,9.989999771118164,9.989999771118164,9.989999771118164,9.989999771118164,8.577964782714844
2013-03-25,200,9.899999618530273,9.989999771118164,9.989999771118164,9.899999618530273,8.577964782714844
2013-03-22,0,9.989999771118164,9.989999771118164,9.989999771118164,9.989999771118164,8.577964782714844
2013-03-21,0,9.989999771118164,9.989999771118164,9.989999771118164,9.989999771118164,8.577964782714844
2013-03-20,0,9.989999771118164,9.989999771118164,9.989999771118164,9.989999771118164,8.577964782714844
2013-03-19,0,9.989999771118164,9.989999771118164,9.989999771118164,9.989999771118164,8.577964782714844
2013-03-18,0,9.989999771118164,9.989999771118164,9.989999771118164,9.989999771118164,8.577964782714844
2013-03-15,0,9.989999771118164,9.989999771118164,9.989999771118164,9.989999771118164,8.577964782714844
2013-03-14,0,9.989999771118164,9.989999771118164,9.989999771118164,9.989999771118164,8.577964782714844
2013-03-13,0,9.989999771118164,9.989999771118164,9.989999771118164,9.989999771118164,8.577964782714844
2013-03-12,0,9.989999771118164,9.989999771118164,9.989999771118164,9.989999771118164,8.577964782714844
2013-03-11,100,9.989999771118164,9.989999771118164,9.989999771118164,9.989999771118164,8.577964782714844
2013-03-08,0,9.899999618530273,9.899999618530273,9.899999618530273,9.899999618530273,8.500686645507812
2013-03-07,0,9.899999618530273,9.899999618530273,9.899999618530273,9.899999618530273,8.500686645507812
2013-03-06,0,9.899999618530273,9.899999618530273,9.899999618530273,9.899999618530273,8.500686645507812
2013-03-05,0,9.899999618530273,9.899999618530273,9.899999618530273,9.899999618530273,8.500686645507812
2013-03-04,0,9.899999618530273,9.899999618530273,9.899999618530273,9.899999618530273,8.500686645507812
2013-03-01,0,9.899999618530273,9.899999618530273,9.899999618530273,9.899999618530273,8.500686645507812
2013-02-28,0,9.899999618530273,9.899999618530273,9.899999618530273,9.899999618530273,8.500686645507812
2013-02-27,0,9.899999618530273,9.899999618530273,9.899999618530273,9.899999618530273,8.500686645507812
2013-02-26,100,9.899999618530273,9.899999618530273,9.899999618530273,9.899999618530273,8.500686645507812
2013-02-25,12200,9.930000305175781,10.0,10.0,9.899999618530273,8.586552619934082
2013-02-22,0,9.949999809265137,9.949999809265137,9.949999809265137,9.949999809265137,8.543619155883789
2013-02-21,0,9.949999809265137,9.949999809265137,9.949999809265137,9.949999809265137,8.543619155883789
2013-02-20,0,9.949999809265137,9.949999809265137,9.949999809265137,9.949999809265137,8.543619155883789
2013-02-19,0,9.949999809265137,9.949999809265137,9.949999809265137,9.949999809265137,8.543619155883789
2013-02-15,0,9.949999809265137,9.949999809265137,9.949999809265137,9.949999809265137,8.543619155883789
2013-02-14,0,9.949999809265137,9.949999809265137,9.949999809265137,9.949999809265137,8.543619155883789
2013-02-13,0,9.949999809265137,9.949999809265137,9.949999809265137,9.949999809265137,8.543619155883789
2013-02-12,0,9.949999809265137,9.949999809265137,9.949999809265137,9.949999809265137,8.543619155883789
2013-02-11,0,9.949999809265137,9.949999809265137,9.949999809265137,9.949999809265137,8.543619155883789
2013-02-08,0,9.949999809265137,9.949999809265137,9.949999809265137,9.949999809265137,8.543619155883789
2013-02-07,0,9.949999809265137,9.949999809265137,9.949999809265137,9.949999809265137,8.543619155883789
2013-02-06,0,9.949999809265137,9.949999809265137,9.949999809265137,9.949999809265137,8.543619155883789
2013-02-05,0,9.949999809265137,9.949999809265137,9.949999809265137,9.949999809265137,8.543619155883789
2013-02-04,0,9.949999809265137,9.949999809265137,9.949999809265137,9.949999809265137,8.543619155883789
2013-02-01,0,9.949999809265137,9.949999809265137,9.949999809265137,9.949999809265137,8.543619155883789
2013-01-31,0,9.949999809265137,9.949999809265137,9.949999809265137,9.949999809265137,8.543619155883789
2013-01-30,0,9.949999809265137,9.949999809265137,9.949999809265137,9.949999809265137,8.543619155883789
2013-01-29,0,9.949999809265137,9.949999809265137,9.949999809265137,9.949999809265137,8.543619155883789
2013-01-28,0,9.949999809265137,9.949999809265137,9.949999809265137,9.949999809265137,8.543619155883789
2013-01-25,200,9.949999809265137,9.949999809265137,9.949999809265137,9.949999809265137,8.543619155883789
2013-01-24,0,9.949999809265137,9.949999809265137,9.949999809265137,9.949999809265137,8.543619155883789
2013-01-23,0,9.949999809265137,9.949999809265137,9.949999809265137,9.949999809265137,8.543619155883789
2013-01-22,200,9.949999809265137,9.949999809265137,9.949999809265137,9.949999809265137,8.543619155883789
2013-01-18,0,9.869999885559082,9.869999885559082,9.869999885559082,9.869999885559082,8.47492790222168
2013-01-17,0,9.869999885559082,9.869999885559082,9.869999885559082,9.869999885559082,8.47492790222168
2013-01-16,0,9.869999885559082,9.869999885559082,9.869999885559082,9.869999885559082,8.47492790222168
2013-01-15,0,9.869999885559082,9.869999885559082,9.869999885559082,9.869999885559082,8.47492790222168
2013-01-14,0,9.869999885559082,9.869999885559082,9.869999885559082,9.869999885559082,8.47492790222168
2013-01-11,0,9.869999885559082,9.869999885559082,9.869999885559082,9.869999885559082,8.47492790222168
2013-01-10,0,9.869999885559082,9.869999885559082,9.869999885559082,9.869999885559082,8.47492790222168
2013-01-09,0,9.869999885559082,9.869999885559082,9.869999885559082,9.869999885559082,8.47492790222168
2013-01-08,0,9.869999885559082,9.869999885559082,9.869999885559082,9.869999885559082,8.47492790222168
2013-01-07,0,9.869999885559082,9.869999885559082,9.869999885559082,9.869999885559082,8.47492790222168
2013-01-04,0,9.869999885559082,9.869999885559082,9.869999885559082,9.869999885559082,8.47492790222168
2013-01-03,0,9.869999885559082,9.869999885559082,9.869999885559082,9.869999885559082,8.47492790222168
2013-01-02,3200,9.880000114440918,9.869999885559082,9.949999809265137,9.869999885559082,8.47492790222168
2012-12-31,13200,9.899999618530273,9.880000114440918,9.9399995803833,9.880000114440918,8.483514785766602
2012-12-28,0,9.9399995803833,9.9399995803833,9.9399995803833,9.9399995803833,8.53503131866455
2012-12-27,0,9.9399995803833,9.9399995803833,9.9399995803833,9.9399995803833,8.53503131866455
2012-12-26,0,9.9399995803833,9.9399995803833,9.9399995803833,9.9399995803833,8.53503131866455
2012-12-24,0,9.9399995803833,9.9399995803833,9.9399995803833,9.9399995803833,8.53503131866455
2012-12-21,100,9.9399995803833,9.9399995803833,9.9399995803833,9.9399995803833,8.53503131866455
2012-12-20,0,9.9399995803833,9.9399995803833,9.9399995803833,9.9399995803833,8.53503131866455
2012-12-19,200,9.84000015258789,9.9399995803833,9.9399995803833,9.84000015258789,8.53503131866455
2012-12-18,0,9.9399995803833,9.9399995803833,9.9399995803833,9.9399995803833,8.53503131866455
2012-12-17,0,9.9399995803833,9.9399995803833,9.9399995803833,9.9399995803833,8.53503131866455
2012-12-14,300,9.800000190734863,9.9399995803833,9.9399995803833,9.800000190734863,8.53503131866455
2012-12-13,0,9.84000015258789,9.84000015258789,9.84000015258789,9.84000015258789,8.449166297912598
2012-12-12,50700,9.84000015258789,9.84000015258789,9.850000381469727,9.8100004196167,8.449166297912598
2012-12-11,1000,9.84000015258789,9.84000015258789,9.84000015258789,9.84000015258789,8.449166297912598
2012-12-10,18900,9.850000381469727,9.850000381469727,9.850000381469727,9.850000381469727,8.45775318145752
2012-12-07,0,9.850000381469727,9.850000381469727,9.850000381469727,9.850000381469727,8.45775318145752
2012-12-06,0,9.850000381469727,9.850000381469727,9.850000381469727,9.850000381469727,8.45775318145752
2012-12-05,0,9.850000381469727,9.850000381469727,9.850000381469727,9.850000381469727,8.45775318145752
2012-12-04,0,9.850000381469727,9.850000381469727,9.850000381469727,9.850000381469727,8.45775318145752
2012-12-03,159000,9.850000381469727,9.850000381469727,9.850000381469727,9.850000381469727,8.45775318145752
2012-11-30,40000,9.850000381469727,9.850000381469727,9.850000381469727,9.850000381469727,8.45775318145752
2012-11-29,0,9.84000015258789,9.84000015258789,9.84000015258789,9.84000015258789,8.449166297912598
2012-11-28,0,9.84000015258789,9.84000015258789,9.84000015258789,9.84000015258789,8.449166297912598
2012-11-27,0,9.84000015258789,9.84000015258789,9.84000015258789,9.84000015258789,8.449166297912598
2012-11-26,0,9.84000015258789,9.84000015258789,9.84000015258789,9.84000015258789,8.449166297912598
2012-11-23,0,9.84000015258789,9.84000015258789,9.84000015258789,9.84000015258789,8.449166297912598
2012-11-21,0,9.84000015258789,9.84000015258789,9.84000015258789,9.84000015258789,8.449166297912598
2012-11-20,0,9.84000015258789,9.84000015258789,9.84000015258789,9.84000015258789,8.449166297912598
2012-11-19,0,9.84000015258789,9.84000015258789,9.84000015258789,9.84000015258789,8.449166297912598
2012-11-16,0,9.84000015258789,9.84000015258789,9.84000015258789,9.84000015258789,8.449166297912598
2012-11-15,0,9.84000015258789,9.84000015258789,9.84000015258789,9.84000015258789,8.449166297912598
2012-11-14,0,9.84000015258789,9.84000015258789,9.84000015258789,9.84000015258789,8.449166297912598
2012-11-13,0,9.84000015258789,9.84000015258789,9.84000015258789,9.84000015258789,8.449166297912598
2012-11-12,1900,9.850000381469727,9.84000015258789,9.850000381469727,9.84000015258789,8.449166297912598
2012-11-09,0,9.899999618530273,9.899999618530273,9.899999618530273,9.899999618530273,8.500686645507812
2012-11-08,0,9.899999618530273,9.899999618530273,9.899999618530273,9.899999618530273,8.500686645507812
2012-11-07,0,9.899999618530273,9.899999618530273,9.899999618530273,9.899999618530273,8.500686645507812
2012-11-06,0,9.899999618530273,9.899999618530273,9.899999618530273,9.899999618530273,8.500686645507812
2012-11-05,100,9.899999618530273,9.899999618530273,9.899999618530273,9.899999618530273,8.500686645507812
2012-11-02,1200,12.65999984741211,9.899999618530273,12.65999984741211,9.899999618530273,8.500686645507812
2012-11-01,0,9.8100004196167,9.8100004196167,9.8100004196167,9.8100004196167,8.423408508300781
2012-10-31,0,9.8100004196167,9.8100004196167,9.8100004196167,9.8100004196167,8.423408508300781
2012-10-26,100,9.8100004196167,9.8100004196167,9.8100004196167,9.8100004196167,8.423408508300781
2012-10-25,0,9.800000190734863,9.800000190734863,9.800000190734863,9.800000190734863,8.414820671081543
2012-10-24,0,9.800000190734863,9.800000190734863,9.800000190734863,9.800000190734863,8.414820671081543
2012-10-23,0,9.800000190734863,9.800000190734863,9.800000190734863,9.800000190734863,8.414820671081543
2012-10-22,0,9.800000190734863,9.800000190734863,9.800000190734863,9.800000190734863,8.414820671081543
2012-10-19,0,9.800000190734863,9.800000190734863,9.800000190734863,9.800000190734863,8.414820671081543
2012-10-18,1000,9.800000190734863,9.800000190734863,9.800000190734863,9.800000190734863,8.414820671081543
2012-10-17,0,9.8100004196167,9.8100004196167,9.8100004196167,9.8100004196167,8.423408508300781
2012-10-16,0,9.8100004196167,9.8100004196167,9.8100004196167,9.8100004196167,8.423408508300781
2012-10-15,400,9.859999656677246,9.8100004196167,9.859999656677246,9.8100004196167,8.423408508300781
2012-10-12,0,9.850000381469727,9.850000381469727,9.850000381469727,9.850000381469727,8.45775318145752
2012-10-11,900,9.850000381469727,9.850000381469727,9.850000381469727,9.850000381469727,8.45775318145752
2012-10-10,100,9.850000381469727,9.850000381469727,9.850000381469727,9.850000381469727,8.45775318145752
2012-10-09,0,9.800000190734863,9.800000190734863,9.800000190734863,9.800000190734863,8.414820671081543
2012-10-08,100,9.800000190734863,9.800000190734863,9.800000190734863,9.800000190734863,8.414820671081543
2012-10-05,0,9.800000190734863,9.800000190734863,9.800000190734863,9.800000190734863,8.414820671081543
2012-10-04,0,9.800000190734863,9.800000190734863,9.800000190734863,9.800000190734863,8.414820671081543
2012-10-03,0,9.800000190734863,9.800000190734863,9.800000190734863,9.800000190734863,8.414820671081543
2012-10-02,0,9.800000190734863,9.800000190734863,9.800000190734863,9.800000190734863,8.414820671081543
2012-10-01,0,9.800000190734863,9.800000190734863,9.800000190734863,9.800000190734863,8.414820671081543
2012-09-28,0,9.800000190734863,9.800000190734863,9.800000190734863,9.800000190734863,8.414820671081543
2012-09-27,0,9.800000190734863,9.800000190734863,9.800000190734863,9.800000190734863,8.414820671081543
2012-09-26,0,9.800000190734863,9.800000190734863,9.800000190734863,9.800000190734863,8.414820671081543
2012-09-25,0,9.800000190734863,9.800000190734863,9.800000190734863,9.800000190734863,8.414820671081543
2012-09-24,1300,9.800000190734863,9.800000190734863,9.800000190734863,9.800000190734863,8.414820671081543
2012-09-21,0,9.720000267028809,9.720000267028809,9.720000267028809,9.720000267028809,8.346129417419434
2012-09-20,0,9.720000267028809,9.720000267028809,9.720000267028809,9.720000267028809,8.346129417419434
2012-09-19,0,9.720000267028809,9.720000267028809,9.720000267028809,9.720000267028809,8.346129417419434
2012-09-18,0,9.720000267028809,9.720000267028809,9.720000267028809,9.720000267028809,8.346129417419434
2012-09-17,0,9.720000267028809,9.720000267028809,9.720000267028809,9.720000267028809,8.346129417419434
2012-09-14,0,9.720000267028809,9.720000267028809,9.720000267028809,9.720000267028809,8.346129417419434
2012-09-13,200,9.800000190734863,9.720000267028809,9.800000190734863,9.720000267028809,8.346129417419434
2012-09-12,0,9.680000305175781,9.680000305175781,9.680000305175781,9.680000305175781,8.311782836914062
2012-09-11,0,9.680000305175781,9.680000305175781,9.680000305175781,9.680000305175781,8.311782836914062
2012-09-10,0,9.680000305175781,9.680000305175781,9.680000305175781,9.680000305175781,8.311782836914062
2012-09-07,33200,9.65999984741211,9.680000305175781,9.850000381469727,9.609999656677246,8.311782836914062
2012-09-06,0,9.600000381469727,9.600000381469727,9.600000381469727,9.600000381469727,8.243088722229004
2012-09-05,0,9.600000381469727,9.600000381469727,9.600000381469727,9.600000381469727,8.243088722229004
2012-09-04,100,9.600000381469727,9.600000381469727,9.600000381469727,9.600000381469727,8.243088722229004
2012-08-31,0,9.600000381469727,9.600000381469727,9.600000381469727,9.600000381469727,8.243088722229004
2012-08-30,0,9.600000381469727,9.600000381469727,9.600000381469727,9.600000381469727,8.243088722229004
2012-08-29,0,9.600000381469727,9.600000381469727,9.600000381469727,9.600000381469727,8.243088722229004
2012-08-28,0,9.600000381469727,9.600000381469727,9.600000381469727,9.600000381469727,8.243088722229004
2012-08-27,0,9.600000381469727,9.600000381469727,9.600000381469727,9.600000381469727,8.243088722229004
2012-08-24,0,9.600000381469727,9.600000381469727,9.600000381469727,9.600000381469727,8.243088722229004
2012-08-23,0,9.600000381469727,9.600000381469727,9.600000381469727,9.600000381469727,8.243088722229004
2012-08-22,0,9.600000381469727,9.600000381469727,9.600000381469727,9.600000381469727,8.243088722229004
2012-08-21,0,9.600000381469727,9.600000381469727,9.600000381469727,9.600000381469727,8.243088722229004
2012-08-20,0,9.600000381469727,9.600000381469727,9.600000381469727,9.600000381469727,8.243088722229004
2012-08-17,0,9.600000381469727,9.600000381469727,9.600000381469727,9.600000381469727,8.243088722229004
2012-08-16,0,9.600000381469727,9.600000381469727,9.600000381469727,9.600000381469727,8.243088722229004
2012-08-15,0,9.600000381469727,9.600000381469727,9.600000381469727,9.600000381469727,8.243088722229004
2012-08-14,0,9.600000381469727,9.600000381469727,9.600000381469727,9.600000381469727,8.243088722229004
2012-08-13,0,9.600000381469727,9.600000381469727,9.600000381469727,9.600000381469727,8.243088722229004
2012-08-10,0,9.600000381469727,9.600000381469727,9.600000381469727,9.600000381469727,8.243088722229004
2012-08-09,0,9.600000381469727,9.600000381469727,9.600000381469727,9.600000381469727,8.243088722229004
2012-08-08,0,9.600000381469727,9.600000381469727,9.600000381469727,9.600000381469727,8.243088722229004
2012-08-07,0,9.600000381469727,9.600000381469727,9.600000381469727,9.600000381469727,8.243088722229004
2012-08-06,0,9.600000381469727,9.600000381469727,9.600000381469727,9.600000381469727,8.243088722229004
2012-08-03,0,9.600000381469727,9.600000381469727,9.600000381469727,9.600000381469727,8.243088722229004
2012-08-02,0,9.600000381469727,9.600000381469727,9.600000381469727,9.600000381469727,8.243088722229004
2012-08-01,0,9.600000381469727,9.600000381469727,9.600000381469727,9.600000381469727,8.243088722229004
2012-07-31,0,9.600000381469727,9.600000381469727,9.600000381469727,9.600000381469727,8.243088722229004
2012-07-30,0,9.600000381469727,9.600000381469727,9.600000381469727,9.600000381469727,8.243088722229004
2012-07-27,0,9.600000381469727,9.600000381469727,9.600000381469727,9.600000381469727,8.243088722229004
2012-07-26,0,9.600000381469727,9.600000381469727,9.600000381469727,9.600000381469727,8.243088722229004
2012-07-25,0,9.600000381469727,9.600000381469727,9.600000381469727,9.600000381469727,8.243088722229004
2012-07-24,0,9.600000381469727,9.600000381469727,9.600000381469727,9.600000381469727,8.243088722229004
2012-07-23,0,9.600000381469727,9.600000381469727,9.600000381469727,9.600000381469727,8.243088722229004
2012-07-20,0,9.600000381469727,9.600000381469727,9.600000381469727,9.600000381469727,8.243088722229004
2012-07-19,0,9.600000381469727,9.600000381469727,9.600000381469727,9.600000381469727,8.243088722229004
2012-07-18,0,9.600000381469727,9.600000381469727,9.600000381469727,9.600000381469727,8.243088722229004
2012-07-17,0,9.600000381469727,9.600000381469727,9.600000381469727,9.600000381469727,8.243088722229004
2012-07-16,0,9.600000381469727,9.600000381469727,9.600000381469727,9.600000381469727,8.243088722229004
2012-07-13,0,9.600000381469727,9.600000381469727,9.600000381469727,9.600000381469727,8.243088722229004
2012-07-12,0,9.600000381469727,9.600000381469727,9.600000381469727,9.600000381469727,8.243088722229004
2012-07-11,0,9.600000381469727,9.600000381469727,9.600000381469727,9.600000381469727,8.243088722229004
2012-07-10,0,9.600000381469727,9.600000381469727,9.600000381469727,9.600000381469727,8.243088722229004
2012-07-09,0,9.600000381469727,9.600000381469727,9.600000381469727,9.600000381469727,8.243088722229004
2012-07-06,0,9.600000381469727,9.600000381469727,9.600000381469727,9.600000381469727,8.243088722229004
2012-07-05,0,9.600000381469727,9.600000381469727,9.600000381469727,9.600000381469727,8.243088722229004
2012-07-03,0,9.600000381469727,9.600000381469727,9.600000381469727,9.600000381469727,8.243088722229004
2012-07-02,0,9.600000381469727,9.600000381469727,9.600000381469727,9.600000381469727,8.243088722229004
2012-06-29,0,9.600000381469727,9.600000381469727,9.600000381469727,9.600000381469727,8.243088722229004
2012-06-28,0,9.600000381469727,9.600000381469727,9.600000381469727,9.600000381469727,8.243088722229004
2012-06-27,0,9.600000381469727,9.600000381469727,9.600000381469727,9.600000381469727,8.243088722229004
2012-06-26,0,9.600000381469727,9.600000381469727,9.600000381469727,9.600000381469727,8.243088722229004
2012-06-25,0,9.600000381469727,9.600000381469727,9.600000381469727,9.600000381469727,8.243088722229004
2012-06-22,0,9.600000381469727,9.600000381469727,9.600000381469727,9.600000381469727,8.243088722229004
2012-06-21,0,9.600000381469727,9.600000381469727,9.600000381469727,9.600000381469727,8.243088722229004
2012-06-20,0,9.600000381469727,9.600000381469727,9.600000381469727,9.600000381469727,8.243088722229004
2012-06-19,0,9.600000381469727,9.600000381469727,9.600000381469727,9.600000381469727,8.243088722229004
2012-06-18,0,9.600000381469727,9.600000381469727,9.600000381469727,9.600000381469727,8.243088722229004
2012-06-15,100,9.600000381469727,9.600000381469727,9.600000381469727,9.600000381469727,8.243088722229004
2012-06-14,0,9.600000381469727,9.600000381469727,9.600000381469727,9.600000381469727,8.243088722229004
2012-06-13,1000,9.600000381469727,9.600000381469727,9.600000381469727,9.600000381469727,8.243088722229004
2012-06-12,0,9.550000190734863,9.550000190734863,9.550000190734863,9.550000190734863,8.200157165527344
2012-06-11,0,9.550000190734863,9.550000190734863,9.550000190734863,9.550000190734863,8.200157165527344
2012-06-08,500,9.550000190734863,9.550000190734863,9.550000190734863,9.550000190734863,8.200157165527344
2012-06-07,0,9.699999809265137,9.699999809265137,9.699999809265137,9.699999809265137,8.32895565032959
2012-06-06,1000,9.550000190734863,9.699999809265137,9.699999809265137,9.550000190734863,8.32895565032959
2012-06-05,0,9.609999656677246,9.609999656677246,9.609999656677246,9.609999656677246,8.251675605773926
2012-06-04,0,9.609999656677246,9.609999656677246,9.609999656677246,9.609999656677246,8.251675605773926
2012-06-01,0,9.609999656677246,9.609999656677246,9.609999656677246,9.609999656677246,8.251675605773926
2012-05-31,400,9.59000015258789,9.609999656677246,9.609999656677246,9.5600004196167,8.251675605773926
2012-05-30,0,9.600000381469727,9.600000381469727,9.600000381469727,9.600000381469727,8.243088722229004
2012-05-29,0,9.600000381469727,9.600000381469727,9.600000381469727,9.600000381469727,8.243088722229004
2012-05-25,61700,9.600000381469727,9.600000381469727,9.600000381469727,9.600000381469727,8.243088722229004
2012-05-24,37000,9.600000381469727,9.600000381469727,9.600000381469727,9.600000381469727,8.243088722229004
2012-05-23,153600,9.770000457763672,9.600000381469727,9.770000457763672,9.600000381469727,8.243088722229004
2012-05-22,1500,9.6899995803833,9.6899995803833,9.6899995803833,9.6899995803833,8.3203706741333
2012-05-21,0,9.600000381469727,9.600000381469727,9.600000381469727,9.600000381469727,8.243088722229004
2012-05-18,0,9.600000381469727,9.600000381469727,9.600000381469727,9.600000381469727,8.243088722229004
2012-05-17,800,9.600000381469727,9.600000381469727,9.600000381469727,9.600000381469727,8.243088722229004
2012-05-16,0,9.75,9.75,9.75,9.75,8.371888160705566
2012-05-15,300,9.75,9.75,9.75,9.75,8.371888160705566
2012-05-14,100,9.800000190734863,9.800000190734863,9.800000190734863,9.800000190734863,8.414820671081543
2012-05-11,300,9.699999809265137,9.699999809265137,9.699999809265137,9.699999809265137,8.32895565032959
2012-05-10,6900,9.970000267028809,9.800000190734863,10.0,9.5,8.414820671081543
