date,volume,open,close,high,low,adjclose
2018-10-26,148000,64.79000091552734,64.68000030517578,66.12999725341797,63.709999084472656,64.68000030517578
2018-10-25,119800,66.7699966430664,67.06999969482422,67.9800033569336,66.11000061035156,67.06999969482422
2018-10-24,86400,69.0999984741211,65.66999816894531,69.23999786376953,65.5,65.66999816894531
2018-10-23,92300,67.31999969482422,69.23999786376953,69.56999969482422,66.5999984741211,69.23999786376953
2018-10-22,53600,70.91000366210938,70.20999908447266,70.94999694824219,69.05000305175781,70.20999908447266
2018-10-19,58400,70.44000244140625,70.13999938964844,71.13999938964844,69.19999694824219,70.13999938964844
2018-10-18,78100,71.97000122070312,70.30000305175781,72.58999633789062,69.44000244140625,70.30000305175781
2018-10-17,116200,72.16999816894531,71.62999725341797,72.16999816894531,69.7300033569336,71.62999725341797
2018-10-16,231700,71.5,72.3499984741211,72.72000122070312,71.01000213623047,72.3499984741211
2018-10-15,186700,70.69999694824219,70.62000274658203,71.25,69.41000366210938,70.62000274658203
2018-10-12,127200,72.02999877929688,71.26000213623047,72.25,68.13999938964844,71.26000213623047
2018-10-11,357200,71.37999725341797,68.41999816894531,72.23999786376953,66.94000244140625,68.41999816894531
2018-10-10,162600,77.01000213623047,71.0,77.01000213623047,71.0,71.0
2018-10-09,127400,76.6500015258789,77.16999816894531,78.19000244140625,75.87000274658203,77.16999816894531
2018-10-08,225400,77.38999938964844,77.58999633789062,78.2699966430664,74.76000213623047,77.58999633789062
2018-10-05,100700,79.13999938964844,77.8499984741211,79.87999725341797,76.3499984741211,77.8499984741211
2018-10-04,74500,79.6500015258789,78.9000015258789,79.79000091552734,77.56999969482422,78.9000015258789
2018-10-03,26900,80.86000061035156,80.5,81.05999755859375,79.87000274658203,80.5
2018-10-02,32200,80.7300033569336,80.38999938964844,81.19999694824219,80.08999633789062,80.38999938964844
2018-10-01,49600,81.44999694824219,80.87000274658203,81.68000030517578,80.19999694824219,80.87000274658203
2018-09-28,29100,79.5999984741211,80.2300033569336,80.41000366210938,79.5999984741211,80.2300033569336
2018-09-27,27900,80.11000061035156,80.2300033569336,80.7300033569336,79.97000122070312,80.2300033569336
2018-09-26,49900,80.76000213623047,79.55000305175781,80.79000091552734,79.08999633789062,79.55000305175781
2018-09-25,30000,81.0,79.87999725341797,81.36000061035156,79.87000274658203,79.87999725341797
2018-09-24,28600,79.70999908447266,80.43000030517578,80.5999984741211,79.12000274658203,80.43000030517578
2018-09-21,77800,80.37000274658203,80.20999908447266,80.88999938964844,80.08000183105469,80.20999908447266
2018-09-20,32200,80.56999969482422,80.33999633789062,80.6500015258789,80.0,80.33999633789062
2018-09-19,45500,79.9800033569336,80.0999984741211,80.43000030517578,79.80000305175781,80.0999984741211
2018-09-18,38400,79.87000274658203,79.27999877929688,80.44999694824219,79.23999786376953,79.27999877929688
2018-09-17,49000,80.43000030517578,79.72000122070312,80.83000183105469,79.5,79.72000122070312
2018-09-14,55100,80.37000274658203,80.83000183105469,80.88999938964844,79.55999755859375,80.83000183105469
2018-09-13,45100,79.62000274658203,79.88999938964844,80.23999786376953,79.62000274658203,79.88999938964844
2018-09-12,38900,78.33000183105469,78.70999908447266,79.11000061035156,78.08999633789062,78.70999908447266
2018-09-11,70300,76.06999969482422,77.94999694824219,77.98999786376953,75.91999816894531,77.94999694824219
2018-09-10,47800,76.13999938964844,76.51000213623047,76.87999725341797,76.0,76.51000213623047
2018-09-07,67100,75.3499984741211,75.38999938964844,76.36000061035156,75.06999969482422,75.38999938964844
2018-09-06,84100,77.08999633789062,76.02999877929688,77.38999938964844,75.58000183105469,76.02999877929688
2018-09-05,32500,77.70999908447266,77.62999725341797,77.70999908447266,76.75,77.62999725341797
2018-09-04,64400,77.63999938964844,77.69999694824219,77.91000366210938,76.58999633789062,77.69999694824219
2018-08-31,98800,76.80999755859375,77.72000122070312,78.33000183105469,76.77999877929688,77.72000122070312
2018-08-30,62500,78.0,77.05999755859375,78.36000061035156,76.5,77.05999755859375
2018-08-29,57600,78.8499984741211,78.30999755859375,78.9800033569336,78.08999633789062,78.30999755859375
2018-08-28,46300,79.61000061035156,78.5,79.61000061035156,78.33999633789062,78.5
2018-08-27,64700,79.80999755859375,79.19999694824219,79.98999786376953,79.12999725341797,79.19999694824219
2018-08-24,29300,79.56999969482422,79.43000030517578,79.94000244140625,79.29000091552734,79.43000030517578
2018-08-23,32600,79.31999969482422,79.04000091552734,79.8499984741211,78.94000244140625,79.04000091552734
2018-08-22,45200,79.19999694824219,79.20999908447266,79.41999816894531,78.79000091552734,79.20999908447266
2018-08-21,61300,80.20999908447266,78.7300033569336,80.5999984741211,78.69999694824219,78.7300033569336
2018-08-20,138100,79.81999969482422,79.91999816894531,80.12000274658203,79.4800033569336,79.91999816894531
2018-08-17,75700,77.68000030517578,78.81999969482422,79.5,77.56999969482422,78.81999969482422
2018-08-16,77000,77.77999877929688,78.30000305175781,78.7300033569336,77.43000030517578,78.30000305175781
2018-08-15,154800,76.76000213623047,76.56999969482422,77.12000274658203,74.38999938964844,76.56999969482422
2018-08-14,50400,77.0,78.33999633789062,78.38999938964844,76.52999877929688,78.33999633789062
2018-08-13,191600,77.97000122070312,76.56999969482422,79.23999786376953,76.4000015258789,76.56999969482422
2018-08-10,88500,78.19000244140625,78.51000213623047,79.23999786376953,77.94999694824219,78.51000213623047
2018-08-09,17500,80.30999755859375,79.93000030517578,80.88999938964844,79.83999633789062,79.93000030517578
2018-08-08,66200,80.0999984741211,80.58999633789062,80.9000015258789,79.97000122070312,80.58999633789062
2018-08-07,65200,79.5999984741211,80.0,80.41999816894531,79.51000213623047,80.0
2018-08-06,109000,77.8499984741211,79.08000183105469,79.4000015258789,77.7699966430664,79.08000183105469
2018-08-03,88000,76.08000183105469,77.79000091552734,78.37000274658203,76.08000183105469,77.79000091552734
2018-08-02,66200,76.08000183105469,77.38999938964844,77.66999816894531,75.79000091552734,77.38999938964844
2018-08-01,104900,77.26000213623047,77.29000091552734,78.0999984741211,77.01000213623047,77.29000091552734
2018-07-31,115900,76.72000122070312,76.66999816894531,77.31999969482422,76.4000015258789,76.66999816894531
2018-07-30,105700,77.02999877929688,75.58999633789062,77.30000305175781,75.44000244140625,75.58999633789062
2018-07-27,55900,77.83000183105469,76.72000122070312,77.83000183105469,75.77999877929688,76.72000122070312
2018-07-26,18600,77.66000366210938,77.66000366210938,77.91000366210938,77.22000122070312,77.66000366210938
2018-07-25,34300,77.02999877929688,77.81999969482422,78.0,77.02999877929688,77.81999969482422
2018-07-24,69400,78.1500015258789,77.48999786376953,78.19000244140625,76.43000030517578,77.48999786376953
2018-07-23,34400,76.7300033569336,76.91000366210938,77.26000213623047,76.18000030517578,76.91000366210938
2018-07-20,96000,76.7300033569336,76.81999969482422,77.25,76.5,76.81999969482422
2018-07-19,45700,77.22000122070312,77.61000061035156,77.7699966430664,76.93000030517578,77.61000061035156
2018-07-18,21800,77.86000061035156,77.70999908447266,78.08000183105469,77.13999938964844,77.70999908447266
2018-07-17,93200,77.51000213623047,77.66999816894531,78.55999755859375,77.48999786376953,77.66999816894531
2018-07-16,51200,78.36000061035156,78.41999816894531,78.76000213623047,77.58999633789062,78.41999816894531
2018-07-13,60100,77.94999694824219,78.52999877929688,78.63999938964844,77.36000061035156,78.52999877929688
2018-07-12,78700,77.36000061035156,78.06999969482422,78.12000274658203,77.0,78.06999969482422
2018-07-11,31500,76.45999908447266,76.88999938964844,77.3499984741211,76.29000091552734,76.88999938964844
2018-07-10,78600,77.58999633789062,78.05999755859375,78.05999755859375,77.05999755859375,78.05999755859375
2018-07-09,256600,75.44999694824219,77.23999786376953,77.37000274658203,75.33000183105469,77.23999786376953
2018-07-06,84500,72.91999816894531,74.2300033569336,74.3499984741211,72.73999786376953,74.2300033569336
2018-07-05,60200,72.41999816894531,72.86000061035156,72.86000061035156,71.76000213623047,72.86000061035156
2018-07-03,43300,72.76000213623047,71.48999786376953,72.79000091552734,71.27999877929688,71.48999786376953
2018-07-02,86900,70.83000183105469,72.19000244140625,72.25,70.30999755859375,72.19000244140625
2018-06-29,108500,73.22000122070312,72.41999816894531,73.79000091552734,72.2699966430664,72.41999816894531
2018-06-28,113000,71.22000122070312,71.7300033569336,72.1500015258789,69.73999786376953,71.7300033569336
2018-06-27,189000,73.68000030517578,71.43000030517578,74.5,71.0999984741211,71.43000030517578
2018-06-26,259200,73.3499984741211,73.16000366210938,73.97000122070312,72.77999877929688,73.16000366210938
2018-06-25,324600,75.80000305175781,72.47000122070312,75.83999633789062,71.6500015258789,72.47000122070312
2018-06-22,111400,77.08000183105469,76.37999725341797,77.37000274658203,76.3499984741211,76.37999725341797
2018-06-21,91200,77.30999755859375,75.95999908447266,77.36000061035156,75.41999816894531,75.95999908447266
2018-06-20,85900,78.0,77.41999816894531,78.33000183105469,77.08999633789062,77.41999816894531
2018-06-19,173000,77.1500015258789,77.2699966430664,77.86000061035156,76.5,77.2699966430664
2018-06-18,103600,77.13999938964844,78.69000244140625,78.80999755859375,76.87999725341797,78.69000244140625
2018-06-15,63300,77.80999755859375,77.86000061035156,78.19999694824219,77.33999633789062,77.86000061035156
2018-06-14,83400,78.38999938964844,78.44999694824219,79.19999694824219,78.30000305175781,78.44999694824219
2018-06-13,102900,78.05999755859375,77.51000213623047,78.56999969482422,77.36000061035156,77.51000213623047
2018-06-12,64500,77.87999725341797,77.55999755859375,78.08000183105469,77.33999633789062,77.55999755859375
2018-06-11,58800,77.6500015258789,77.66000366210938,77.94000244140625,77.19000244140625,77.66000366210938
2018-06-08,131800,76.87999725341797,77.79000091552734,78.12999725341797,76.73999786376953,77.79000091552734
2018-06-07,143300,78.58000183105469,77.47000122070312,78.72000122070312,76.58000183105469,77.47000122070312
2018-06-06,180700,77.05000305175781,78.19999694824219,78.22000122070312,76.86000061035156,78.19999694824219
2018-06-05,152600,76.05000305175781,76.68000030517578,76.7699966430664,75.8499984741211,76.68000030517578
2018-06-04,160800,75.05000305175781,75.83000183105469,75.94000244140625,75.05000305175781,75.83000183105469
2018-06-01,139900,74.37000274658203,74.22000122070312,74.6500015258789,73.77999877929688,74.22000122070312
2018-05-31,123400,72.98999786376953,72.83000183105469,73.23999786376953,72.05000305175781,72.83000183105469
2018-05-30,193800,73.87000274658203,72.91000366210938,74.44000244140625,72.9000015258789,72.91000366210938
2018-05-29,277200,74.41999816894531,73.41000366210938,75.29000091552734,72.7300033569336,73.41000366210938
2018-05-25,67500,75.0,75.2300033569336,76.08000183105469,75.0,75.2300033569336
2018-05-24,88200,75.58999633789062,75.41000366210938,75.95999908447266,73.93000030517578,75.41000366210938
2018-05-23,90400,73.80000305175781,75.69000244140625,75.73999786376953,73.37000274658203,75.69000244140625
2018-05-22,122200,76.16999816894531,74.73999786376953,76.37999725341797,74.73999786376953,74.73999786376953
2018-05-21,171000,75.4000015258789,75.63999938964844,76.02999877929688,75.25,75.63999938964844
2018-05-18,93600,74.62999725341797,74.05000305175781,74.62999725341797,73.95999908447266,74.05000305175781
2018-05-17,101800,73.75,74.61000061035156,74.87999725341797,73.75,74.61000061035156
2018-05-16,104300,73.05999755859375,74.20999908447266,74.77999877929688,73.04000091552734,74.20999908447266
2018-05-15,187400,74.29000091552734,73.16999816894531,74.4000015258789,72.9000015258789,73.16999816894531
2018-05-14,96800,74.4000015258789,75.41999816894531,75.56999969482422,74.4000015258789,75.41999816894531
2018-05-11,161600,73.45999908447266,73.87000274658203,73.87000274658203,73.22000122070312,73.87000274658203
2018-05-10,145800,71.31999969482422,73.30000305175781,73.45999908447266,71.25,73.30000305175781
2018-05-09,102300,70.18000030517578,71.0999984741211,71.27999877929688,70.05999755859375,71.0999984741211
2018-05-08,46600,69.4800033569336,69.81999969482422,69.98999786376953,69.05000305175781,69.81999969482422
2018-05-07,27500,69.95999908447266,69.86000061035156,70.12999725341797,69.55999755859375,69.86000061035156
2018-05-04,64200,68.37000274658203,69.83999633789062,69.87999725341797,68.23999786376953,69.83999633789062
2018-05-03,92000,67.86000061035156,68.5,69.13999938964844,66.76000213623047,68.5
2018-05-02,148000,69.26000213623047,69.05000305175781,70.31999969482422,68.9800033569336,69.05000305175781
2018-05-01,138600,67.58000183105469,69.05999755859375,69.12999725341797,67.55000305175781,69.05999755859375
2018-04-30,91600,68.66999816894531,68.2300033569336,69.06999969482422,68.01000213623047,68.2300033569336
2018-04-27,68900,68.31999969482422,68.12999725341797,68.33000183105469,67.37999725341797,68.12999725341797
2018-04-26,87200,66.55000305175781,67.69000244140625,68.2300033569336,66.55000305175781,67.69000244140625
2018-04-25,107100,67.3499984741211,66.05000305175781,67.41000366210938,65.80000305175781,66.05000305175781
2018-04-24,163000,68.5199966430664,67.02999877929688,68.80999755859375,65.05999755859375,67.02999877929688
2018-04-23,70000,67.41999816894531,67.83000183105469,68.75,67.13999938964844,67.83000183105469
2018-04-20,69000,68.19999694824219,67.55000305175781,68.5,67.08999633789062,67.55000305175781
2018-04-19,137200,67.87999725341797,68.1500015258789,68.33000183105469,67.13999938964844,68.1500015258789
2018-04-18,113600,67.06999969482422,68.37000274658203,68.73999786376953,66.16999816894531,68.37000274658203
2018-04-17,165900,66.45999908447266,67.4800033569336,67.77999877929688,66.27999877929688,67.4800033569336
2018-04-16,85500,65.22000122070312,66.0199966430664,66.16000366210938,65.22000122070312,66.0199966430664
2018-04-13,108600,64.44999694824219,64.36000061035156,64.5,63.45000076293945,64.36000061035156
2018-04-12,54700,62.400001525878906,63.22999954223633,63.529998779296875,62.369998931884766,63.22999954223633
2018-04-11,53100,61.9900016784668,61.849998474121094,62.439998626708984,61.45000076293945,61.849998474121094
2018-04-10,47600,62.650001525878906,62.959999084472656,62.97999954223633,62.15999984741211,62.959999084472656
2018-04-09,54300,62.56999969482422,62.060001373291016,63.15999984741211,61.9900016784668,62.060001373291016
2018-04-06,80800,63.09000015258789,62.029998779296875,63.849998474121094,60.599998474121094,62.029998779296875
2018-04-05,50300,63.4900016784668,63.66999816894531,63.79999923706055,63.04999923706055,63.66999816894531
2018-04-04,145300,61.040000915527344,63.119998931884766,63.25,60.79999923706055,63.119998931884766
2018-04-03,76000,62.36000061035156,62.939998626708984,63.0099983215332,61.5,62.939998626708984
2018-04-02,119900,63.27000045776367,62.16999816894531,63.38999938964844,60.599998474121094,62.16999816894531
2018-03-29,48000,62.869998931884766,63.90999984741211,64.2300033569336,62.47999954223633,63.90999984741211
2018-03-28,185800,63.290000915527344,61.95000076293945,63.720001220703125,61.25,61.95000076293945
2018-03-27,123500,66.05000305175781,62.970001220703125,66.05000305175781,62.58000183105469,62.970001220703125
2018-03-26,131300,65.98999786376953,66.23999786376953,66.23999786376953,64.5199966430664,66.23999786376953
2018-03-23,149700,66.48999786376953,63.900001525878906,67.52999877929688,63.900001525878906,63.900001525878906
2018-03-22,105600,66.55000305175781,65.83000183105469,67.3499984741211,65.56999969482422,65.83000183105469
2018-03-21,83500,68.31999969482422,68.25,69.86000061035156,67.91999816894531,68.25
2018-03-20,109400,67.87999725341797,67.91999816894531,68.63999938964844,67.23999786376953,67.91999816894531
2018-03-19,204900,69.12000274658203,68.02999877929688,69.12000274658203,66.5199966430664,68.02999877929688
2018-03-16,64900,69.44999694824219,69.62999725341797,70.0999984741211,69.25,69.62999725341797
2018-03-15,82200,68.25,68.97000122070312,69.20999908447266,67.66000366210938,68.97000122070312
2018-03-14,69300,69.41999816894531,67.80000305175781,69.54000091552734,67.48999786376953,67.80000305175781
2018-03-13,191700,70.79000091552734,68.87999725341797,71.19999694824219,68.37999725341797,68.87999725341797
2018-03-12,263800,70.79000091552734,69.63999938964844,71.19999694824219,69.4800033569336,69.63999938964844
2018-03-09,186800,68.69999694824219,71.05999755859375,71.05999755859375,68.69999694824219,71.05999755859375
2018-03-08,84600,67.87999725341797,68.0,68.48999786376953,67.4000015258789,68.0
2018-03-07,97800,66.5,67.29000091552734,67.5,65.93000030517578,67.29000091552734
2018-03-06,54400,68.9000015258789,67.61000061035156,68.9000015258789,66.69999694824219,67.61000061035156
2018-03-05,70800,66.1500015258789,68.2300033569336,68.41000366210938,65.94999694824219,68.2300033569336
2018-03-02,218100,64.5999984741211,66.80000305175781,67.11000061035156,63.779998779296875,66.80000305175781
2018-03-01,335200,68.98999786376953,66.26000213623047,69.27999877929688,65.05999755859375,66.26000213623047
2018-02-28,130500,71.0999984741211,68.5,71.31999969482422,68.36000061035156,68.5
2018-02-27,147200,72.68000030517578,69.9800033569336,72.76000213623047,69.51000213623047,69.9800033569336
2018-02-26,141800,72.62999725341797,73.1500015258789,73.2300033569336,72.05000305175781,73.1500015258789
2018-02-23,133200,69.7300033569336,71.58000183105469,71.58999633789062,69.43000030517578,71.58000183105469
2018-02-22,61700,68.83999633789062,68.93000030517578,69.62000274658203,68.0999984741211,68.93000030517578
2018-02-21,155500,69.44999694824219,68.02999877929688,70.62999725341797,67.86000061035156,68.02999877929688
2018-02-20,133400,68.73999786376953,69.04000091552734,69.52999877929688,68.22000122070312,69.04000091552734
2018-02-16,184300,69.94000244140625,70.01000213623047,70.95999908447266,69.41000366210938,70.01000213623047
2018-02-15,136600,69.5,70.20999908447266,70.43000030517578,68.44999694824219,70.20999908447266
2018-02-14,116100,66.52999877929688,68.43000030517578,68.77999877929688,66.27999877929688,68.43000030517578
2018-02-13,137800,66.2699966430664,66.94000244140625,67.19999694824219,65.3499984741211,66.94000244140625
2018-02-12,249700,68.87999725341797,67.73999786376953,69.33999633789062,66.48999786376953,67.73999786376953
2018-02-09,248100,64.62999725341797,65.6500015258789,67.2699966430664,61.0,65.6500015258789
2018-02-08,327200,68.48999786376953,62.5,68.54000091552734,62.5,62.5
2018-02-07,483600,69.2300033569336,67.86000061035156,70.94000244140625,67.70999908447266,67.86000061035156
2018-02-06,694800,65.0,68.5,69.41000366210938,63.11000061035156,68.5
2018-02-05,332500,83.48999786376953,74.54000091552734,86.1500015258789,74.1500015258789,74.54000091552734
2018-02-02,235400,87.76000213623047,85.41000366210938,87.80000305175781,84.54000091552734,85.41000366210938
2018-02-01,296300,87.36000061035156,88.94999694824219,89.9000015258789,87.0199966430664,88.94999694824219
2018-01-31,170000,87.55999755859375,87.47000122070312,88.30999755859375,86.47000122070312,87.47000122070312
2018-01-30,370200,86.25,86.55000305175781,87.0999984741211,84.91000366210938,86.55000305175781
2018-01-29,300400,88.86000061035156,87.9000015258789,89.2699966430664,87.29000091552734,87.9000015258789
2018-01-26,181600,90.05999755859375,89.66999816894531,90.41000366210938,89.41000366210938,89.66999816894531
2018-01-25,200000,90.55000305175781,89.25,90.55000305175781,89.0999984741211,89.25
2018-01-24,179900,91.51000213623047,90.01000213623047,91.51000213623047,89.08000183105469,90.01000213623047
2018-01-23,93500,92.79000091552734,91.3499984741211,93.0999984741211,91.30000305175781,91.3499984741211
2018-01-22,107400,91.3499984741211,92.94000244140625,92.94000244140625,91.26000213623047,92.94000244140625
2018-01-19,64500,91.70999908447266,91.6500015258789,92.54000091552734,91.33000183105469,91.6500015258789
2018-01-18,151900,91.6500015258789,91.62000274658203,92.79000091552734,90.1500015258789,91.62000274658203
2018-01-17,243500,91.51000213623047,91.94999694824219,92.54000091552734,90.87999725341797,91.94999694824219
2018-01-16,375500,94.0999984741211,91.37999725341797,94.16000366210938,90.25,91.37999725341797
2018-01-12,74000,94.05000305175781,93.87000274658203,94.41999816894531,93.80999755859375,93.87000274658203
2018-01-11,101300,93.66000366210938,93.66999816894531,94.01000213623047,93.30000305175781,93.66999816894531
2018-01-10,119100,91.8499984741211,92.95999908447266,93.16999816894531,91.05000305175781,92.95999908447266
2018-01-09,93100,92.27999877929688,91.94999694824219,92.77999877929688,91.88999938964844,91.94999694824219
2018-01-08,117100,91.66999816894531,92.23999786376953,92.68000030517578,91.43000030517578,92.23999786376953
2018-01-05,70000,91.16999816894531,91.41999816894531,91.58000183105469,90.87999725341797,91.41999816894531
2018-01-04,138600,92.1500015258789,91.11000061035156,92.37999725341797,90.9000015258789,91.11000061035156
2018-01-03,107100,91.0999984741211,91.5,91.5199966430664,91.08000183105469,91.5
2018-01-02,200900,88.94000244140625,90.1500015258789,90.1500015258789,88.80999755859375,90.1500015258789
2017-12-29,80200,89.06999969482422,88.6500015258789,89.23999786376953,88.36000061035156,88.6500015258789
2017-12-28,49700,88.95999908447266,88.73999786376953,88.97000122070312,88.62999725341797,88.73999786376953
2017-12-27,87000,88.55000305175781,88.47000122070312,89.11000061035156,88.25,88.47000122070312
2017-12-26,40400,88.0,88.4800033569336,88.76000213623047,87.70999908447266,88.4800033569336
2017-12-22,79100,87.86000061035156,87.68000030517578,87.95999908447266,87.33999633789062,87.68000030517578
2017-12-21,61100,87.23999786376953,87.36000061035156,87.55000305175781,86.86000061035156,87.36000061035156
2017-12-20,92400,87.16999816894531,86.66000366210938,87.18000030517578,86.38999938964844,86.66000366210938
2017-12-19,134500,86.83999633789062,86.44999694824219,86.83999633789062,85.83000183105469,86.44999694824219
2017-12-18,198200,85.83000183105469,86.33000183105469,86.33000183105469,85.69000244140625,86.33000183105469
2017-12-15,121600,83.87000274658203,84.80999755859375,84.97000122070312,83.79000091552734,84.80999755859375
2017-12-14,61400,83.69999694824219,83.69999694824219,83.87000274658203,83.12000274658203,83.69999694824219
2017-12-13,73300,83.2300033569336,83.26000213623047,83.5,83.01000213623047,83.26000213623047
2017-12-12,94200,82.79000091552734,82.66000366210938,83.25,82.5999984741211,82.66000366210938
2017-12-11,94000,82.70999908447266,82.63999938964844,82.70999908447266,81.77999877929688,82.63999938964844
2017-12-08,50700,82.3499984741211,82.44000244140625,82.62999725341797,82.06999969482422,82.44000244140625
2017-12-07,55700,80.36000061035156,81.43000030517578,81.58000183105469,80.33000183105469,81.43000030517578
2017-12-06,56000,79.95999908447266,80.3499984741211,80.55999755859375,79.79000091552734,80.3499984741211
2017-12-05,73600,80.55999755859375,80.58999633789062,81.05999755859375,79.8499984741211,80.58999633789062
2017-12-04,151700,80.88999938964844,80.22000122070312,81.44999694824219,80.0199966430664,80.22000122070312
2017-12-01,273200,79.47000122070312,78.75,80.05999755859375,75.93000030517578,78.75
2017-11-30,94700,80.61000061035156,80.37999725341797,80.8499984741211,80.0999984741211,80.37999725341797
2017-11-29,132800,81.02999877929688,79.88999938964844,81.05000305175781,79.6500015258789,79.88999938964844
2017-11-28,70700,80.91000366210938,81.05999755859375,81.06999969482422,80.43000030517578,81.05999755859375
2017-11-27,67800,80.69000244140625,80.55000305175781,80.9800033569336,80.29000091552734,80.55000305175781
2017-11-24,47800,80.69000244140625,81.0,81.06999969482422,80.66000366210938,81.0
2017-11-22,76400,80.5999984741211,80.7300033569336,80.83000183105469,80.16999816894531,80.7300033569336
2017-11-21,159500,79.7300033569336,80.16999816894531,80.2699966430664,79.44000244140625,80.16999816894531
2017-11-20,86600,78.33000183105469,78.7699966430664,79.05000305175781,78.27999877929688,78.7699966430664
2017-11-17,36800,76.58000183105469,77.44999694824219,77.5999984741211,76.58000183105469,77.44999694824219
2017-11-16,125100,76.41999816894531,76.63999938964844,77.19000244140625,76.41000366210938,76.63999938964844
2017-11-15,126100,75.11000061035156,75.12999725341797,75.80999755859375,74.0999984741211,75.12999725341797
2017-11-14,135100,76.6500015258789,76.2300033569336,76.93000030517578,75.66999816894531,76.2300033569336
2017-11-13,109800,77.27999877929688,77.45999908447266,78.33000183105469,77.06999969482422,77.45999908447266
2017-11-10,69300,78.19000244140625,77.81999969482422,78.37000274658203,77.68000030517578,77.81999969482422
2017-11-09,153300,77.91000366210938,78.9800033569336,79.0,77.05999755859375,78.9800033569336
2017-11-08,67300,79.75,79.58999633789062,80.1500015258789,79.31999969482422,79.58999633789062
2017-11-07,96300,80.5999984741211,79.97000122070312,80.5999984741211,79.54000091552734,79.97000122070312
2017-11-06,73000,80.63999938964844,80.48999786376953,80.75,80.29000091552734,80.48999786376953
2017-11-03,41300,81.37999725341797,80.52999877929688,81.37999725341797,80.5199966430664,80.52999877929688
2017-11-02,136900,81.51000213623047,80.9000015258789,81.51000213623047,80.16000366210938,80.9000015258789
2017-11-01,192800,82.25,81.36000061035156,82.41999816894531,81.16999816894531,81.36000061035156
2017-10-31,111200,81.61000061035156,81.5999984741211,81.83999633789062,81.01000213623047,81.5999984741211
2017-10-30,82200,80.80000305175781,80.93000030517578,81.62000274658203,80.41999816894531,80.93000030517578
2017-10-27,111500,79.79000091552734,80.91000366210938,81.18000030517578,79.30999755859375,80.91000366210938
2017-10-26,125500,79.02999877929688,79.19999694824219,79.69999694824219,78.9800033569336,79.19999694824219
2017-10-25,294800,79.37000274658203,78.61000061035156,79.44999694824219,76.5999984741211,78.61000061035156
2017-10-24,80300,80.58999633789062,79.69000244140625,80.76000213623047,79.66000366210938,79.69000244140625
2017-10-23,59900,81.25,79.9000015258789,81.44999694824219,79.62000274658203,79.9000015258789
2017-10-20,32500,80.88999938964844,80.94999694824219,81.06999969482422,80.6500015258789,80.94999694824219
2017-10-19,66100,78.56999969482422,80.08000183105469,80.1500015258789,78.08999633789062,80.08000183105469
2017-10-18,114700,80.27999877929688,79.62999725341797,80.69000244140625,79.5999984741211,79.62999725341797
2017-10-17,34100,79.73999786376953,79.93000030517578,79.94999694824219,79.16999816894531,79.93000030517578
2017-10-16,81300,79.23999786376953,79.69999694824219,79.70999908447266,79.0999984741211,79.69999694824219
2017-10-13,38900,78.44999694824219,78.63999938964844,78.9800033569336,78.3499984741211,78.63999938964844
2017-10-12,37000,77.61000061035156,77.81999969482422,78.37999725341797,77.5,77.81999969482422
2017-10-11,55500,77.26000213623047,77.9000015258789,77.95999908447266,76.94999694824219,77.9000015258789
2017-10-10,44900,76.86000061035156,77.12000274658203,77.16000366210938,76.16000366210938,77.12000274658203
2017-10-09,48000,77.5999984741211,76.33999633789062,77.66999816894531,76.16000366210938,76.33999633789062
2017-10-06,53900,77.4000015258789,77.27999877929688,77.5199966430664,76.76000213623047,77.27999877929688
2017-10-05,53700,76.48999786376953,77.5199966430664,77.63999938964844,76.48999786376953,77.5199966430664
2017-10-04,49100,76.30000305175781,76.5199966430664,76.58000183105469,76.2699966430664,76.5199966430664
2017-10-03,53600,76.76000213623047,76.58999633789062,76.80999755859375,76.29000091552734,76.58999633789062
2017-10-02,183400,75.22000122070312,76.30000305175781,76.30000305175781,75.16000366210938,76.30000305175781
2017-09-29,74400,74.55999755859375,75.04000091552734,75.0999984741211,74.20999908447266,75.04000091552734
2017-09-28,114700,74.20999908447266,74.41999816894531,74.56999969482422,74.02999877929688,74.41999816894531
2017-09-27,20400,74.62999725341797,74.36000061035156,74.7300033569336,74.0,74.36000061035156
2017-09-26,30200,74.04000091552734,74.23999786376953,74.47000122070312,73.66000366210938,74.23999786376953
2017-09-25,64100,73.5,73.6500015258789,73.69999694824219,72.37000274658203,73.6500015258789
2017-09-22,40400,73.51000213623047,73.55000305175781,73.98999786376953,72.98999786376953,73.55000305175781
2017-09-21,114600,74.69999694824219,74.18000030517578,74.87000274658203,74.16000366210938,74.18000030517578
2017-09-20,170200,74.36000061035156,74.4800033569336,74.58999633789062,73.36000061035156,74.4800033569336
2017-09-19,71200,74.69000244140625,73.87000274658203,74.86000061035156,73.63999938964844,73.87000274658203
2017-09-18,207200,73.43000030517578,74.79000091552734,74.83000183105469,73.0,74.79000091552734
2017-09-15,61000,72.69000244140625,73.0199966430664,73.18000030517578,72.54000091552734,73.0199966430664
2017-09-14,62100,72.94999694824219,72.6500015258789,73.69999694824219,72.62000274658203,72.6500015258789
2017-09-13,98600,71.83999633789062,73.0999984741211,73.12000274658203,71.83000183105469,73.0999984741211
2017-09-12,76800,71.47000122070312,71.83000183105469,71.87000274658203,70.93000030517578,71.83000183105469
2017-09-11,122300,70.5999984741211,70.98999786376953,71.20999908447266,70.43000030517578,70.98999786376953
2017-09-08,47700,69.83999633789062,69.48999786376953,70.13999938964844,69.36000061035156,69.48999786376953
2017-09-07,146200,70.58999633789062,70.55000305175781,70.9000015258789,69.7699966430664,70.55000305175781
2017-09-06,100200,71.7699966430664,70.66000366210938,71.97000122070312,70.29000091552734,70.66000366210938
2017-09-05,158100,71.18000030517578,70.94999694824219,71.44999694824219,69.63999938964844,70.94999694824219
2017-09-01,136700,72.4000015258789,72.31999969482422,72.7300033569336,72.08000183105469,72.31999969482422
2017-08-31,96400,71.62000274658203,72.12999725341797,72.1500015258789,71.26000213623047,72.12999725341797
2017-08-30,66200,71.8499984741211,71.51000213623047,72.0,71.37999725341797,71.51000213623047
2017-08-29,91800,70.26000213623047,71.58999633789062,71.8499984741211,70.05999755859375,71.58999633789062
2017-08-28,134000,72.06999969482422,71.94000244140625,72.06999969482422,71.41999816894531,71.94000244140625
2017-08-25,51700,71.72000122070312,71.56999969482422,71.97000122070312,71.05000305175781,71.56999969482422
2017-08-24,228900,72.11000061035156,71.0199966430664,72.37999725341797,70.5,71.0199966430664
2017-08-23,93400,71.16999816894531,71.81999969482422,72.19999694824219,71.0199966430664,71.81999969482422
2017-08-22,76300,71.05000305175781,72.51000213623047,72.51000213623047,71.02999877929688,72.51000213623047
2017-08-21,509900,69.6500015258789,70.13999938964844,70.19000244140625,68.88999938964844,70.13999938964844
2017-08-18,245000,69.56999969482422,69.68000030517578,71.26000213623047,68.80000305175781,69.68000030517578
2017-08-17,527600,72.0199966430664,68.52999877929688,72.66000366210938,68.3499984741211,68.52999877929688
2017-08-16,482000,72.23999786376953,72.94999694824219,73.3499984741211,72.16000366210938,72.94999694824219
2017-08-15,253600,73.44999694824219,72.23999786376953,73.61000061035156,71.97000122070312,72.23999786376953
2017-08-14,123200,70.18000030517578,72.41999816894531,72.41999816894531,70.0999984741211,72.41999816894531
2017-08-11,237700,69.26000213623047,68.11000061035156,70.0999984741211,67.66999816894531,68.11000061035156
2017-08-10,638300,71.75,70.33999633789062,71.75,69.77999877929688,70.33999633789062
2017-08-09,367800,73.12999725341797,72.7300033569336,74.22000122070312,72.18000030517578,72.7300033569336
2017-08-08,137600,75.0199966430664,73.79000091552734,75.52999877929688,72.9000015258789,73.79000091552734
2017-08-07,41400,74.79000091552734,75.19000244140625,75.22000122070312,74.76000213623047,75.19000244140625
2017-08-04,65000,75.30999755859375,74.88999938964844,75.88999938964844,74.88999938964844,74.88999938964844
2017-08-03,100500,76.08999633789062,75.16000366210938,76.08999633789062,75.02999877929688,75.16000366210938
2017-08-02,107800,77.25,76.41000366210938,77.2699966430664,76.05999755859375,76.41000366210938
2017-08-01,197900,76.58000183105469,76.91999816894531,76.94999694824219,76.23999786376953,76.91999816894531
2017-07-31,132900,75.55000305175781,75.93000030517578,76.04000091552734,75.2699966430664,75.93000030517578
2017-07-28,72200,75.58000183105469,75.5,75.80999755859375,75.25,75.5
2017-07-27,125200,75.58000183105469,75.33000183105469,75.8499984741211,73.7300033569336,75.33000183105469
2017-07-26,61500,74.9800033569336,75.22000122070312,75.55999755859375,74.88999938964844,75.22000122070312
2017-07-25,77200,75.44999694824219,74.72000122070312,75.47000122070312,74.70999908447266,74.72000122070312
2017-07-24,70100,74.18000030517578,74.80000305175781,74.9000015258789,74.08000183105469,74.80000305175781
2017-07-21,81600,73.3499984741211,73.66999816894531,73.72000122070312,72.69000244140625,73.66999816894531
2017-07-20,43000,73.61000061035156,73.62000274658203,73.69000244140625,73.01000213623047,73.62000274658203
2017-07-19,137100,73.69000244140625,73.30999755859375,74.23999786376953,73.16000366210938,73.30999755859375
2017-07-18,91600,73.19999694824219,73.20999908447266,73.41999816894531,72.55999755859375,73.20999908447266
2017-07-17,176800,73.70999908447266,73.79000091552734,73.93000030517578,73.47000122070312,73.79000091552734
2017-07-14,80800,71.88999938964844,72.66000366210938,72.9000015258789,71.77999877929688,72.66000366210938
2017-07-13,94000,71.6500015258789,71.9000015258789,72.41000366210938,71.58000183105469,71.9000015258789
2017-07-12,134100,71.0999984741211,71.54000091552734,71.80000305175781,71.0199966430664,71.54000091552734
2017-07-11,204200,70.11000061035156,70.5199966430664,70.5999984741211,68.91999816894531,70.5199966430664
2017-07-10,169700,68.83000183105469,70.1500015258789,70.25,68.69999694824219,70.1500015258789
2017-07-07,67300,68.94999694824219,68.76000213623047,69.02999877929688,68.62999725341797,68.76000213623047
2017-07-06,128100,69.13999938964844,68.16000366210938,69.36000061035156,67.94999694824219,68.16000366210938
2017-07-05,227200,69.97000122070312,69.79000091552734,70.04000091552734,68.94000244140625,69.79000091552734
2017-07-03,132800,71.16000366210938,69.91000366210938,71.47000122070312,69.87999725341797,69.91000366210938
2017-06-30,64600,70.52999877929688,70.26000213623047,70.77999877929688,69.70999908447266,70.26000213623047
2017-06-29,178500,70.69999694824219,70.0199966430664,70.72000122070312,67.19999694824219,70.0199966430664
2017-06-28,50500,70.87000274658203,70.72000122070312,71.13999938964844,70.54000091552734,70.72000122070312
2017-06-27,216400,70.73999786376953,69.87999725341797,71.08000183105469,69.80999755859375,69.87999725341797
2017-06-26,104400,70.0199966430664,70.61000061035156,70.62999725341797,69.61000061035156,70.61000061035156
2017-06-23,39800,69.0,69.44999694824219,69.55000305175781,68.83999633789062,69.44999694824219
2017-06-22,54700,69.36000061035156,68.69999694824219,69.61000061035156,68.69999694824219,68.69999694824219
2017-06-21,74000,69.0199966430664,69.18000030517578,69.38999938964844,68.8499984741211,69.18000030517578
2017-06-20,147400,68.70999908447266,68.66999816894531,68.93000030517578,67.80999755859375,68.66999816894531
2017-06-19,130700,68.6500015258789,68.91999816894531,68.98999786376953,68.51000213623047,68.91999816894531
2017-06-16,153600,67.33000183105469,67.7300033569336,67.83999633789062,66.77999877929688,67.7300033569336
2017-06-15,48200,66.4800033569336,67.05000305175781,67.25,66.41999816894531,67.05000305175781
2017-06-14,70800,67.06999969482422,67.26000213623047,67.30000305175781,66.80999755859375,67.26000213623047
2017-06-13,76400,66.66000366210938,66.69000244140625,67.0,66.45999908447266,66.69000244140625
2017-06-12,55400,66.06999969482422,66.16999816894531,66.31999969482422,64.86000061035156,66.16999816894531
2017-06-09,51600,66.61000061035156,66.37999725341797,66.7300033569336,65.08999633789062,66.37999725341797
2017-06-08,26500,65.5999984741211,66.33000183105469,66.5199966430664,65.56999969482422,66.33000183105469
2017-06-07,18400,65.75,65.52999877929688,65.83000183105469,64.91000366210938,65.52999877929688
2017-06-06,34200,65.80000305175781,65.31999969482422,66.06999969482422,65.27999877929688,65.31999969482422
2017-06-05,38900,65.9800033569336,66.02999877929688,66.52999877929688,65.9800033569336,66.02999877929688
2017-06-02,63700,66.1500015258789,65.93000030517578,66.37999725341797,65.87000274658203,65.93000030517578
2017-06-01,95100,66.04000091552734,66.29000091552734,66.30000305175781,65.87000274658203,66.29000091552734
2017-05-31,45700,65.95999908447266,65.66000366210938,66.04000091552734,65.05999755859375,65.66000366210938
2017-05-30,45600,64.63999938964844,65.69000244140625,65.69000244140625,64.58000183105469,65.69000244140625
2017-05-26,29200,64.26000213623047,64.69000244140625,64.80000305175781,64.26000213623047,64.69000244140625
2017-05-25,52200,64.81999969482422,64.48999786376953,64.95999908447266,64.4000015258789,64.48999786376953
2017-05-24,137500,64.30000305175781,64.66999816894531,64.7300033569336,63.95000076293945,64.66999816894531
2017-05-23,67900,65.06999969482422,64.33000183105469,65.0999984741211,64.16999816894531,64.33000183105469
2017-05-22,116800,64.70999908447266,64.69999694824219,65.02999877929688,64.41000366210938,64.69999694824219
2017-05-19,98300,63.130001068115234,63.58000183105469,64.4800033569336,63.11000061035156,63.58000183105469
2017-05-18,101500,62.040000915527344,62.61000061035156,63.060001373291016,61.880001068115234,62.61000061035156
2017-05-17,196500,63.18000030517578,61.400001525878906,63.720001220703125,61.15999984741211,61.400001525878906
2017-05-16,101400,64.69000244140625,64.27999877929688,64.7300033569336,64.0199966430664,64.27999877929688
2017-05-15,99000,64.5,64.62000274658203,64.69999694824219,64.4800033569336,64.62000274658203
2017-05-12,44200,64.73999786376953,64.11000061035156,64.87999725341797,64.0999984741211,64.11000061035156
2017-05-11,81600,63.90999984741211,64.81999969482422,64.81999969482422,63.20000076293945,64.81999969482422
2017-05-10,57000,64.61000061035156,64.27999877929688,65.05000305175781,64.26000213623047,64.27999877929688
2017-05-09,72700,65.12999725341797,64.63999938964844,65.13999938964844,64.61000061035156,64.63999938964844
2017-05-08,96800,65.22000122070312,64.8499984741211,65.41999816894531,64.62999725341797,64.8499984741211
2017-05-05,51700,66.05000305175781,65.30000305175781,66.16000366210938,65.23999786376953,65.30000305175781
2017-05-04,71900,65.52999877929688,65.94999694824219,65.98999786376953,65.05000305175781,65.94999694824219
2017-05-03,58100,65.61000061035156,65.2300033569336,65.91999816894531,65.2300033569336,65.2300033569336
2017-05-02,73000,66.05000305175781,65.69000244140625,66.08000183105469,65.58999633789062,65.69000244140625
2017-05-01,188900,64.88999938964844,66.2699966430664,66.29000091552734,64.81999969482422,66.2699966430664
2017-04-28,68500,64.13999938964844,64.58000183105469,64.58000183105469,63.83000183105469,64.58000183105469
2017-04-27,39700,64.5,64.30000305175781,64.56999969482422,64.05000305175781,64.30000305175781
2017-04-26,69400,64.66000366210938,64.18000030517578,64.76000213623047,64.18000030517578,64.18000030517578
2017-04-25,133400,64.11000061035156,64.72000122070312,64.93000030517578,63.97999954223633,64.72000122070312
2017-04-24,104100,63.369998931884766,63.25,63.54999923706055,63.040000915527344,63.25
2017-04-21,67400,61.209999084472656,61.83000183105469,61.90999984741211,60.900001525878906,61.83000183105469
2017-04-20,65200,61.189998626708984,61.4900016784668,61.779998779296875,60.970001220703125,61.4900016784668
2017-04-19,106500,61.619998931884766,60.66999816894531,62.0099983215332,60.0,60.66999816894531
2017-04-18,72500,60.4900016784668,60.810001373291016,61.13999938964844,60.33000183105469,60.810001373291016
2017-04-17,109200,59.5099983215332,60.7599983215332,60.83000183105469,59.459999084472656,60.7599983215332
2017-04-13,83600,59.95000076293945,59.310001373291016,60.4900016784668,59.25,59.310001373291016
2017-04-12,59900,59.400001525878906,59.88999938964844,60.099998474121094,59.0,59.88999938964844
2017-04-11,116000,59.349998474121094,59.470001220703125,59.779998779296875,58.65999984741211,59.470001220703125
2017-04-10,64700,60.45000076293945,59.93000030517578,60.86000061035156,59.880001068115234,59.93000030517578
2017-04-07,90400,61.25,60.70000076293945,61.41999816894531,60.59000015258789,60.70000076293945
2017-04-06,31800,60.970001220703125,61.25,61.77000045776367,60.880001068115234,61.25
2017-04-05,49600,62.18000030517578,60.880001068115234,62.439998626708984,60.81999969482422,60.880001068115234
2017-04-04,49200,60.810001373291016,61.54999923706055,61.619998931884766,60.560001373291016,61.54999923706055
2017-04-03,203500,61.0,60.849998474121094,61.220001220703125,60.5,60.849998474121094
2017-03-31,52200,60.709999084472656,61.0,61.2599983215332,60.63999938964844,61.0
2017-03-30,92700,60.93000030517578,60.849998474121094,61.15999984741211,60.77000045776367,60.849998474121094
2017-03-29,42600,60.400001525878906,60.70000076293945,60.880001068115234,60.27000045776367,60.70000076293945
2017-03-28,42700,59.02000045776367,59.970001220703125,60.099998474121094,59.0099983215332,59.970001220703125
2017-03-27,60100,56.939998626708984,58.88999938964844,59.099998474121094,56.93000030517578,58.88999938964844
2017-03-24,43400,57.130001068115234,57.58000183105469,57.79999923706055,56.54999923706055,57.58000183105469
2017-03-23,60100,57.41999816894531,56.91999816894531,58.09000015258789,56.66999816894531,56.91999816894531
2017-03-22,95400,57.56999969482422,57.54999923706055,57.869998931884766,57.0,57.54999923706055
2017-03-21,108500,58.97999954223633,57.56999969482422,59.11000061035156,57.400001525878906,57.56999969482422
2017-03-20,53500,58.56999969482422,58.47999954223633,58.75,58.27000045776367,58.47999954223633
2017-03-17,53400,58.209999084472656,58.43000030517578,58.68000030517578,58.209999084472656,58.43000030517578
2017-03-16,60800,57.33000183105469,57.939998626708984,58.0,57.25,57.939998626708984
2017-03-15,93600,56.619998931884766,56.9900016784668,57.13999938964844,56.619998931884766,56.9900016784668
2017-03-14,59600,56.4900016784668,56.36000061035156,56.869998931884766,56.16999816894531,56.36000061035156
2017-03-13,21100,56.40999984741211,56.79999923706055,56.880001068115234,56.40999984741211,56.79999923706055
2017-03-10,33900,56.56999969482422,56.56999969482422,56.63999938964844,56.09000015258789,56.56999969482422
2017-03-09,53000,56.029998779296875,56.20000076293945,56.61000061035156,55.599998474121094,56.20000076293945
2017-03-08,39000,56.279998779296875,56.0099983215332,56.84000015258789,55.93000030517578,56.0099983215332
2017-03-07,83900,56.029998779296875,55.97999954223633,56.599998474121094,55.91999816894531,55.97999954223633
2017-03-06,75900,55.75,56.13999938964844,56.150001525878906,55.540000915527344,56.13999938964844
2017-03-03,22800,55.310001373291016,55.630001068115234,55.650001525878906,55.09000015258789,55.630001068115234
2017-03-02,37400,55.0,54.650001525878906,55.15999984741211,54.61000061035156,54.650001525878906
2017-03-01,73300,55.84000015258789,55.13999938964844,55.88999938964844,55.13999938964844,55.13999938964844
2017-02-28,36800,55.040000915527344,54.91999816894531,55.16999816894531,54.31999969482422,54.91999816894531
2017-02-27,29500,54.290000915527344,55.09000015258789,55.29999923706055,54.06999969482422,55.09000015258789
2017-02-24,132000,53.060001373291016,53.97999954223633,54.209999084472656,53.060001373291016,53.97999954223633
2017-02-23,35300,55.47999954223633,54.5,55.47999954223633,54.34000015258789,54.5
2017-02-22,28700,55.90999984741211,55.68000030517578,55.970001220703125,55.290000915527344,55.68000030517578
2017-02-21,37900,56.720001220703125,56.13999938964844,56.970001220703125,56.099998474121094,56.13999938964844
2017-02-17,29100,56.189998626708984,56.650001525878906,56.689998626708984,56.029998779296875,56.650001525878906
2017-02-16,52500,57.13999938964844,56.59000015258789,57.13999938964844,55.54999923706055,56.59000015258789
2017-02-15,78400,56.63999938964844,56.970001220703125,57.36000061035156,56.09000015258789,56.970001220703125
2017-02-14,35100,54.68000030517578,55.91999816894531,55.91999816894531,54.68000030517578,55.91999816894531
2017-02-13,51900,53.790000915527344,54.369998931884766,54.380001068115234,53.790000915527344,54.369998931884766
2017-02-10,40100,53.93000030517578,53.7599983215332,54.0,53.7599983215332,53.7599983215332
2017-02-09,16700,53.25,53.70000076293945,53.790000915527344,53.25,53.70000076293945
2017-02-08,10200,53.45000076293945,53.2599983215332,53.45000076293945,52.93000030517578,53.2599983215332
2017-02-07,23100,53.900001525878906,53.630001068115234,53.900001525878906,53.529998779296875,53.630001068115234
2017-02-06,21300,53.709999084472656,53.720001220703125,54.20000076293945,53.54999923706055,53.720001220703125
2017-02-03,21000,53.75,53.790000915527344,54.099998474121094,53.75,53.790000915527344
2017-02-02,35000,53.59000015258789,53.380001068115234,53.72999954223633,53.09000015258789,53.380001068115234
2017-02-01,80100,53.43000030517578,53.720001220703125,53.939998626708984,53.209999084472656,53.720001220703125
2017-01-31,36900,52.400001525878906,52.93000030517578,52.939998626708984,52.27000045776367,52.93000030517578
2017-01-30,38300,52.529998779296875,52.650001525878906,52.7599983215332,51.54999923706055,52.650001525878906
2017-01-27,22700,52.95000076293945,52.95000076293945,53.15999984741211,52.7599983215332,52.95000076293945
2017-01-26,13700,53.2599983215332,53.15999984741211,53.43000030517578,52.9900016784668,53.15999984741211
2017-01-25,14400,53.18000030517578,53.400001525878906,53.439998626708984,53.18000030517578,53.400001525878906
2017-01-24,44000,51.25,52.58000183105469,52.66999816894531,51.25,52.58000183105469
2017-01-23,22500,50.650001525878906,50.81999969482422,50.88999938964844,50.20000076293945,50.81999969482422
2017-01-20,30300,50.08000183105469,50.790000915527344,50.970001220703125,50.04999923706055,50.790000915527344
2017-01-19,16200,49.84000015258789,49.81999969482422,49.84000015258789,49.31999969482422,49.81999969482422
2017-01-18,54600,49.25,49.709999084472656,49.939998626708984,49.16999816894531,49.709999084472656
2017-01-17,54900,49.0099983215332,49.209999084472656,49.29999923706055,48.880001068115234,49.209999084472656
2017-01-13,22200,50.0,49.52000045776367,50.06999969482422,49.52000045776367,49.52000045776367
2017-01-12,23100,50.189998626708984,49.97999954223633,50.220001220703125,49.18000030517578,49.97999954223633
2017-01-11,13600,50.15999984741211,50.380001068115234,50.40999984741211,49.36000061035156,50.380001068115234
2017-01-10,20800,50.119998931884766,50.040000915527344,50.279998779296875,49.56999969482422,50.040000915527344
2017-01-09,16100,49.77000045776367,49.900001525878906,50.38999938964844,49.77000045776367,49.900001525878906
2017-01-06,28800,49.59000015258789,49.65999984741211,50.18000030517578,49.529998779296875,49.65999984741211
2017-01-05,30300,49.25,49.150001525878906,49.27000045776367,48.7400016784668,49.150001525878906
2017-01-04,36700,48.189998626708984,49.2599983215332,49.4900016784668,48.189998626708984,49.2599983215332
2017-01-03,93600,47.349998474121094,48.09000015258789,48.09000015258789,47.209999084472656,48.09000015258789
2016-12-30,47300,47.20000076293945,46.540000915527344,47.20000076293945,46.290000915527344,46.540000915527344
2016-12-29,30000,47.099998474121094,47.029998779296875,47.380001068115234,46.709999084472656,47.029998779296875
2016-12-28,33200,47.709999084472656,47.209999084472656,47.83000183105469,47.06999969482422,47.209999084472656
2016-12-27,15800,47.47999954223633,47.720001220703125,47.7599983215332,47.43000030517578,47.720001220703125
2016-12-23,11900,47.18000030517578,47.41999816894531,47.45000076293945,47.08000183105469,47.41999816894531
2016-12-22,45200,47.81999969482422,47.31999969482422,47.939998626708984,47.25,47.31999969482422
2016-12-21,49800,47.939998626708984,47.95000076293945,48.290000915527344,47.779998779296875,47.95000076293945
2016-12-20,53000,47.72999954223633,47.75,47.95000076293945,47.68000030517578,47.75
2016-12-19,60100,47.290000915527344,47.65999984741211,47.65999984741211,47.220001220703125,47.65999984741211
2016-12-16,43600,46.90999984741211,46.7599983215332,47.279998779296875,46.650001525878906,46.7599983215332
2016-12-15,30900,47.029998779296875,46.97999954223633,47.38999938964844,46.84000015258789,46.97999954223633
2016-12-14,37100,46.40999984741211,46.70000076293945,47.22999954223633,46.40999984741211,46.70000076293945
2016-12-13,28000,46.970001220703125,46.709999084472656,46.970001220703125,46.400001525878906,46.709999084472656
2016-12-12,18000,46.959999084472656,46.97999954223633,47.029998779296875,46.45000076293945,46.97999954223633
2016-12-09,20800,46.77000045776367,47.08000183105469,47.130001068115234,46.77000045776367,47.08000183105469
2016-12-08,27900,46.959999084472656,46.77000045776367,47.220001220703125,46.33000183105469,46.77000045776367
2016-12-07,43600,47.369998931884766,47.11000061035156,47.47999954223633,46.93000030517578,47.11000061035156
2016-12-06,42900,46.689998626708984,47.060001373291016,47.13999938964844,46.58000183105469,47.060001373291016
2016-12-05,42400,46.0099983215332,46.34000015258789,46.43000030517578,46.0099983215332,46.34000015258789
2016-12-02,58500,45.630001068115234,45.66999816894531,46.20000076293945,45.349998474121094,45.66999816894531
2016-12-01,101700,46.470001220703125,45.83000183105469,46.5099983215332,45.279998779296875,45.83000183105469
2016-11-30,26000,46.369998931884766,46.2599983215332,46.560001373291016,46.099998474121094,46.2599983215332
2016-11-29,14800,46.279998779296875,46.2599983215332,46.470001220703125,46.209999084472656,46.2599983215332
2016-11-28,26300,46.09000015258789,46.099998474121094,46.36000061035156,45.95000076293945,46.099998474121094
2016-11-25,19300,46.38999938964844,46.33000183105469,46.400001525878906,46.099998474121094,46.33000183105469
2016-11-23,22400,46.29999923706055,46.36000061035156,46.599998474121094,46.220001220703125,46.36000061035156
2016-11-22,24500,46.7400016784668,46.70000076293945,46.86000061035156,46.16999816894531,46.70000076293945
2016-11-21,25600,46.27000045776367,46.83000183105469,46.83000183105469,46.09000015258789,46.83000183105469
2016-11-18,31100,46.22999954223633,45.9900016784668,46.380001068115234,45.63999938964844,45.9900016784668
2016-11-17,52800,45.720001220703125,46.029998779296875,46.029998779296875,45.58000183105469,46.029998779296875
2016-11-16,50700,44.77000045776367,45.619998931884766,45.66999816894531,44.77000045776367,45.619998931884766
2016-11-15,49000,45.66999816894531,45.66999816894531,46.15999984741211,45.33000183105469,45.66999816894531
2016-11-14,17500,45.540000915527344,45.36000061035156,45.65999984741211,44.38999938964844,45.36000061035156
2016-11-11,43600,45.2400016784668,45.45000076293945,45.630001068115234,44.5099983215332,45.45000076293945
2016-11-10,56600,46.65999984741211,45.209999084472656,46.77000045776367,45.15999984741211,45.209999084472656
2016-11-09,79500,44.77000045776367,46.2599983215332,46.619998931884766,44.599998474121094,46.2599983215332
2016-11-08,53400,45.06999969482422,45.790000915527344,46.119998931884766,45.02000045776367,45.790000915527344
2016-11-07,63700,44.20000076293945,45.36000061035156,45.36000061035156,44.099998474121094,45.36000061035156
2016-11-04,42000,42.81999969482422,42.63999938964844,43.279998779296875,42.439998626708984,42.63999938964844
2016-11-03,31900,43.81999969482422,42.79999923706055,43.869998931884766,42.47999954223633,42.79999923706055
2016-11-02,18900,43.9900016784668,43.849998474121094,44.15999984741211,43.7400016784668,43.849998474121094
2016-11-01,64000,44.459999084472656,44.13999938964844,44.470001220703125,43.2400016784668,44.13999938964844
2016-10-31,43100,44.599998474121094,44.459999084472656,44.599998474121094,44.2400016784668,44.459999084472656
2016-10-28,54400,44.83000183105469,44.43000030517578,45.06999969482422,44.099998474121094,44.43000030517578
2016-10-27,33300,45.720001220703125,44.93000030517578,45.720001220703125,44.86000061035156,44.93000030517578
2016-10-26,13500,45.349998474121094,45.380001068115234,45.779998779296875,45.31999969482422,45.380001068115234
2016-10-25,23000,45.79999923706055,45.7599983215332,45.900001525878906,45.349998474121094,45.7599983215332
2016-10-24,45100,45.22999954223633,45.650001525878906,45.709999084472656,45.22999954223633,45.650001525878906
2016-10-21,29700,44.290000915527344,44.90999984741211,44.93000030517578,44.15999984741211,44.90999984741211
2016-10-20,31100,44.47999954223633,44.459999084472656,44.709999084472656,44.09000015258789,44.459999084472656
2016-10-19,42100,44.52000045776367,44.56999969482422,44.83000183105469,44.29999923706055,44.56999969482422
2016-10-18,26900,44.27000045776367,44.25,44.31999969482422,44.11000061035156,44.25
2016-10-17,21400,43.61000061035156,43.65999984741211,43.90999984741211,43.41999816894531,43.65999984741211
2016-10-14,15900,43.880001068115234,43.470001220703125,43.9900016784668,43.470001220703125,43.470001220703125
2016-10-13,37900,43.130001068115234,43.36000061035156,43.560001373291016,42.470001220703125,43.36000061035156
2016-10-12,32400,44.11000061035156,43.869998931884766,44.290000915527344,43.869998931884766,43.869998931884766
2016-10-11,34000,44.63999938964844,43.869998931884766,44.63999938964844,43.41999816894531,43.869998931884766
2016-10-10,58200,44.599998474121094,44.68000030517578,44.709999084472656,44.540000915527344,44.68000030517578
2016-10-07,20500,44.279998779296875,44.27000045776367,44.31999969482422,43.849998474121094,44.27000045776367
2016-10-06,30700,44.11000061035156,44.41999816894531,44.560001373291016,43.970001220703125,44.41999816894531
2016-10-05,21800,44.61000061035156,44.20000076293945,44.65999984741211,44.16999816894531,44.20000076293945
2016-10-04,32400,44.18000030517578,44.5,44.5,43.75,44.5
2016-10-03,74000,43.540000915527344,44.119998931884766,44.13999938964844,43.400001525878906,44.119998931884766
2016-09-30,27500,43.630001068115234,43.630001068115234,43.959999084472656,43.43000030517578,43.630001068115234
2016-09-29,44700,43.66999816894531,43.29999923706055,43.9900016784668,42.61000061035156,43.29999923706055
2016-09-28,31900,43.900001525878906,43.93000030517578,44.0,43.11000061035156,43.93000030517578
2016-09-27,55100,42.59000015258789,43.63999938964844,43.70000076293945,42.529998779296875,43.63999938964844
2016-09-26,38000,42.47999954223633,42.630001068115234,42.77000045776367,42.150001525878906,42.630001068115234
2016-09-23,96700,43.31999969482422,43.40999984741211,43.709999084472656,43.290000915527344,43.40999984741211
2016-09-22,77900,43.2599983215332,43.34000015258789,43.40999984741211,43.09000015258789,43.34000015258789
2016-09-21,83300,41.97999954223633,42.630001068115234,42.75,41.470001220703125,42.630001068115234
2016-09-20,109800,42.04999923706055,41.810001373291016,42.04999923706055,41.66999816894531,41.810001373291016
2016-09-19,54400,41.709999084472656,41.630001068115234,42.189998626708984,41.29999923706055,41.630001068115234
2016-09-16,56100,40.65999984741211,41.220001220703125,41.279998779296875,40.349998474121094,41.220001220703125
2016-09-15,73400,40.59000015258789,41.0099983215332,41.20000076293945,40.119998931884766,41.0099983215332
2016-09-14,24300,40.70000076293945,40.630001068115234,41.2400016784668,40.2400016784668,40.630001068115234
2016-09-13,47900,41.40999984741211,40.45000076293945,41.529998779296875,39.95000076293945,40.45000076293945
2016-09-12,58000,40.970001220703125,41.93000030517578,42.060001373291016,40.81999969482422,41.93000030517578
2016-09-09,107700,42.599998474121094,40.93000030517578,42.61000061035156,40.93000030517578,40.93000030517578
2016-09-08,17500,43.43000030517578,43.33000183105469,43.43000030517578,43.220001220703125,43.33000183105469
2016-09-07,38000,43.5,43.599998474121094,43.599998474121094,43.25,43.599998474121094
2016-09-06,58300,43.040000915527344,43.369998931884766,43.369998931884766,42.95000076293945,43.369998931884766
2016-09-02,52700,42.91999816894531,42.720001220703125,43.0,42.599998474121094,42.720001220703125
2016-09-01,86800,42.68000030517578,42.540000915527344,42.720001220703125,42.189998626708984,42.540000915527344
2016-08-31,30600,42.560001373291016,42.59000015258789,42.63999938964844,42.20000076293945,42.59000015258789
2016-08-30,19800,42.619998931884766,42.58000183105469,42.720001220703125,42.459999084472656,42.58000183105469
2016-08-29,15800,42.54999923706055,42.4900016784668,42.70000076293945,42.43000030517578,42.4900016784668
2016-08-26,25000,42.709999084472656,42.29999923706055,43.13999938964844,41.93000030517578,42.29999923706055
2016-08-25,38300,42.2400016784668,42.56999969482422,42.59000015258789,42.2400016784668,42.56999969482422
2016-08-24,23900,42.349998474121094,42.33000183105469,42.349998474121094,42.119998931884766,42.33000183105469
2016-08-23,29000,42.7599983215332,42.439998626708984,42.86000061035156,42.439998626708984,42.439998626708984
2016-08-22,27300,42.58000183105469,42.59000015258789,42.77000045776367,42.45000076293945,42.59000015258789
2016-08-19,36500,42.68000030517578,42.7599983215332,42.849998474121094,42.470001220703125,42.7599983215332
2016-08-18,40800,42.9900016784668,42.86000061035156,43.25,42.68000030517578,42.86000061035156
2016-08-17,51900,42.72999954223633,43.06999969482422,43.11000061035156,42.189998626708984,43.06999969482422
2016-08-16,43300,43.09000015258789,42.709999084472656,43.09000015258789,42.68000030517578,42.709999084472656
2016-08-15,33100,43.630001068115234,43.380001068115234,43.790000915527344,43.27000045776367,43.380001068115234
2016-08-12,17300,43.2599983215332,43.209999084472656,43.5,43.06999969482422,43.209999084472656
2016-08-11,46800,43.869998931884766,43.380001068115234,44.150001525878906,43.33000183105469,43.380001068115234
2016-08-10,131800,44.220001220703125,43.459999084472656,44.22999954223633,43.18000030517578,43.459999084472656
2016-08-09,70100,43.56999969482422,43.880001068115234,44.2400016784668,43.540000915527344,43.880001068115234
2016-08-08,44500,43.220001220703125,43.400001525878906,43.400001525878906,43.16999816894531,43.400001525878906
2016-08-05,29300,42.810001373291016,42.93000030517578,43.22999954223633,42.810001373291016,42.93000030517578
2016-08-04,54300,42.33000183105469,42.4900016784668,42.560001373291016,42.06999969482422,42.4900016784668
2016-08-03,95400,41.63999938964844,42.130001068115234,42.13999938964844,41.47999954223633,42.130001068115234
2016-08-02,121500,42.369998931884766,41.720001220703125,42.439998626708984,41.220001220703125,41.720001220703125
2016-08-01,103900,42.68000030517578,42.689998626708984,43.06999969482422,42.13999938964844,42.689998626708984
2016-07-29,56500,41.68000030517578,42.380001068115234,42.58000183105469,41.66999816894531,42.380001068115234
2016-07-28,56600,40.86000061035156,41.56999969482422,41.77000045776367,40.83000183105469,41.56999969482422
2016-07-27,75100,41.099998474121094,41.25,41.290000915527344,40.5099983215332,41.25
2016-07-26,55200,40.7400016784668,40.9900016784668,40.9900016784668,40.38999938964844,40.9900016784668
2016-07-25,33100,41.150001525878906,40.86000061035156,41.150001525878906,40.380001068115234,40.86000061035156
2016-07-22,23600,40.58000183105469,41.040000915527344,41.29999923706055,40.470001220703125,41.040000915527344
2016-07-21,48400,41.40999984741211,40.5,41.4900016784668,40.400001525878906,40.5
2016-07-20,49500,41.290000915527344,41.400001525878906,41.47999954223633,41.08000183105469,41.400001525878906
2016-07-19,55400,41.08000183105469,40.88999938964844,41.310001373291016,40.790000915527344,40.88999938964844
2016-07-18,46400,40.79999923706055,41.189998626708984,41.40999984741211,40.65999984741211,41.189998626708984
2016-07-15,43100,41.18000030517578,40.88999938964844,41.18000030517578,40.5099983215332,40.88999938964844
2016-07-14,31200,41.439998626708984,41.09000015258789,41.59000015258789,41.08000183105469,41.09000015258789
2016-07-13,69000,40.900001525878906,40.90999984741211,40.939998626708984,40.52000045776367,40.90999984741211
2016-07-12,22900,40.47999954223633,40.63999938964844,40.72999954223633,40.40999984741211,40.63999938964844
2016-07-11,55400,40.5099983215332,40.130001068115234,40.599998474121094,40.060001373291016,40.130001068115234
2016-07-08,68400,39.529998779296875,40.209999084472656,40.310001373291016,39.5,40.209999084472656
2016-07-07,54700,39.060001373291016,39.06999969482422,39.33000183105469,38.380001068115234,39.06999969482422
2016-07-06,43900,38.2400016784668,38.900001525878906,39.060001373291016,37.97999954223633,38.900001525878906
2016-07-05,103100,38.599998474121094,38.470001220703125,38.63999938964844,37.810001373291016,38.470001220703125
2016-07-01,116500,38.849998474121094,38.84000015258789,39.16999816894531,38.38999938964844,38.84000015258789
2016-06-30,98100,38.849998474121094,38.720001220703125,38.970001220703125,38.41999816894531,38.720001220703125
2016-06-29,125600,38.15999984741211,38.470001220703125,38.66999816894531,37.97999954223633,38.470001220703125
2016-06-28,87100,36.91999816894531,37.65999984741211,37.7599983215332,36.54999923706055,37.65999984741211
2016-06-27,75900,36.790000915527344,36.41999816894531,36.880001068115234,35.790000915527344,36.41999816894531
2016-06-24,216400,38.7599983215332,37.06999969482422,40.27000045776367,37.029998779296875,37.06999969482422
2016-06-23,78000,40.91999816894531,41.369998931884766,41.5,40.630001068115234,41.369998931884766
2016-06-22,74700,39.84000015258789,40.04999923706055,40.439998626708984,39.439998626708984,40.04999923706055
2016-06-21,54800,39.959999084472656,39.95000076293945,40.11000061035156,39.400001525878906,39.95000076293945
2016-06-20,58000,39.529998779296875,39.599998474121094,39.9900016784668,39.52000045776367,39.599998474121094
2016-06-17,30800,38.4900016784668,38.36000061035156,38.77000045776367,38.11000061035156,38.36000061035156
2016-06-16,41500,36.900001525878906,38.38999938964844,38.66999816894531,36.060001373291016,38.38999938964844
2016-06-15,40500,37.63999938964844,37.79999923706055,38.47999954223633,37.540000915527344,37.79999923706055
2016-06-14,53600,36.849998474121094,37.439998626708984,37.709999084472656,36.52000045776367,37.439998626708984
2016-06-13,60400,38.20000076293945,37.22999954223633,38.849998474121094,37.099998474121094,37.22999954223633
2016-06-10,46600,39.56999969482422,39.16999816894531,39.810001373291016,38.97999954223633,39.16999816894531
2016-06-09,23200,40.7599983215332,40.4900016784668,40.81999969482422,40.400001525878906,40.4900016784668
2016-06-08,13800,41.45000076293945,41.130001068115234,41.630001068115234,41.02000045776367,41.130001068115234
2016-06-07,38900,41.65999984741211,41.599998474121094,41.91999816894531,41.5099983215332,41.599998474121094
2016-06-06,71100,41.40999984741211,41.540000915527344,41.720001220703125,41.15999984741211,41.540000915527344
2016-06-03,40100,41.13999938964844,41.75,41.779998779296875,40.4900016784668,41.75
2016-06-02,49100,41.099998474121094,41.560001373291016,41.560001373291016,40.790000915527344,41.560001373291016
2016-06-01,25000,40.88999938964844,41.34000015258789,41.439998626708984,40.7599983215332,41.34000015258789
2016-05-31,57400,41.400001525878906,41.130001068115234,41.400001525878906,40.47999954223633,41.130001068115234
2016-05-27,11800,40.86000061035156,41.04999923706055,41.04999923706055,40.63999938964844,41.04999923706055
2016-05-26,26000,40.70000076293945,40.599998474121094,40.75,40.5099983215332,40.599998474121094
2016-05-25,45100,40.43000030517578,40.619998931884766,40.95000076293945,40.43000030517578,40.619998931884766
2016-05-24,28000,39.540000915527344,40.2599983215332,40.38999938964844,39.540000915527344,40.2599983215332
2016-05-23,25000,38.959999084472656,39.15999984741211,39.400001525878906,38.7599983215332,39.15999984741211
2016-05-20,26300,38.810001373291016,38.91999816894531,39.119998931884766,38.689998626708984,38.91999816894531
2016-05-19,28600,38.22999954223633,38.36000061035156,38.40999984741211,37.59000015258789,38.36000061035156
2016-05-18,16400,38.630001068115234,38.45000076293945,39.04999923706055,38.31999969482422,38.45000076293945
2016-05-17,70900,39.79999923706055,38.7599983215332,39.79999923706055,38.56999969482422,38.7599983215332
2016-05-16,54200,39.130001068115234,39.97999954223633,40.11000061035156,39.130001068115234,39.97999954223633
2016-05-13,30100,39.52000045776367,38.900001525878906,40.099998474121094,38.86000061035156,38.900001525878906
2016-05-12,17800,39.779998779296875,39.54999923706055,39.849998474121094,38.97999954223633,39.54999923706055
2016-05-11,31700,40.119998931884766,39.439998626708984,40.4900016784668,39.36000061035156,39.439998626708984
2016-05-10,25000,39.61000061035156,40.099998474121094,40.11000061035156,39.61000061035156,40.099998474121094
2016-05-09,19700,38.970001220703125,39.150001525878906,39.56999969482422,38.970001220703125,39.150001525878906
2016-05-06,26700,37.91999816894531,38.75,38.91999816894531,37.91999816894531,38.75
2016-05-05,23700,38.61000061035156,38.119998931884766,38.709999084472656,37.90999984741211,38.119998931884766
2016-05-04,126200,38.029998779296875,38.279998779296875,38.470001220703125,37.900001525878906,38.279998779296875
2016-05-03,44000,39.16999816894531,38.630001068115234,39.16999816894531,38.4900016784668,38.630001068115234
2016-05-02,63800,39.11000061035156,39.61000061035156,39.7400016784668,38.790000915527344,39.61000061035156
2016-04-29,100200,39.439998626708984,38.72999954223633,39.439998626708984,38.0,38.72999954223633
2016-04-28,15600,40.95000076293945,39.56999969482422,41.04999923706055,39.56999969482422,39.56999969482422
2016-04-27,14600,39.7400016784668,40.79999923706055,40.93000030517578,39.7400016784668,40.79999923706055
2016-04-26,14000,39.90999984741211,40.150001525878906,40.25,39.79999923706055,40.150001525878906
2016-04-25,10500,40.02000045776367,39.630001068115234,40.02000045776367,39.349998474121094,39.630001068115234
2016-04-22,12900,39.650001525878906,40.13999938964844,40.22999954223633,39.5099983215332,40.13999938964844
2016-04-21,18500,40.47999954223633,39.86000061035156,40.5099983215332,39.86000061035156,39.86000061035156
2016-04-20,36200,41.22999954223633,40.790000915527344,41.25,40.52000045776367,40.790000915527344
2016-04-19,36000,41.77000045776367,40.90999984741211,41.810001373291016,40.7599983215332,40.90999984741211
2016-04-18,127800,39.630001068115234,41.599998474121094,41.70000076293945,39.52000045776367,41.599998474121094
2016-04-15,5100,39.95000076293945,39.93000030517578,40.04999923706055,39.779998779296875,39.93000030517578
2016-04-14,18700,39.81999969482422,39.810001373291016,40.22999954223633,39.63999938964844,39.810001373291016
2016-04-13,80300,39.400001525878906,39.72999954223633,39.97999954223633,39.400001525878906,39.72999954223633
2016-04-12,10300,38.63999938964844,39.11000061035156,39.290000915527344,38.0,39.11000061035156
2016-04-11,13600,39.43000030517578,38.65999984741211,39.54999923706055,38.65999984741211,38.65999984741211
2016-04-08,60800,39.40999984741211,39.15999984741211,39.619998931884766,38.869998931884766,39.15999984741211
2016-04-07,21700,40.2400016784668,38.790000915527344,40.349998474121094,38.400001525878906,38.790000915527344
2016-04-06,24200,39.630001068115234,40.75,40.75,39.45000076293945,40.75
2016-04-05,21800,40.209999084472656,39.65999984741211,40.31999969482422,39.56999969482422,39.65999984741211
2016-04-04,133200,41.5,40.959999084472656,41.599998474121094,40.81999969482422,40.959999084472656
2016-04-01,49500,40.130001068115234,41.380001068115234,41.45000076293945,39.970001220703125,41.380001068115234
2016-03-31,49900,40.83000183105469,40.66999816894531,41.0,40.45000076293945,40.66999816894531
2016-03-30,60100,40.369998931884766,40.90999984741211,41.08000183105469,40.290000915527344,40.90999984741211
2016-03-29,22300,38.7400016784668,39.93000030517578,40.0,38.630001068115234,39.93000030517578
2016-03-28,11900,38.650001525878906,38.66999816894531,39.0099983215332,38.41999816894531,38.66999816894531
2016-03-24,38200,37.81999969482422,38.45000076293945,38.52000045776367,37.709999084472656,38.45000076293945
2016-03-23,33100,39.5099983215332,38.7400016784668,39.5099983215332,38.540000915527344,38.7400016784668
2016-03-22,22000,39.189998626708984,39.65999984741211,39.790000915527344,39.189998626708984,39.65999984741211
2016-03-21,25100,39.06999969482422,39.4900016784668,39.5,38.849998474121094,39.4900016784668
2016-03-18,26300,39.40999984741211,39.150001525878906,39.59000015258789,38.900001525878906,39.150001525878906
2016-03-17,63800,38.43000030517578,39.040000915527344,39.400001525878906,38.220001220703125,39.040000915527344
2016-03-16,24900,37.720001220703125,38.650001525878906,38.880001068115234,37.529998779296875,38.650001525878906
2016-03-15,38800,38.06999969482422,38.060001373291016,38.290000915527344,37.900001525878906,38.060001373291016
2016-03-14,33800,38.02000045776367,38.59000015258789,38.790000915527344,37.95000076293945,38.59000015258789
2016-03-11,47600,37.86000061035156,38.16999816894531,38.189998626708984,37.7400016784668,38.16999816894531
2016-03-10,120300,37.08000183105469,37.279998779296875,37.72999954223633,36.5099983215332,37.279998779296875
2016-03-09,102900,36.849998474121094,36.790000915527344,36.90999984741211,36.459999084472656,36.790000915527344
2016-03-08,21100,37.22999954223633,36.65999984741211,37.349998474121094,36.650001525878906,36.65999984741211
2016-03-07,25000,37.27000045776367,37.4900016784668,37.90999984741211,37.130001068115234,37.4900016784668
2016-03-04,36500,38.27000045776367,37.47999954223633,38.31999969482422,37.459999084472656,37.47999954223633
2016-03-03,50700,36.849998474121094,37.84000015258789,38.02000045776367,36.849998474121094,37.84000015258789
2016-03-02,26500,36.619998931884766,37.040000915527344,37.099998474121094,36.459999084472656,37.040000915527344
2016-03-01,36400,35.470001220703125,36.59000015258789,36.61000061035156,35.34000015258789,36.59000015258789
2016-02-29,14900,35.400001525878906,35.13999938964844,35.720001220703125,35.13999938964844,35.13999938964844
2016-02-26,13000,35.95000076293945,35.279998779296875,35.959999084472656,35.099998474121094,35.279998779296875
2016-02-25,19900,35.130001068115234,35.68000030517578,35.68000030517578,35.0099983215332,35.68000030517578
2016-02-24,47400,34.36000061035156,35.09000015258789,35.150001525878906,34.0099983215332,35.09000015258789
2016-02-23,17200,35.4900016784668,34.86000061035156,35.66999816894531,34.790000915527344,34.86000061035156
2016-02-22,136900,35.150001525878906,35.68000030517578,35.720001220703125,35.13999938964844,35.68000030517578
2016-02-19,24400,33.869998931884766,34.689998626708984,34.720001220703125,33.779998779296875,34.689998626708984
2016-02-18,21500,34.529998779296875,34.31999969482422,34.599998474121094,34.02000045776367,34.31999969482422
2016-02-17,76400,34.209999084472656,34.470001220703125,34.58000183105469,33.939998626708984,34.470001220703125
2016-02-16,52900,33.540000915527344,33.72999954223633,33.72999954223633,33.150001525878906,33.72999954223633
2016-02-12,30200,33.150001525878906,32.939998626708984,33.20000076293945,32.54999923706055,32.939998626708984
2016-02-11,69100,32.66999816894531,32.63999938964844,33.02000045776367,31.709999084472656,32.63999938964844
2016-02-10,18000,34.36000061035156,33.95000076293945,34.630001068115234,33.869998931884766,33.95000076293945
2016-02-09,20300,33.56999969482422,34.150001525878906,34.43000030517578,33.560001373291016,34.150001525878906
2016-02-08,45000,34.400001525878906,34.43000030517578,34.59000015258789,33.5,34.43000030517578
2016-02-05,27300,35.939998626708984,35.08000183105469,36.11000061035156,34.779998779296875,35.08000183105469
2016-02-04,56600,36.130001068115234,35.9900016784668,36.52000045776367,35.720001220703125,35.9900016784668
2016-02-03,35500,36.619998931884766,36.369998931884766,36.619998931884766,35.119998931884766,36.369998931884766
2016-02-02,56000,37.09000015258789,36.18000030517578,37.099998474121094,36.150001525878906,36.18000030517578
2016-02-01,46600,37.25,37.54999923706055,37.70000076293945,36.939998626708984,37.54999923706055
2016-01-29,54200,36.709999084472656,37.16999816894531,37.25,36.70000076293945,37.16999816894531
2016-01-28,14800,36.099998474121094,36.38999938964844,36.38999938964844,35.54999923706055,36.38999938964844
2016-01-27,36100,36.22999954223633,35.56999969482422,36.86000061035156,35.54999923706055,35.56999969482422
2016-01-26,43100,35.720001220703125,36.29999923706055,36.5,35.540000915527344,36.29999923706055
2016-01-25,53800,36.06999969482422,35.52000045776367,36.63999938964844,35.5,35.52000045776367
2016-01-22,62600,35.66999816894531,36.150001525878906,36.22999954223633,35.43000030517578,36.150001525878906
2016-01-21,52900,34.790000915527344,34.56999969482422,35.220001220703125,33.959999084472656,34.56999969482422
2016-01-20,107000,34.36000061035156,34.349998474121094,34.779998779296875,32.79999923706055,34.349998474121094
2016-01-19,73100,35.52000045776367,34.869998931884766,35.52000045776367,34.0099983215332,34.869998931884766
2016-01-15,70800,35.189998626708984,35.18000030517578,35.65999984741211,34.68000030517578,35.18000030517578
2016-01-14,30900,36.5,37.130001068115234,37.72999954223633,35.75,37.130001068115234
2016-01-13,75700,39.0099983215332,36.400001525878906,39.04999923706055,36.29999923706055,36.400001525878906
2016-01-12,34600,38.119998931884766,38.650001525878906,38.65999984741211,37.310001373291016,38.650001525878906
2016-01-11,199800,37.529998779296875,37.40999984741211,37.7400016784668,35.72999954223633,37.40999984741211
2016-01-08,29200,39.529998779296875,37.79999923706055,39.61000061035156,37.5099983215332,37.79999923706055
2016-01-07,103500,39.099998474121094,38.9900016784668,40.0,38.61000061035156,38.9900016784668
2016-01-06,34200,39.79999923706055,40.599998474121094,40.63999938964844,39.79999923706055,40.599998474121094
2016-01-05,41100,40.939998626708984,40.9900016784668,41.150001525878906,40.36000061035156,40.9900016784668
2016-01-04,76200,39.86000061035156,40.34000015258789,40.540000915527344,39.290000915527344,40.34000015258789
2015-12-31,23400,41.58000183105469,41.310001373291016,41.849998474121094,41.310001373291016,41.310001373291016
2015-12-30,13300,42.25,41.970001220703125,42.380001068115234,41.93000030517578,41.970001220703125
2015-12-29,35300,42.40999984741211,42.619998931884766,42.68000030517578,42.25,42.619998931884766
2015-12-28,33900,41.119998931884766,42.04999923706055,42.099998474121094,40.95000076293945,42.04999923706055
2015-12-24,10900,41.4900016784668,41.470001220703125,41.630001068115234,41.41999816894531,41.470001220703125
2015-12-23,29700,41.88999938964844,41.70000076293945,41.95000076293945,41.36000061035156,41.70000076293945
2015-12-22,20200,40.849998474121094,41.15999984741211,41.279998779296875,40.599998474121094,41.15999984741211
2015-12-21,24800,40.20000076293945,39.9900016784668,40.20000076293945,39.20000076293945,39.9900016784668
2015-12-18,29500,40.29999923706055,39.31999969482422,40.52000045776367,39.279998779296875,39.31999969482422
2015-12-17,54600,42.36000061035156,41.04999923706055,42.36000061035156,40.369998931884766,41.04999923706055
2015-12-16,137300,41.459999084472656,42.15999984741211,42.470001220703125,40.810001373291016,42.15999984741211
2015-12-15,31300,40.15999984741211,40.619998931884766,40.75,39.68000030517578,40.619998931884766
2015-12-14,158900,38.220001220703125,39.790000915527344,39.95000076293945,37.38999938964844,39.790000915527344
2015-12-11,317200,40.2400016784668,38.380001068115234,40.2400016784668,37.91999816894531,38.380001068115234
2015-12-10,34400,41.4900016784668,41.119998931884766,41.88999938964844,41.02000045776367,41.119998931884766
2015-12-09,29200,41.959999084472656,41.54999923706055,42.15999984741211,40.650001525878906,41.54999923706055
2015-12-08,32400,41.75,42.22999954223633,42.7599983215332,41.7400016784668,42.22999954223633
2015-12-07,30800,43.189998626708984,42.630001068115234,43.209999084472656,41.81999969482422,42.630001068115234
2015-12-04,17900,42.33000183105469,43.310001373291016,43.310001373291016,42.279998779296875,43.310001373291016
2015-12-03,50600,43.099998474121094,41.7599983215332,43.22999954223633,41.220001220703125,41.7599983215332
2015-12-02,69600,43.470001220703125,42.88999938964844,44.09000015258789,42.72999954223633,42.88999938964844
2015-12-01,58800,42.91999816894531,43.4900016784668,43.54999923706055,42.75,43.4900016784668
2015-11-30,37000,42.220001220703125,42.54999923706055,42.54999923706055,42.099998474121094,42.54999923706055
2015-11-27,7400,42.290000915527344,42.2599983215332,42.380001068115234,42.11000061035156,42.2599983215332
2015-11-25,12500,42.02000045776367,42.0099983215332,42.29999923706055,41.959999084472656,42.0099983215332
2015-11-24,25100,42.0,41.720001220703125,42.45000076293945,41.59000015258789,41.720001220703125
2015-11-23,39500,41.70000076293945,42.380001068115234,42.4900016784668,41.70000076293945,42.380001068115234
2015-11-20,135300,42.029998779296875,41.75,42.11000061035156,41.720001220703125,41.75
2015-11-19,41000,42.349998474121094,41.5,42.349998474121094,41.25,41.5
2015-11-18,80800,41.540000915527344,42.63999938964844,42.65999984741211,41.540000915527344,42.63999938964844
2015-11-17,63200,42.33000183105469,41.0,42.900001525878906,40.68000030517578,41.0
2015-11-16,71100,39.599998474121094,41.93000030517578,41.9900016784668,39.599998474121094,41.93000030517578
2015-11-13,92200,40.970001220703125,39.63999938964844,41.119998931884766,39.63999938964844,39.63999938964844
2015-11-12,74000,42.709999084472656,41.189998626708984,43.029998779296875,41.16999816894531,41.189998626708984
2015-11-11,10100,43.79999923706055,43.43000030517578,44.11000061035156,43.43000030517578,43.43000030517578
2015-11-10,20800,43.06999969482422,43.720001220703125,43.90999984741211,42.91999816894531,43.720001220703125
2015-11-09,33600,44.20000076293945,43.38999938964844,44.20000076293945,43.0,43.38999938964844
2015-11-06,26100,43.88999938964844,44.189998626708984,44.279998779296875,43.189998626708984,44.189998626708984
2015-11-05,44600,43.54999923706055,43.86000061035156,43.86000061035156,42.849998474121094,43.86000061035156
2015-11-04,0,44.04999923706055,44.04999923706055,44.04999923706055,44.04999923706055,44.04999923706055
2015-11-03,40300,44.439998626708984,44.04999923706055,44.560001373291016,43.97999954223633,44.04999923706055
2015-11-02,66700,43.150001525878906,44.650001525878906,44.77000045776367,43.150001525878906,44.650001525878906
2015-10-30,17400,43.459999084472656,43.25,43.86000061035156,43.18000030517578,43.25
2015-10-29,18500,43.849998474121094,43.599998474121094,43.849998474121094,43.29999923706055,43.599998474121094
2015-10-28,14300,43.310001373291016,43.75,43.75,42.61000061035156,43.75
2015-10-27,28200,42.439998626708984,43.290000915527344,43.290000915527344,42.25,43.290000915527344
2015-10-26,36600,43.5,42.93000030517578,43.540000915527344,42.849998474121094,42.93000030517578
2015-10-23,40100,44.4900016784668,43.779998779296875,44.810001373291016,43.709999084472656,43.779998779296875
2015-10-22,24000,42.43000030517578,43.84000015258789,43.97999954223633,42.13999938964844,43.84000015258789
2015-10-21,39000,43.56999969482422,41.86000061035156,43.72999954223633,41.849998474121094,41.86000061035156
2015-10-20,53600,44.36000061035156,43.720001220703125,44.779998779296875,43.5,43.720001220703125
2015-10-19,107900,42.7400016784668,44.31999969482422,44.31999969482422,42.650001525878906,44.31999969482422
2015-10-16,65300,42.90999984741211,42.65999984741211,43.0,42.0099983215332,42.65999984741211
2015-10-15,28800,41.31999969482422,42.720001220703125,42.79999923706055,41.31999969482422,42.720001220703125
2015-10-14,47900,41.380001068115234,40.709999084472656,41.619998931884766,40.29999923706055,40.709999084472656
2015-10-13,70800,42.7599983215332,41.52000045776367,43.25,41.5,41.52000045776367
2015-10-12,76600,41.72999954223633,43.08000183105469,43.20000076293945,41.45000076293945,43.08000183105469
2015-10-09,29500,41.880001068115234,41.63999938964844,41.880001068115234,40.970001220703125,41.63999938964844
2015-10-08,73600,41.0,41.869998931884766,42.15999984741211,40.5099983215332,41.869998931884766
2015-10-07,43800,40.52000045776367,40.68000030517578,40.77000045776367,39.849998474121094,40.68000030517578
2015-10-06,44800,40.65999984741211,40.2400016784668,40.970001220703125,39.88999938964844,40.2400016784668
2015-10-05,63300,39.380001068115234,40.61000061035156,40.70000076293945,39.380001068115234,40.61000061035156
2015-10-02,57300,37.119998931884766,38.81999969482422,38.84000015258789,37.060001373291016,38.81999969482422
2015-10-01,82300,37.4900016784668,37.619998931884766,37.70000076293945,37.08000183105469,37.619998931884766
2015-09-30,41800,37.61000061035156,37.52000045776367,37.72999954223633,36.9900016784668,37.52000045776367
2015-09-29,37800,37.310001373291016,36.90999984741211,37.63999938964844,36.599998474121094,36.90999984741211
2015-09-28,107100,37.689998626708984,37.130001068115234,37.689998626708984,36.54999923706055,37.130001068115234
2015-09-25,51400,39.54999923706055,38.380001068115234,39.779998779296875,38.04999923706055,38.380001068115234
2015-09-24,56800,39.0,38.9900016784668,39.119998931884766,37.650001525878906,38.9900016784668
2015-09-23,31000,38.93000030517578,39.58000183105469,39.86000061035156,38.93000030517578,39.58000183105469
2015-09-22,103500,39.29999923706055,39.060001373291016,39.599998474121094,38.0,39.060001373291016
2015-09-21,55000,39.439998626708984,39.790000915527344,40.22999954223633,39.16999816894531,39.790000915527344
2015-09-18,81500,39.720001220703125,38.93000030517578,40.38999938964844,38.77000045776367,38.93000030517578
2015-09-17,142500,41.40999984741211,42.150001525878906,43.38999938964844,40.81999969482422,42.150001525878906
2015-09-16,147500,39.88999938964844,41.150001525878906,41.18000030517578,39.84000015258789,41.150001525878906
2015-09-15,115000,37.189998626708984,39.34000015258789,39.380001068115234,37.150001525878906,39.34000015258789
2015-09-14,39700,36.95000076293945,36.900001525878906,36.97999954223633,36.20000076293945,36.900001525878906
2015-09-11,40400,36.54999923706055,37.04999923706055,37.09000015258789,36.22999954223633,37.04999923706055
2015-09-10,81300,35.529998779296875,36.4900016784668,36.540000915527344,35.52000045776367,36.4900016784668
2015-09-09,115400,37.70000076293945,36.27000045776367,37.70000076293945,36.16999816894531,36.27000045776367
2015-09-08,106100,35.97999954223633,36.459999084472656,36.4900016784668,35.68000030517578,36.459999084472656
2015-09-04,68400,35.150001525878906,35.349998474121094,35.61000061035156,34.599998474121094,35.349998474121094
2015-09-03,96800,36.91999816894531,36.150001525878906,37.619998931884766,35.70000076293945,36.150001525878906
2015-09-02,188600,36.060001373291016,36.5,36.5,35.15999984741211,36.5
2015-09-01,384200,36.560001373291016,34.540000915527344,36.90999984741211,34.33000183105469,34.540000915527344
2015-08-31,164500,39.33000183105469,38.58000183105469,39.630001068115234,38.34000015258789,38.58000183105469
2015-08-28,258900,41.2599983215332,39.56999969482422,41.2599983215332,38.709999084472656,39.56999969482422
2015-08-27,306700,43.380001068115234,41.810001373291016,43.61000061035156,40.689998626708984,41.810001373291016
2015-08-26,211800,41.599998474121094,42.20000076293945,42.29999923706055,39.869998931884766,42.20000076293945
2015-08-25,247700,43.20000076293945,40.0,43.56999969482422,39.95000076293945,40.0
2015-08-24,510900,40.58000183105469,42.20000076293945,44.95000076293945,38.619998931884766,42.20000076293945
2015-08-21,222200,46.97999954223633,46.38999938964844,47.849998474121094,46.33000183105469,46.38999938964844
2015-08-20,139300,48.310001373291016,48.04999923706055,48.68000030517578,47.83000183105469,48.04999923706055
2015-08-19,48700,49.22999954223633,49.5,49.95000076293945,48.95000076293945,49.5
2015-08-18,31700,49.900001525878906,49.720001220703125,50.0,49.45000076293945,49.720001220703125
2015-08-17,106200,49.72999954223633,50.15999984741211,50.2400016784668,49.72999954223633,50.15999984741211
2015-08-14,58700,49.90999984741211,50.2400016784668,50.25,49.79999923706055,50.2400016784668
2015-08-13,70900,49.66999816894531,49.630001068115234,50.0,49.16999816894531,49.630001068115234
2015-08-12,99400,48.220001220703125,49.310001373291016,49.5,47.869998931884766,49.310001373291016
2015-08-11,56400,49.599998474121094,49.58000183105469,49.810001373291016,48.95000076293945,49.58000183105469
2015-08-10,55600,50.5,50.279998779296875,50.880001068115234,50.2400016784668,50.279998779296875
2015-08-07,68400,49.189998626708984,49.939998626708984,49.939998626708984,48.97999954223633,49.939998626708984
2015-08-06,66900,49.810001373291016,49.400001525878906,49.959999084472656,48.689998626708984,49.400001525878906
2015-08-05,30600,50.0099983215332,49.939998626708984,50.56999969482422,49.810001373291016,49.939998626708984
2015-08-04,23200,50.06999969482422,50.029998779296875,50.25,49.75,50.029998779296875
2015-08-03,135100,49.290000915527344,49.9900016784668,50.08000183105469,48.810001373291016,49.9900016784668
2015-07-31,64300,49.08000183105469,49.41999816894531,49.560001373291016,48.91999816894531,49.41999816894531
2015-07-30,21900,49.08000183105469,49.08000183105469,49.33000183105469,48.81999969482422,49.08000183105469
2015-07-29,75400,49.349998474121094,49.29999923706055,49.720001220703125,49.20000076293945,49.29999923706055
2015-07-28,100800,48.52000045776367,49.18000030517578,49.45000076293945,48.08000183105469,49.18000030517578
2015-07-27,96500,47.88999938964844,48.02000045776367,48.38999938964844,47.5099983215332,48.02000045776367
2015-07-24,59000,49.16999816894531,48.72999954223633,49.400001525878906,48.34000015258789,48.72999954223633
2015-07-23,61500,49.540000915527344,49.189998626708984,49.540000915527344,48.5,49.189998626708984
2015-07-22,95300,49.29999923706055,49.45000076293945,49.59000015258789,48.720001220703125,49.45000076293945
2015-07-21,76700,49.939998626708984,49.66999816894531,49.959999084472656,49.279998779296875,49.66999816894531
2015-07-20,93200,49.630001068115234,49.630001068115234,50.16999816894531,49.4900016784668,49.630001068115234
2015-07-17,75700,49.36000061035156,49.61000061035156,49.7400016784668,49.279998779296875,49.61000061035156
2015-07-16,93900,48.83000183105469,49.380001068115234,49.45000076293945,48.83000183105469,49.380001068115234
2015-07-15,64900,48.099998474121094,48.119998931884766,48.540000915527344,47.61000061035156,48.119998931884766
2015-07-14,80100,48.040000915527344,47.9900016784668,48.650001525878906,47.849998474121094,47.9900016784668
2015-07-13,94300,47.56999969482422,48.09000015258789,48.18000030517578,47.36000061035156,48.09000015258789
2015-07-10,62900,46.0099983215332,46.380001068115234,46.400001525878906,45.22999954223633,46.380001068115234
2015-07-09,28000,46.40999984741211,45.0099983215332,46.58000183105469,44.86000061035156,45.0099983215332
2015-07-08,65900,46.20000076293945,45.119998931884766,46.41999816894531,44.900001525878906,45.119998931884766
2015-07-07,137000,46.029998779296875,46.79999923706055,46.86000061035156,44.83000183105469,46.79999923706055
2015-07-06,99400,45.959999084472656,45.849998474121094,46.4900016784668,45.5099983215332,45.849998474121094
2015-07-02,64200,48.13999938964844,46.93000030517578,48.22999954223633,46.5,46.93000030517578
2015-07-01,105400,47.75,47.97999954223633,48.04999923706055,46.709999084472656,47.97999954223633
2015-06-30,145200,47.150001525878906,46.470001220703125,47.209999084472656,45.349998474121094,46.470001220703125
2015-06-29,168700,47.56999969482422,46.06999969482422,48.04999923706055,45.56999969482422,46.06999969482422
2015-06-26,47000,48.630001068115234,48.90999984741211,49.04999923706055,48.36000061035156,48.90999984741211
2015-06-25,39200,48.400001525878906,48.400001525878906,49.0,48.279998779296875,48.400001525878906
2015-06-24,111000,48.41999816894531,48.380001068115234,48.93000030517578,48.349998474121094,48.380001068115234
2015-06-23,26400,48.47999954223633,48.529998779296875,48.72999954223633,48.38999938964844,48.529998779296875
2015-06-22,52800,47.75,48.349998474121094,48.369998931884766,47.72999954223633,48.349998474121094
2015-06-19,21900,47.5,47.290000915527344,47.5,47.099998474121094,47.290000915527344
2015-06-18,52800,47.22999954223633,47.20000076293945,47.72999954223633,47.13999938964844,47.20000076293945
2015-06-17,52700,47.08000183105469,46.93000030517578,47.099998474121094,46.209999084472656,46.93000030517578
2015-06-16,53600,46.310001373291016,46.88999938964844,47.0099983215332,45.959999084472656,46.88999938964844
2015-06-15,41400,46.65999984741211,46.63999938964844,47.11000061035156,46.40999984741211,46.63999938964844
2015-06-12,78500,47.0099983215332,47.25,47.439998626708984,46.86000061035156,47.25
2015-06-11,51300,47.15999984741211,47.439998626708984,47.70000076293945,47.130001068115234,47.439998626708984
2015-06-10,24600,46.2599983215332,46.869998931884766,46.95000076293945,46.209999084472656,46.869998931884766
2015-06-09,41200,45.849998474121094,46.09000015258789,46.22999954223633,45.66999816894531,46.09000015258789
2015-06-08,50600,46.25,45.939998626708984,46.33000183105469,45.790000915527344,45.939998626708984
2015-06-05,42300,46.189998626708984,46.310001373291016,46.58000183105469,46.0099983215332,46.310001373291016
2015-06-04,96900,46.599998474121094,46.130001068115234,46.61000061035156,45.91999816894531,46.130001068115234
2015-06-03,25900,46.83000183105469,46.779998779296875,47.040000915527344,46.650001525878906,46.779998779296875
2015-06-02,42900,46.59000015258789,46.58000183105469,47.060001373291016,46.459999084472656,46.58000183105469
2015-06-01,141300,47.119998931884766,47.06999969482422,47.15999984741211,46.61000061035156,47.06999969482422
2015-05-29,70900,46.790000915527344,46.810001373291016,47.08000183105469,46.470001220703125,46.810001373291016
2015-05-28,47800,47.13999938964844,46.880001068115234,47.20000076293945,46.72999954223633,46.880001068115234
2015-05-27,46100,46.83000183105469,47.2400016784668,47.459999084472656,46.619998931884766,47.2400016784668
2015-05-26,79700,46.779998779296875,46.540000915527344,46.88999938964844,46.15999984741211,46.540000915527344
2015-05-22,43400,47.209999084472656,47.16999816894531,47.5,46.91999816894531,47.16999816894531
2015-05-21,65000,46.59000015258789,47.13999938964844,47.45000076293945,46.56999969482422,47.13999938964844
2015-05-20,15200,47.029998779296875,46.91999816894531,47.099998474121094,46.56999969482422,46.91999816894531
2015-05-19,64000,46.560001373291016,46.7599983215332,47.099998474121094,46.40999984741211,46.7599983215332
2015-05-18,92900,45.75,46.54999923706055,46.70000076293945,45.61000061035156,46.54999923706055
2015-05-15,74800,45.29999923706055,45.4900016784668,45.630001068115234,45.16999816894531,45.4900016784668
2015-05-14,21600,45.25,45.209999084472656,45.400001525878906,45.16999816894531,45.209999084472656
2015-05-13,17100,45.08000183105469,44.90999984741211,45.09000015258789,44.709999084472656,44.90999984741211
2015-05-12,26400,44.04999923706055,44.72999954223633,44.72999954223633,43.970001220703125,44.72999954223633
2015-05-11,35300,45.029998779296875,44.5,45.25,44.5,44.5
2015-05-08,48800,45.130001068115234,45.25,45.54999923706055,44.86000061035156,45.25
2015-05-07,18100,44.0099983215332,44.459999084472656,44.599998474121094,43.959999084472656,44.459999084472656
2015-05-06,49200,44.79999923706055,44.2400016784668,44.810001373291016,43.439998626708984,44.2400016784668
2015-05-05,27900,44.65999984741211,44.47999954223633,44.720001220703125,44.25,44.47999954223633
2015-05-04,50800,45.189998626708984,44.90999984741211,45.2599983215332,44.650001525878906,44.90999984741211
2015-05-01,104000,44.439998626708984,45.040000915527344,45.040000915527344,44.2599983215332,45.040000915527344
2015-04-30,67500,44.25,43.95000076293945,44.47999954223633,43.5099983215332,43.95000076293945
2015-04-29,13400,44.5,44.56999969482422,44.709999084472656,44.20000076293945,44.56999969482422
2015-04-28,28200,44.43000030517578,44.939998626708984,44.9900016784668,43.560001373291016,44.939998626708984
2015-04-27,26400,44.900001525878906,44.22999954223633,45.04999923706055,44.18000030517578,44.22999954223633
2015-04-24,22000,44.65999984741211,44.83000183105469,44.90999984741211,44.59000015258789,44.83000183105469
2015-04-23,51900,44.380001068115234,44.70000076293945,44.810001373291016,44.380001068115234,44.70000076293945
2015-04-22,13100,44.34000015258789,44.349998474121094,44.630001068115234,44.08000183105469,44.349998474121094
2015-04-21,37400,44.689998626708984,44.189998626708984,44.689998626708984,44.0,44.189998626708984
2015-04-20,41300,43.939998626708984,44.18000030517578,44.2400016784668,43.90999984741211,44.18000030517578
2015-04-17,52900,43.709999084472656,43.47999954223633,43.720001220703125,42.959999084472656,43.47999954223633
2015-04-16,70400,43.900001525878906,44.13999938964844,44.5,43.7400016784668,44.13999938964844
2015-04-15,35700,43.900001525878906,43.95000076293945,44.36000061035156,43.900001525878906,43.95000076293945
2015-04-14,23800,43.68000030517578,43.599998474121094,44.04999923706055,43.45000076293945,43.599998474121094
2015-04-13,50800,44.70000076293945,44.0099983215332,45.16999816894531,43.84000015258789,44.0099983215332
2015-04-10,47200,43.45000076293945,44.459999084472656,44.619998931884766,43.45000076293945,44.459999084472656
2015-04-09,27800,42.91999816894531,43.38999938964844,43.38999938964844,42.47999954223633,43.38999938964844
2015-04-08,25900,43.0,42.88999938964844,43.130001068115234,42.7599983215332,42.88999938964844
2015-04-07,6500,42.77000045776367,42.599998474121094,42.9900016784668,42.599998474121094,42.599998474121094
2015-04-06,43100,41.56999969482422,42.599998474121094,42.81999969482422,41.56999969482422,42.599998474121094
2015-04-02,46900,41.720001220703125,41.880001068115234,42.119998931884766,41.66999816894531,41.880001068115234
2015-04-01,77600,42.0,41.79999923706055,42.029998779296875,41.349998474121094,41.79999923706055
2015-03-31,20100,42.34000015258789,42.08000183105469,42.459999084472656,41.959999084472656,42.08000183105469
2015-03-30,38800,42.65999984741211,42.4900016784668,42.84000015258789,42.45000076293945,42.4900016784668
2015-03-27,14200,41.90999984741211,42.13999938964844,42.41999816894531,41.90999984741211,42.13999938964844
2015-03-26,35100,41.369998931884766,41.93000030517578,42.16999816894531,41.29999923706055,41.93000030517578
2015-03-25,17900,42.650001525878906,41.68000030517578,42.869998931884766,41.619998931884766,41.68000030517578
2015-03-24,20500,42.75,42.599998474121094,43.25,42.54999923706055,42.599998474121094
2015-03-23,23600,42.529998779296875,42.81999969482422,43.15999984741211,42.529998779296875,42.81999969482422
2015-03-20,24600,42.84000015258789,42.369998931884766,43.349998474121094,42.369998931884766,42.369998931884766
2015-03-19,17600,42.349998474121094,42.619998931884766,43.0,42.310001373291016,42.619998931884766
2015-03-18,28900,42.25,43.20000076293945,43.34000015258789,41.81999969482422,43.20000076293945
2015-03-17,29200,42.36000061035156,42.31999969482422,42.5099983215332,41.95000076293945,42.31999969482422
2015-03-16,37300,42.290000915527344,42.470001220703125,42.86000061035156,42.20000076293945,42.470001220703125
2015-03-13,24700,42.45000076293945,41.90999984741211,42.45000076293945,41.2599983215332,41.90999984741211
2015-03-12,24700,42.0,42.470001220703125,42.560001373291016,41.75,42.470001220703125
2015-03-11,30900,41.66999816894531,41.43000030517578,41.970001220703125,41.13999938964844,41.43000030517578
2015-03-10,89100,42.16999816894531,41.84000015258789,42.189998626708984,41.5,41.84000015258789
2015-03-09,31300,43.18000030517578,43.06999969482422,43.18000030517578,42.720001220703125,43.06999969482422
2015-03-06,47600,43.189998626708984,42.63999938964844,43.5,42.349998474121094,42.63999938964844
2015-03-05,219700,43.08000183105469,43.5,43.5,43.0,43.5
2015-03-04,34400,42.560001373291016,42.97999954223633,43.08000183105469,42.20000076293945,42.97999954223633
2015-03-03,34800,43.27000045776367,43.029998779296875,43.27000045776367,42.470001220703125,43.029998779296875
2015-03-02,71400,42.599998474121094,43.25,43.25,42.40999984741211,43.25
2015-02-27,60200,42.290000915527344,42.560001373291016,42.83000183105469,42.2599983215332,42.560001373291016
2015-02-26,28300,41.9900016784668,42.18000030517578,42.61000061035156,41.709999084472656,42.18000030517578
2015-02-25,40200,41.9900016784668,42.060001373291016,42.95000076293945,41.84000015258789,42.060001373291016
2015-02-24,34800,40.9900016784668,42.18000030517578,42.27000045776367,40.9900016784668,42.18000030517578
2015-02-23,34600,40.84000015258789,40.959999084472656,41.20000076293945,40.779998779296875,40.959999084472656
2015-02-20,37100,40.130001068115234,41.099998474121094,41.380001068115234,39.93000030517578,41.099998474121094
2015-02-19,10600,40.25,40.310001373291016,40.599998474121094,40.099998474121094,40.310001373291016
2015-02-18,18700,40.279998779296875,40.529998779296875,40.599998474121094,40.04999923706055,40.529998779296875
2015-02-17,128700,40.75,40.38999938964844,40.93000030517578,40.20000076293945,40.38999938964844
2015-02-13,34200,40.599998474121094,40.779998779296875,40.779998779296875,39.97999954223633,40.779998779296875
2015-02-12,33900,39.349998474121094,40.40999984741211,40.45000076293945,39.349998474121094,40.40999984741211
2015-02-11,16400,38.81999969482422,39.060001373291016,39.119998931884766,38.63999938964844,39.060001373291016
2015-02-10,18900,38.9900016784668,38.97999954223633,39.099998474121094,38.52000045776367,38.97999954223633
2015-02-09,38900,38.220001220703125,38.459999084472656,38.619998931884766,38.02000045776367,38.459999084472656
2015-02-06,29500,39.9900016784668,38.61000061035156,39.9900016784668,38.33000183105469,38.61000061035156
2015-02-05,16400,39.0,39.66999816894531,39.70000076293945,39.0,39.66999816894531
2015-02-04,84100,39.31999969482422,38.77000045776367,39.810001373291016,38.7599983215332,38.77000045776367
2015-02-03,49200,39.189998626708984,39.66999816894531,39.709999084472656,38.91999816894531,39.66999816894531
2015-02-02,59400,38.529998779296875,38.9900016784668,39.04999923706055,37.650001525878906,38.9900016784668
2015-01-30,61100,39.15999984741211,37.84000015258789,39.40999984741211,37.790000915527344,37.84000015258789
2015-01-29,49400,38.77000045776367,39.779998779296875,39.849998474121094,38.34000015258789,39.779998779296875
2015-01-28,44700,41.20000076293945,38.849998474121094,41.20000076293945,38.70000076293945,38.849998474121094
2015-01-27,38200,40.849998474121094,40.61000061035156,41.45000076293945,40.5099983215332,40.61000061035156
2015-01-26,24500,40.93000030517578,41.61000061035156,41.63999938964844,40.560001373291016,41.61000061035156
2015-01-23,50700,41.380001068115234,40.779998779296875,41.79999923706055,40.779998779296875,40.779998779296875
2015-01-22,64600,40.849998474121094,41.45000076293945,41.54999923706055,39.849998474121094,41.45000076293945
2015-01-21,25600,38.720001220703125,39.97999954223633,39.97999954223633,38.599998474121094,39.97999954223633
2015-01-20,57300,39.54999923706055,39.22999954223633,39.65999984741211,38.470001220703125,39.22999954223633
2015-01-16,122400,38.7400016784668,39.290000915527344,39.47999954223633,38.36000061035156,39.290000915527344
2015-01-15,56400,39.720001220703125,39.09000015258789,40.2400016784668,39.0,39.09000015258789
2015-01-14,60300,39.189998626708984,39.560001373291016,39.720001220703125,38.81999969482422,39.560001373291016
2015-01-13,50200,40.959999084472656,39.70000076293945,41.119998931884766,39.29999923706055,39.70000076293945
2015-01-12,60600,40.95000076293945,40.11000061035156,40.970001220703125,39.75,40.11000061035156
2015-01-09,109100,42.560001373291016,41.040000915527344,42.66999816894531,41.0,41.040000915527344
2015-01-08,103000,41.4900016784668,42.41999816894531,42.5099983215332,41.4900016784668,42.41999816894531
2015-01-07,49400,40.380001068115234,40.720001220703125,40.79999923706055,40.0,40.720001220703125
2015-01-06,82200,40.119998931884766,39.70000076293945,40.52000045776367,38.91999816894531,39.70000076293945
2015-01-05,128500,41.33000183105469,40.0,41.470001220703125,39.689998626708984,40.0
2015-01-02,78600,42.560001373291016,41.9900016784668,42.650001525878906,40.75,41.9900016784668
2014-12-31,284500,43.380001068115234,41.77000045776367,43.439998626708984,41.290000915527344,41.77000045776367
2014-12-30,56200,43.380001068115234,43.290000915527344,43.619998931884766,42.869998931884766,43.290000915527344
2014-12-29,60100,43.58000183105469,43.779998779296875,44.06999969482422,43.54999923706055,43.779998779296875
2014-12-26,89400,43.83000183105469,43.47999954223633,44.11000061035156,43.349998474121094,43.47999954223633
2014-12-24,10900,43.93000030517578,43.869998931884766,43.97999954223633,43.75,43.869998931884766
2014-12-23,49500,44.5099983215332,43.619998931884766,44.5099983215332,43.349998474121094,43.619998931884766
2014-12-22,59500,43.63999938964844,44.310001373291016,44.36000061035156,43.63999938964844,44.310001373291016
2014-12-19,61500,43.25,43.029998779296875,43.599998474121094,42.86000061035156,43.029998779296875
2014-12-18,161500,43.06999969482422,42.86000061035156,43.099998474121094,41.880001068115234,42.86000061035156
2014-12-17,91600,39.33000183105469,41.91999816894531,42.08000183105469,39.119998931884766,41.91999816894531
2014-12-16,116100,39.66999816894531,39.619998931884766,41.5,39.560001373291016,39.619998931884766
2014-12-15,379400,40.540000915527344,40.209999084472656,41.16999816894531,39.720001220703125,40.209999084472656
2014-12-12,260800,39.88999938964844,39.79999923706055,40.869998931884766,39.650001525878906,39.79999923706055
2014-12-11,160800,42.58000183105469,41.04999923706055,43.63999938964844,40.869998931884766,41.04999923706055
2014-12-10,59100,44.099998474121094,42.720001220703125,44.099998474121094,42.61000061035156,42.720001220703125
2014-12-09,91700,43.279998779296875,44.459999084472656,44.689998626708984,43.25,44.459999084472656
2014-12-08,133600,45.0,44.54999923706055,45.52000045776367,44.15999984741211,44.54999923706055
2014-12-05,63000,45.33000183105469,45.150001525878906,45.81999969482422,45.08000183105469,45.150001525878906
2014-12-04,25900,45.0,44.790000915527344,45.400001525878906,44.470001220703125,44.790000915527344
2014-12-03,37900,45.06999969482422,45.470001220703125,45.58000183105469,45.040000915527344,45.470001220703125
2014-12-02,42700,43.720001220703125,44.650001525878906,44.720001220703125,43.720001220703125,44.650001525878906
2014-12-01,114800,44.220001220703125,43.810001373291016,44.400001525878906,43.65999984741211,43.810001373291016
2014-11-28,72400,44.7599983215332,45.13999938964844,45.36000061035156,44.529998779296875,45.13999938964844
2014-11-26,34900,44.459999084472656,44.72999954223633,44.79999923706055,44.439998626708984,44.72999954223633
2014-11-25,54300,44.810001373291016,44.27000045776367,45.0,44.27000045776367,44.27000045776367
2014-11-24,24500,45.11000061035156,44.97999954223633,45.13999938964844,44.61000061035156,44.97999954223633
2014-11-21,50500,45.369998931884766,44.47999954223633,45.369998931884766,44.47999954223633,44.47999954223633
2014-11-20,30000,43.88999938964844,44.380001068115234,44.7400016784668,43.88999938964844,44.380001068115234
2014-11-19,53300,45.09000015258789,44.79999923706055,45.099998474121094,44.5,44.79999923706055
2014-11-18,25600,45.310001373291016,45.150001525878906,45.689998626708984,45.150001525878906,45.150001525878906
2014-11-17,71600,44.95000076293945,44.939998626708984,45.349998474121094,44.7400016784668,44.939998626708984
2014-11-14,53200,44.70000076293945,45.209999084472656,45.27000045776367,44.41999816894531,45.209999084472656
2014-11-13,83400,45.25,44.7400016784668,45.59000015258789,43.7599983215332,44.7400016784668
2014-11-12,358400,45.29999923706055,45.439998626708984,45.619998931884766,45.099998474121094,45.439998626708984
2014-11-11,56600,45.779998779296875,45.79999923706055,45.79999923706055,45.06999969482422,45.79999923706055
2014-11-10,89200,44.68000030517578,45.4900016784668,45.52000045776367,44.5,45.4900016784668
2014-11-07,122100,44.11000061035156,44.65999984741211,44.65999984741211,43.959999084472656,44.65999984741211
2014-11-06,67700,43.619998931884766,44.18000030517578,44.29999923706055,43.15999984741211,44.18000030517578
2014-11-05,48900,43.81999969482422,43.29999923706055,43.81999969482422,43.029998779296875,43.29999923706055
2014-11-04,58700,43.16999816894531,43.20000076293945,43.40999984741211,42.25,43.20000076293945
2014-11-03,163700,43.93000030517578,43.11000061035156,43.93000030517578,42.84000015258789,43.11000061035156
2014-10-31,131700,44.33000183105469,43.79999923706055,44.33000183105469,43.40999984741211,43.79999923706055
2014-10-30,84100,43.66999816894531,43.209999084472656,44.31999969482422,43.15999984741211,43.209999084472656
2014-10-29,126200,44.0,44.040000915527344,44.20000076293945,43.0099983215332,44.040000915527344
2014-10-28,102000,42.90999984741211,44.20000076293945,44.22999954223633,42.84000015258789,44.20000076293945
2014-10-27,53200,41.5099983215332,42.58000183105469,42.65999984741211,40.9900016784668,42.58000183105469
2014-10-24,90600,41.72999954223633,42.09000015258789,42.09000015258789,40.5,42.09000015258789
2014-10-23,125100,41.459999084472656,41.40999984741211,42.02000045776367,41.06999969482422,41.40999984741211
2014-10-22,115400,41.880001068115234,40.33000183105469,42.0,40.13999938964844,40.33000183105469
2014-10-21,191300,40.90999984741211,41.630001068115234,41.7400016784668,40.75,41.630001068115234
2014-10-20,250400,39.349998474121094,40.25,40.31999969482422,39.15999984741211,40.25
2014-10-17,203000,40.15999984741211,39.540000915527344,40.43000030517578,39.099998474121094,39.540000915527344
2014-10-16,272700,36.630001068115234,38.18000030517578,38.7400016784668,36.54999923706055,38.18000030517578
2014-10-15,291600,38.15999984741211,38.779998779296875,39.150001525878906,36.709999084472656,38.779998779296875
2014-10-14,150100,39.560001373291016,39.09000015258789,40.38999938964844,38.56999969482422,39.09000015258789
2014-10-13,259200,41.220001220703125,38.91999816894531,41.61000061035156,38.75,38.91999816894531
2014-10-10,448200,43.099998474121094,41.150001525878906,43.470001220703125,41.09000015258789,41.150001525878906
2014-10-09,81700,44.7599983215332,43.15999984741211,44.88999938964844,42.900001525878906,43.15999984741211
2014-10-08,273300,42.779998779296875,45.0,45.060001373291016,42.68000030517578,45.0
2014-10-07,100600,44.040000915527344,42.970001220703125,44.130001068115234,42.779998779296875,42.970001220703125
2014-10-06,98500,45.630001068115234,44.38999938964844,45.72999954223633,44.34000015258789,44.38999938964844
2014-10-03,139000,44.119998931884766,44.93000030517578,45.16999816894531,44.0099983215332,44.93000030517578
2014-10-02,219000,43.029998779296875,43.5,43.95000076293945,42.75,43.5
2014-10-01,318900,44.0,42.72999954223633,44.099998474121094,42.61000061035156,42.72999954223633
2014-09-30,192600,44.540000915527344,43.970001220703125,44.810001373291016,43.84000015258789,43.970001220703125
2014-09-29,66900,44.310001373291016,44.43000030517578,45.27000045776367,44.119998931884766,44.43000030517578
2014-09-26,131700,45.16999816894531,45.66999816894531,45.939998626708984,44.959999084472656,45.66999816894531
2014-09-25,117500,46.189998626708984,45.09000015258789,46.189998626708984,44.689998626708984,45.09000015258789
2014-09-24,45500,45.86000061035156,46.33000183105469,46.45000076293945,45.790000915527344,46.33000183105469
2014-09-23,98100,46.439998626708984,45.849998474121094,46.61000061035156,45.849998474121094,45.849998474121094
2014-09-22,55100,47.25,46.709999084472656,47.279998779296875,46.54999923706055,46.709999084472656
2014-09-19,50800,47.5,47.47999954223633,47.70000076293945,47.09000015258789,47.47999954223633
2014-09-18,78300,47.52000045776367,47.349998474121094,47.61000061035156,47.279998779296875,47.349998474121094
2014-09-17,175000,47.2599983215332,47.36000061035156,47.849998474121094,46.9900016784668,47.36000061035156
2014-09-16,72200,46.0,47.20000076293945,47.369998931884766,46.0,47.20000076293945
2014-09-15,42100,46.959999084472656,46.380001068115234,47.0,46.209999084472656,46.380001068115234
2014-09-12,112700,47.13999938964844,47.0,47.369998931884766,46.630001068115234,47.0
2014-09-11,30800,47.119998931884766,47.41999816894531,47.470001220703125,46.779998779296875,47.41999816894531
2014-09-10,50400,47.22999954223633,47.58000183105469,47.7599983215332,46.88999938964844,47.58000183105469
2014-09-09,35200,47.7599983215332,47.400001525878906,47.7599983215332,47.119998931884766,47.400001525878906
2014-09-08,57500,47.58000183105469,47.83000183105469,47.83000183105469,47.27000045776367,47.83000183105469
2014-09-05,43000,46.9900016784668,47.68000030517578,47.869998931884766,46.77000045776367,47.68000030517578
2014-09-04,73000,47.25,47.130001068115234,47.650001525878906,46.79999923706055,47.130001068115234
2014-09-03,38300,47.099998474121094,46.79999923706055,47.2400016784668,46.709999084472656,46.79999923706055
2014-09-02,112500,46.970001220703125,46.779998779296875,47.27000045776367,46.7400016784668,46.779998779296875
2014-08-29,45300,46.97999954223633,47.11000061035156,47.290000915527344,46.63999938964844,47.11000061035156
2014-08-28,56000,46.20000076293945,46.650001525878906,47.189998626708984,46.20000076293945,46.650001525878906
2014-08-27,51900,47.25,47.06999969482422,47.540000915527344,46.81999969482422,47.06999969482422
2014-08-26,75000,48.130001068115234,47.349998474121094,48.25,47.34000015258789,47.349998474121094
2014-08-25,84400,48.36000061035156,48.0099983215332,48.45000076293945,48.0,48.0099983215332
2014-08-22,73900,47.77000045776367,47.83000183105469,48.150001525878906,47.439998626708984,47.83000183105469
2014-08-21,75700,48.09000015258789,47.59000015258789,48.119998931884766,47.560001373291016,47.59000015258789
2014-08-20,122800,48.040000915527344,48.369998931884766,48.540000915527344,47.58000183105469,48.369998931884766
2014-08-19,114500,48.2599983215332,48.33000183105469,48.36000061035156,48.04999923706055,48.33000183105469
2014-08-18,135600,47.63999938964844,47.91999816894531,48.029998779296875,47.54999923706055,47.91999816894531
2014-08-15,162000,46.97999954223633,46.77000045776367,47.040000915527344,45.279998779296875,46.77000045776367
2014-08-14,75100,45.869998931884766,46.400001525878906,46.619998931884766,45.869998931884766,46.400001525878906
2014-08-13,51600,44.88999938964844,45.630001068115234,45.79999923706055,44.65999984741211,45.630001068115234
2014-08-12,54900,44.400001525878906,44.22999954223633,44.9900016784668,44.16999816894531,44.22999954223633
2014-08-11,89900,43.810001373291016,44.31999969482422,44.75,43.70000076293945,44.31999969482422
2014-08-08,80800,42.68000030517578,43.38999938964844,43.52000045776367,42.25,43.38999938964844
2014-08-07,125100,44.0,42.5,44.040000915527344,42.25,42.5
2014-08-06,103100,43.310001373291016,43.33000183105469,44.5,43.22999954223633,43.33000183105469
2014-08-05,132100,45.2400016784668,43.65999984741211,45.40999984741211,43.619998931884766,43.65999984741211
2014-08-04,219100,44.959999084472656,45.459999084472656,45.939998626708984,44.369998931884766,45.459999084472656
2014-08-01,191800,46.06999969482422,44.619998931884766,46.900001525878906,44.54999923706055,44.619998931884766
2014-07-31,220900,46.900001525878906,45.970001220703125,47.09000015258789,45.70000076293945,45.970001220703125
2014-07-30,61100,48.52000045776367,47.7400016784668,48.52000045776367,47.61000061035156,47.7400016784668
2014-07-29,53000,48.0,48.08000183105469,48.220001220703125,47.599998474121094,48.08000183105469
2014-07-28,38600,47.540000915527344,47.66999816894531,47.7400016784668,47.33000183105469,47.66999816894531
2014-07-25,48400,47.709999084472656,47.529998779296875,47.790000915527344,47.220001220703125,47.529998779296875
2014-07-24,78700,48.18000030517578,47.86000061035156,48.31999969482422,47.709999084472656,47.86000061035156
2014-07-23,34600,48.619998931884766,47.88999938964844,48.65999984741211,47.88999938964844,47.88999938964844
2014-07-22,47500,48.41999816894531,48.349998474121094,49.06999969482422,48.349998474121094,48.349998474121094
2014-07-21,80000,48.43000030517578,48.27000045776367,48.66999816894531,48.029998779296875,48.27000045776367
2014-07-18,251500,47.9900016784668,48.47999954223633,48.81999969482422,47.95000076293945,48.47999954223633
2014-07-17,201700,48.22999954223633,47.0,48.689998626708984,46.16999816894531,47.0
2014-07-16,84800,49.0,48.65999984741211,49.20000076293945,48.27000045776367,48.65999984741211
2014-07-15,70200,48.79999923706055,48.599998474121094,48.869998931884766,48.2400016784668,48.599998474121094
2014-07-14,104900,48.400001525878906,48.529998779296875,48.7400016784668,48.20000076293945,48.529998779296875
2014-07-11,81400,47.38999938964844,48.0,48.0,47.34000015258789,48.0
2014-07-10,101800,46.810001373291016,47.540000915527344,47.72999954223633,46.810001373291016,47.540000915527344
2014-07-09,56100,47.439998626708984,47.939998626708984,48.02000045776367,47.25,47.939998626708984
2014-07-08,73600,47.400001525878906,47.209999084472656,47.400001525878906,46.40999984741211,47.209999084472656
2014-07-07,99800,48.20000076293945,47.380001068115234,48.20000076293945,47.349998474121094,47.380001068115234
2014-07-03,51100,48.25,48.22999954223633,48.25,48.099998474121094,48.22999954223633
2014-07-02,145600,47.279998779296875,47.65999984741211,47.70000076293945,47.220001220703125,47.65999984741211
2014-07-01,144500,46.88999938964844,47.15999984741211,47.36000061035156,46.72999954223633,47.15999984741211
2014-06-30,60300,46.290000915527344,46.5099983215332,46.619998931884766,46.150001525878906,46.5099983215332
2014-06-27,31300,45.959999084472656,46.0099983215332,46.09000015258789,45.77000045776367,46.0099983215332
2014-06-26,31900,45.939998626708984,46.04999923706055,46.09000015258789,45.29999923706055,46.04999923706055
2014-06-25,32800,44.939998626708984,45.849998474121094,45.91999816894531,44.869998931884766,45.849998474121094
2014-06-24,28000,45.279998779296875,45.04999923706055,45.560001373291016,44.849998474121094,45.04999923706055
2014-06-23,47700,45.02000045776367,45.33000183105469,45.4900016784668,44.95000076293945,45.33000183105469
2014-06-20,25100,45.630001068115234,45.0099983215332,45.630001068115234,44.9900016784668,45.0099983215332
2014-06-19,58200,45.63999938964844,45.20000076293945,45.70000076293945,45.150001525878906,45.20000076293945
2014-06-18,160200,44.439998626708984,45.63999938964844,45.63999938964844,44.400001525878906,45.63999938964844
2014-06-17,51500,43.95000076293945,44.290000915527344,44.40999984741211,43.91999816894531,44.290000915527344
2014-06-16,49400,43.84000015258789,43.95000076293945,43.97999954223633,43.61000061035156,43.95000076293945
2014-06-13,56600,43.45000076293945,43.91999816894531,44.15999984741211,43.119998931884766,43.91999816894531
2014-06-12,94600,44.29999923706055,43.29999923706055,44.349998474121094,42.84000015258789,43.29999923706055
2014-06-11,90700,44.290000915527344,44.189998626708984,44.33000183105469,44.0099983215332,44.189998626708984
2014-06-10,43400,44.38999938964844,44.65999984741211,44.65999984741211,44.11000061035156,44.65999984741211
2014-06-09,63600,44.810001373291016,44.45000076293945,45.130001068115234,44.45000076293945,44.45000076293945
2014-06-06,138800,43.95000076293945,44.77000045776367,45.119998931884766,43.939998626708984,44.77000045776367
2014-06-05,33200,43.060001373291016,43.529998779296875,43.529998779296875,42.84000015258789,43.529998779296875
2014-06-04,67200,42.279998779296875,42.810001373291016,42.849998474121094,42.06999969482422,42.810001373291016
2014-06-03,104500,42.0,42.619998931884766,42.619998931884766,41.79999923706055,42.619998931884766
2014-06-02,168000,42.119998931884766,42.18000030517578,42.2400016784668,41.88999938964844,42.18000030517578
2014-05-30,53400,42.34000015258789,42.22999954223633,42.400001525878906,41.97999954223633,42.22999954223633
2014-05-29,26200,42.560001373291016,42.459999084472656,42.689998626708984,42.34000015258789,42.459999084472656
2014-05-28,40700,42.900001525878906,42.560001373291016,42.900001525878906,42.5099983215332,42.560001373291016
2014-05-27,113600,42.77000045776367,42.619998931884766,42.83000183105469,42.540000915527344,42.619998931884766
2014-05-23,35000,42.20000076293945,42.27000045776367,42.459999084472656,42.20000076293945,42.27000045776367
2014-05-22,60500,42.779998779296875,42.31999969482422,42.81999969482422,42.290000915527344,42.31999969482422
2014-05-21,51100,42.66999816894531,42.83000183105469,42.84000015258789,42.47999954223633,42.83000183105469
2014-05-20,47800,42.45000076293945,42.540000915527344,42.599998474121094,41.9900016784668,42.540000915527344
2014-05-19,70500,41.939998626708984,42.459999084472656,42.47999954223633,41.939998626708984,42.459999084472656
2014-05-16,79500,41.619998931884766,42.060001373291016,42.060001373291016,41.459999084472656,42.060001373291016
2014-05-15,53500,41.630001068115234,41.630001068115234,41.65999984741211,41.16999816894531,41.630001068115234
2014-05-14,61700,41.75,41.68000030517578,41.91999816894531,41.61000061035156,41.68000030517578
2014-05-13,62300,42.0,41.91999816894531,42.11000061035156,41.84000015258789,41.91999816894531
2014-05-12,46300,41.790000915527344,41.939998626708984,42.11000061035156,41.689998626708984,41.939998626708984
2014-05-09,20800,41.0099983215332,41.4900016784668,41.540000915527344,40.810001373291016,41.4900016784668
2014-05-08,50900,41.060001373291016,41.04999923706055,41.459999084472656,40.869998931884766,41.04999923706055
2014-05-07,27100,40.369998931884766,40.970001220703125,40.970001220703125,40.369998931884766,40.970001220703125
2014-05-06,35600,40.63999938964844,40.529998779296875,40.81999969482422,40.459999084472656,40.529998779296875
2014-05-05,83700,40.220001220703125,40.66999816894531,40.66999816894531,40.060001373291016,40.66999816894531
2014-05-02,62300,40.77000045776367,40.400001525878906,40.77000045776367,40.290000915527344,40.400001525878906
2014-05-01,116100,40.599998474121094,40.66999816894531,40.7400016784668,40.38999938964844,40.66999816894531
2014-04-30,66600,40.58000183105469,40.560001373291016,40.79999923706055,40.40999984741211,40.560001373291016
2014-04-29,49800,40.45000076293945,40.630001068115234,40.630001068115234,40.279998779296875,40.630001068115234
2014-04-28,82600,40.029998779296875,40.27000045776367,40.27000045776367,39.7400016784668,40.27000045776367
2014-04-25,37400,39.540000915527344,39.790000915527344,39.790000915527344,39.439998626708984,39.790000915527344
2014-04-24,128400,40.04999923706055,39.84000015258789,40.04999923706055,39.61000061035156,39.84000015258789
2014-04-23,22400,39.83000183105469,39.95000076293945,40.0,39.7599983215332,39.95000076293945
2014-04-22,56200,40.13999938964844,40.040000915527344,40.150001525878906,39.900001525878906,40.040000915527344
2014-04-21,29200,39.97999954223633,40.119998931884766,40.18000030517578,39.83000183105469,40.119998931884766
2014-04-17,88100,39.70000076293945,40.0,40.150001525878906,39.650001525878906,40.0
2014-04-16,86000,39.66999816894531,40.040000915527344,40.15999984741211,39.2599983215332,40.040000915527344
2014-04-15,51600,39.220001220703125,39.119998931884766,39.41999816894531,38.11000061035156,39.119998931884766
2014-04-14,83600,39.279998779296875,39.29999923706055,39.4900016784668,38.7400016784668,39.29999923706055
2014-04-11,167100,38.959999084472656,39.119998931884766,39.58000183105469,38.959999084472656,39.119998931884766
2014-04-10,80200,40.150001525878906,39.220001220703125,40.29999923706055,39.16999816894531,39.220001220703125
2014-04-09,43500,40.15999984741211,40.2400016784668,40.31999969482422,39.79999923706055,40.2400016784668
2014-04-08,35000,39.70000076293945,39.880001068115234,40.02000045776367,39.59000015258789,39.880001068115234
2014-04-07,79600,39.58000183105469,39.38999938964844,39.70000076293945,39.08000183105469,39.38999938964844
2014-04-04,50800,40.52000045776367,39.75,40.52000045776367,39.56999969482422,39.75
2014-04-03,46400,39.900001525878906,40.09000015258789,40.09000015258789,39.630001068115234,40.09000015258789
2014-04-02,59200,40.20000076293945,39.880001068115234,40.20000076293945,39.790000915527344,39.880001068115234
2014-04-01,197200,39.40999984741211,39.970001220703125,39.9900016784668,39.40999984741211,39.970001220703125
2014-03-31,73100,38.689998626708984,39.38999938964844,39.41999816894531,38.689998626708984,39.38999938964844
2014-03-28,77900,38.720001220703125,38.599998474121094,38.83000183105469,38.45000076293945,38.599998474121094
2014-03-27,60300,38.27000045776367,38.400001525878906,38.45000076293945,38.04999923706055,38.400001525878906
2014-03-26,58200,38.900001525878906,38.150001525878906,38.900001525878906,38.150001525878906,38.150001525878906
2014-03-25,34100,38.83000183105469,38.72999954223633,38.869998931884766,38.439998626708984,38.72999954223633
2014-03-24,29300,38.91999816894531,38.689998626708984,38.91999816894531,38.25,38.689998626708984
2014-03-21,50200,39.029998779296875,38.709999084472656,39.08000183105469,38.459999084472656,38.709999084472656
2014-03-20,22600,38.54999923706055,38.970001220703125,39.09000015258789,38.5,38.970001220703125
2014-03-19,81400,38.7599983215332,38.7400016784668,39.0099983215332,37.86000061035156,38.7400016784668
2014-03-18,138300,38.75,38.83000183105469,39.0,38.5099983215332,38.83000183105469
2014-03-17,95300,37.880001068115234,38.33000183105469,38.459999084472656,37.849998474121094,38.33000183105469
2014-03-14,112800,37.279998779296875,37.52000045776367,37.779998779296875,37.060001373291016,37.52000045776367
2014-03-13,108800,38.209999084472656,37.540000915527344,38.290000915527344,37.27000045776367,37.540000915527344
2014-03-12,46800,37.83000183105469,38.02000045776367,38.16999816894531,37.5099983215332,38.02000045776367
2014-03-11,60700,38.25,38.150001525878906,38.4900016784668,37.79999923706055,38.150001525878906
2014-03-10,48900,38.18000030517578,38.529998779296875,38.540000915527344,38.0,38.529998779296875
2014-03-07,105000,38.95000076293945,38.5099983215332,38.95000076293945,38.25,38.5099983215332
2014-03-06,198900,38.650001525878906,38.66999816894531,38.68000030517578,38.29999923706055,38.66999816894531
2014-03-05,59600,38.54999923706055,38.52000045776367,38.70000076293945,38.22999954223633,38.52000045776367
2014-03-04,232700,38.689998626708984,38.4900016784668,38.72999954223633,38.209999084472656,38.4900016784668
2014-03-03,398000,37.279998779296875,37.54999923706055,37.790000915527344,37.150001525878906,37.54999923706055
2014-02-28,149100,38.7400016784668,38.0099983215332,38.970001220703125,37.849998474121094,38.0099983215332
2014-02-27,89800,38.77000045776367,38.77000045776367,38.970001220703125,38.5,38.77000045776367
2014-02-26,111600,39.470001220703125,38.9900016784668,39.470001220703125,38.56999969482422,38.9900016784668
2014-02-25,153900,39.33000183105469,39.369998931884766,39.47999954223633,38.93000030517578,39.369998931884766
2014-02-24,53000,39.5,39.5,39.779998779296875,39.36000061035156,39.5
2014-02-21,56800,39.630001068115234,39.33000183105469,39.77000045776367,39.20000076293945,39.33000183105469
2014-02-20,99700,38.95000076293945,39.459999084472656,39.459999084472656,38.560001373291016,39.459999084472656
2014-02-19,164200,39.599998474121094,38.59000015258789,39.7400016784668,38.459999084472656,38.59000015258789
2014-02-18,62800,39.52000045776367,39.900001525878906,39.900001525878906,39.04999923706055,39.900001525878906
2014-02-14,77400,38.97999954223633,39.349998474121094,39.52000045776367,38.97999954223633,39.349998474121094
2014-02-13,85000,38.310001373291016,39.0099983215332,39.36000061035156,38.209999084472656,39.0099983215332
2014-02-12,74600,38.900001525878906,38.75,39.02000045776367,38.18000030517578,38.75
2014-02-11,128400,38.27000045776367,38.599998474121094,38.77000045776367,38.040000915527344,38.599998474121094
2014-02-10,144200,37.869998931884766,37.77000045776367,38.310001373291016,37.52000045776367,37.77000045776367
2014-02-07,142000,37.060001373291016,37.5099983215332,37.970001220703125,36.900001525878906,37.5099983215332
2014-02-06,104100,34.81999969482422,36.15999984741211,36.25,34.81999969482422,36.15999984741211
2014-02-05,117100,35.47999954223633,35.09000015258789,35.61000061035156,34.72999954223633,35.09000015258789
2014-02-04,126600,36.02000045776367,35.779998779296875,36.20000076293945,35.45000076293945,35.779998779296875
2014-02-03,361000,37.060001373291016,35.880001068115234,37.310001373291016,35.630001068115234,35.880001068115234
2014-01-31,268900,36.86000061035156,36.779998779296875,37.7599983215332,36.68000030517578,36.779998779296875
2014-01-30,255000,38.47999954223633,38.369998931884766,38.779998779296875,37.75,38.369998931884766
2014-01-29,155100,38.08000183105469,37.7599983215332,38.79999923706055,37.7599983215332,37.7599983215332
2014-01-28,108500,38.06999969482422,38.83000183105469,39.20000076293945,38.060001373291016,38.83000183105469
2014-01-27,229600,37.93000030517578,38.08000183105469,38.70000076293945,37.0,38.08000183105469
2014-01-24,279300,38.790000915527344,38.0,39.04999923706055,37.630001068115234,38.0
2014-01-23,143800,39.209999084472656,39.43000030517578,39.47999954223633,39.0099983215332,39.43000030517578
2014-01-22,57500,39.22999954223633,39.68000030517578,39.75,39.060001373291016,39.68000030517578
2014-01-21,75500,38.93000030517578,39.029998779296875,39.029998779296875,38.45000076293945,39.029998779296875
2014-01-17,48800,38.95000076293945,38.72999954223633,39.029998779296875,38.61000061035156,38.72999954223633
2014-01-16,117700,38.959999084472656,38.97999954223633,39.279998779296875,38.790000915527344,38.97999954223633
2014-01-15,74300,39.40999984741211,39.029998779296875,39.40999984741211,38.79999923706055,39.029998779296875
2014-01-14,95500,38.970001220703125,39.33000183105469,39.400001525878906,38.93000030517578,39.33000183105469
2014-01-13,171300,39.70000076293945,38.619998931884766,39.70000076293945,38.29999923706055,38.619998931884766
2014-01-10,74600,39.58000183105469,39.630001068115234,39.7599983215332,39.2400016784668,39.630001068115234
2014-01-09,61600,39.84000015258789,39.2599983215332,39.84000015258789,39.20000076293945,39.2599983215332
2014-01-08,61100,39.47999954223633,39.61000061035156,39.72999954223633,39.33000183105469,39.61000061035156
2014-01-07,64000,39.220001220703125,39.52000045776367,39.52000045776367,38.97999954223633,39.52000045776367
2014-01-06,99400,39.18000030517578,38.86000061035156,39.36000061035156,38.630001068115234,38.86000061035156
2014-01-03,101700,38.130001068115234,38.310001373291016,39.18000030517578,37.959999084472656,38.310001373291016
2014-01-02,102200,38.70000076293945,38.33000183105469,38.7400016784668,38.2400016784668,38.33000183105469
2013-12-31,173200,38.29999923706055,38.70000076293945,38.779998779296875,38.29999923706055,38.70000076293945
2013-12-30,57500,38.56999969482422,38.25,38.849998474121094,38.15999984741211,38.25
2013-12-27,113200,38.689998626708984,38.68000030517578,38.81999969482422,38.4900016784668,38.68000030517578
2013-12-26,127200,38.88999938964844,38.56999969482422,39.060001373291016,38.36000061035156,38.56999969482422
2013-12-24,49000,38.22999954223633,38.45000076293945,38.4900016784668,38.060001373291016,38.45000076293945
2013-12-23,62600,37.459999084472656,37.779998779296875,37.779998779296875,37.279998779296875,37.779998779296875
2013-12-20,104200,37.2599983215332,37.20000076293945,37.310001373291016,36.939998626708984,37.20000076293945
2013-12-19,128500,37.560001373291016,37.0,37.650001525878906,36.93000030517578,37.0
2013-12-18,138100,36.439998626708984,37.709999084472656,37.709999084472656,36.41999816894531,37.709999084472656
2013-12-17,73400,35.849998474121094,36.22999954223633,36.43000030517578,35.79999923706055,36.22999954223633
2013-12-16,72200,36.47999954223633,36.16999816894531,36.47999954223633,36.11000061035156,36.16999816894531
2013-12-13,49300,36.29999923706055,36.099998474121094,36.38999938964844,36.029998779296875,36.099998474121094
2013-12-12,113500,36.20000076293945,36.130001068115234,36.66999816894531,35.95000076293945,36.130001068115234
2013-12-11,182300,37.20000076293945,36.189998626708984,37.29999923706055,36.11000061035156,36.189998626708984
2013-12-10,107400,37.099998474121094,37.0,37.20000076293945,36.900001525878906,37.0
2013-12-09,57300,37.349998474121094,37.20000076293945,37.349998474121094,36.9900016784668,37.20000076293945
2013-12-06,70100,36.619998931884766,36.86000061035156,36.900001525878906,36.560001373291016,36.86000061035156
2013-12-05,57400,36.27000045776367,36.189998626708984,36.41999816894531,35.900001525878906,36.189998626708984
2013-12-04,86200,35.7400016784668,36.11000061035156,36.13999938964844,35.5,36.11000061035156
2013-12-03,138800,35.849998474121094,35.91999816894531,36.029998779296875,35.45000076293945,35.91999816894531
2013-12-02,218400,36.13999938964844,36.189998626708984,36.2599983215332,35.779998779296875,36.189998626708984
2013-11-29,51300,35.88999938964844,35.790000915527344,35.959999084472656,35.70000076293945,35.790000915527344
2013-11-27,36800,35.97999954223633,35.88999938964844,35.97999954223633,35.779998779296875,35.88999938964844
2013-11-26,54700,35.849998474121094,35.900001525878906,36.27000045776367,35.650001525878906,35.900001525878906
2013-11-25,50200,35.58000183105469,35.83000183105469,35.90999984741211,35.439998626708984,35.83000183105469
2013-11-22,47500,35.18000030517578,35.720001220703125,35.720001220703125,35.099998474121094,35.720001220703125
2013-11-21,42400,34.459999084472656,35.130001068115234,35.15999984741211,34.45000076293945,35.130001068115234
2013-11-20,54900,33.900001525878906,34.349998474121094,34.58000183105469,33.7400016784668,34.349998474121094
2013-11-19,90800,34.13999938964844,34.02000045776367,34.16999816894531,33.75,34.02000045776367
2013-11-18,45300,34.04999923706055,33.9900016784668,34.20000076293945,33.84000015258789,33.9900016784668
2013-11-15,37500,33.93000030517578,33.869998931884766,33.9900016784668,33.77000045776367,33.869998931884766
2013-11-14,40900,33.88999938964844,33.959999084472656,34.0,33.79999923706055,33.959999084472656
2013-11-13,44700,33.86000061035156,33.97999954223633,34.060001373291016,33.7400016784668,33.97999954223633
2013-11-12,41900,34.16999816894531,34.029998779296875,34.369998931884766,34.0,34.029998779296875
2013-11-11,39000,34.45000076293945,34.31999969482422,34.54999923706055,34.18000030517578,34.31999969482422
2013-11-08,44000,34.119998931884766,34.619998931884766,34.630001068115234,34.09000015258789,34.619998931884766
2013-11-07,66100,34.40999984741211,33.75,34.880001068115234,33.75,33.75
2013-11-06,54500,34.310001373291016,34.459999084472656,34.54999923706055,34.25,34.459999084472656
2013-11-05,37400,34.20000076293945,34.15999984741211,34.33000183105469,34.060001373291016,34.15999984741211
2013-11-04,75000,33.970001220703125,34.25,34.2599983215332,33.83000183105469,34.25
2013-11-01,120300,34.02000045776367,33.77000045776367,34.150001525878906,33.689998626708984,33.77000045776367
2013-10-31,70100,34.029998779296875,34.09000015258789,34.34000015258789,33.97999954223633,34.09000015258789
2013-10-30,94100,34.09000015258789,33.900001525878906,34.34000015258789,33.709999084472656,33.900001525878906
2013-10-29,57100,34.09000015258789,34.119998931884766,34.18000030517578,33.95000076293945,34.119998931884766
2013-10-28,59600,34.119998931884766,34.130001068115234,34.25,34.0,34.130001068115234
2013-10-25,39900,34.54999923706055,34.40999984741211,34.54999923706055,34.22999954223633,34.40999984741211
2013-10-24,64000,34.400001525878906,34.54999923706055,34.630001068115234,34.349998474121094,34.54999923706055
2013-10-23,72100,34.400001525878906,34.13999938964844,34.560001373291016,33.95000076293945,34.13999938964844
2013-10-22,110200,35.34000015258789,34.7599983215332,35.45000076293945,34.75,34.7599983215332
2013-10-21,96700,35.400001525878906,34.79999923706055,35.459999084472656,34.7400016784668,34.79999923706055
2013-10-18,213500,34.95000076293945,34.63999938964844,35.27000045776367,34.2599983215332,34.63999938964844
2013-10-17,155200,33.400001525878906,34.47999954223633,34.47999954223633,33.38999938964844,34.47999954223633
2013-10-16,156400,33.130001068115234,33.790000915527344,34.040000915527344,33.06999969482422,33.790000915527344
2013-10-15,62800,33.08000183105469,32.66999816894531,33.400001525878906,32.41999816894531,32.66999816894531
2013-10-14,158000,32.43000030517578,33.2599983215332,33.43000030517578,32.27000045776367,33.2599983215332
2013-10-11,303500,32.56999969482422,33.18000030517578,33.619998931884766,32.56999969482422,33.18000030517578
2013-10-10,133300,31.770000457763672,32.529998779296875,32.65999984741211,31.700000762939453,32.529998779296875
2013-10-09,107300,30.719999313354492,31.209999084472656,31.489999771118164,30.450000762939453,31.209999084472656
2013-10-08,130300,31.709999084472656,30.90999984741211,31.790000915527344,30.850000381469727,30.90999984741211
2013-10-07,87300,32.18000030517578,31.790000915527344,32.41999816894531,31.68000030517578,31.790000915527344
2013-10-04,88300,32.41999816894531,32.84000015258789,32.880001068115234,32.119998931884766,32.84000015258789
2013-10-03,85700,32.83000183105469,32.86000061035156,32.95000076293945,32.099998474121094,32.86000061035156
2013-10-02,66400,33.029998779296875,33.06999969482422,33.2400016784668,32.79999923706055,33.06999969482422
2013-10-01,72200,32.95000076293945,33.470001220703125,33.529998779296875,32.83000183105469,33.470001220703125
2013-09-30,96000,32.650001525878906,32.9900016784668,33.209999084472656,32.47999954223633,32.9900016784668
2013-09-27,83300,33.599998474121094,33.41999816894531,33.650001525878906,33.18000030517578,33.41999816894531
2013-09-26,44400,33.630001068115234,33.779998779296875,33.84000015258789,33.45000076293945,33.779998779296875
2013-09-25,54000,33.36000061035156,33.400001525878906,33.540000915527344,33.06999969482422,33.400001525878906
2013-09-24,29000,33.349998474121094,33.34000015258789,33.70000076293945,33.220001220703125,33.34000015258789
2013-09-23,83900,33.619998931884766,33.2599983215332,33.70000076293945,32.9900016784668,33.2599983215332
2013-09-20,106800,34.119998931884766,33.38999938964844,34.209999084472656,33.38999938964844,33.38999938964844
2013-09-19,86700,34.560001373291016,34.11000061035156,34.70000076293945,33.97999954223633,34.11000061035156
2013-09-18,97000,33.810001373291016,34.38999938964844,34.59000015258789,33.5,34.38999938964844
2013-09-17,71300,33.70000076293945,33.86000061035156,33.959999084472656,33.70000076293945,33.86000061035156
2013-09-16,46500,33.5,33.52000045776367,33.93000030517578,33.349998474121094,33.52000045776367
2013-09-13,74100,33.40999984741211,33.099998474121094,33.52000045776367,33.040000915527344,33.099998474121094
2013-09-12,54600,33.36000061035156,32.79999923706055,33.560001373291016,32.79999923706055,32.79999923706055
2013-09-11,66900,32.790000915527344,33.220001220703125,33.349998474121094,32.70000076293945,33.220001220703125
2013-09-10,50800,32.540000915527344,32.68000030517578,32.709999084472656,32.470001220703125,32.68000030517578
2013-09-09,47000,31.329999923706055,32.11000061035156,32.130001068115234,31.290000915527344,32.11000061035156
2013-09-06,41300,31.6299991607666,31.329999923706055,31.809999465942383,30.6200008392334,31.329999923706055
2013-09-05,24100,31.31999969482422,31.43000030517578,31.489999771118164,31.290000915527344,31.43000030517578
2013-09-04,32300,31.06999969482422,31.299999237060547,31.440000534057617,31.040000915527344,31.299999237060547
2013-09-03,66200,31.15999984741211,31.09000015258789,31.3799991607666,30.8799991607666,31.09000015258789
2013-08-30,91400,30.709999084472656,30.579999923706055,30.81999969482422,30.1299991607666,30.579999923706055
2013-08-29,41800,30.790000915527344,30.709999084472656,31.350000381469727,30.600000381469727,30.709999084472656
2013-08-28,86700,30.889999389648438,31.260000228881836,31.59000015258789,30.6200008392334,31.260000228881836
2013-08-27,115100,31.84000015258789,31.040000915527344,32.25,30.959999084472656,31.040000915527344
2013-08-26,74200,33.400001525878906,32.29999923706055,33.709999084472656,32.29999923706055,32.29999923706055
2013-08-23,39800,33.18000030517578,33.150001525878906,33.2599983215332,32.95000076293945,33.150001525878906
2013-08-22,66300,32.459999084472656,33.040000915527344,33.119998931884766,32.459999084472656,33.040000915527344
2013-08-21,175500,31.770000457763672,32.40999984741211,32.959999084472656,31.639999389648438,32.40999984741211
2013-08-20,115300,31.719999313354492,32.27000045776367,32.810001373291016,31.56999969482422,32.27000045776367
2013-08-19,59300,32.15999984741211,31.709999084472656,32.209999084472656,31.690000534057617,31.709999084472656
2013-08-16,80500,31.84000015258789,32.220001220703125,32.68000030517578,31.84000015258789,32.220001220703125
2013-08-15,94000,31.979999542236328,31.760000228881836,32.400001525878906,31.6299991607666,31.760000228881836
2013-08-14,35600,33.060001373291016,32.720001220703125,33.16999816894531,32.689998626708984,32.720001220703125
2013-08-13,37400,33.400001525878906,32.93000030517578,33.41999816894531,32.93000030517578,32.93000030517578
2013-08-12,50600,32.849998474121094,33.36000061035156,33.5,32.849998474121094,33.36000061035156
2013-08-09,45500,33.599998474121094,33.310001373291016,33.709999084472656,33.2400016784668,33.310001373291016
2013-08-08,47300,33.88999938964844,33.619998931884766,33.900001525878906,33.31999969482422,33.619998931884766
2013-08-07,83700,33.189998626708984,33.34000015258789,33.41999816894531,32.849998474121094,33.34000015258789
2013-08-06,73400,34.119998931884766,33.40999984741211,34.15999984741211,33.290000915527344,33.40999984741211
2013-08-05,52300,34.06999969482422,34.0099983215332,34.130001068115234,33.77000045776367,34.0099983215332
2013-08-02,45700,33.279998779296875,33.619998931884766,33.619998931884766,33.279998779296875,33.619998931884766
2013-08-01,54600,33.15999984741211,33.40999984741211,33.41999816894531,33.13999938964844,33.40999984741211
2013-07-31,73500,32.279998779296875,32.599998474121094,32.880001068115234,32.119998931884766,32.599998474121094
2013-07-30,60000,31.959999084472656,32.189998626708984,32.2400016784668,31.75,32.189998626708984
2013-07-29,46500,31.5,31.780000686645508,31.84000015258789,31.489999771118164,31.780000686645508
2013-07-26,42500,31.579999923706055,31.790000915527344,31.899999618530273,31.200000762939453,31.790000915527344
2013-07-25,70200,30.969999313354492,31.690000534057617,31.700000762939453,30.969999313354492,31.690000534057617
2013-07-24,49200,31.440000534057617,31.25,31.450000762939453,31.040000915527344,31.25
2013-07-23,54500,31.270000457763672,31.420000076293945,31.5,30.989999771118164,31.420000076293945
2013-07-22,37800,30.739999771118164,31.190000534057617,31.209999084472656,30.670000076293945,31.190000534057617
2013-07-19,53100,30.59000015258789,30.65999984741211,30.799999237060547,30.40999984741211,30.65999984741211
2013-07-18,67900,30.65999984741211,30.770000457763672,31.0,30.559999465942383,30.770000457763672
2013-07-17,97000,30.309999465942383,30.59000015258789,30.649999618530273,29.940000534057617,30.59000015258789
2013-07-16,95100,31.0,29.93000030517578,31.0,29.93000030517578,29.93000030517578
2013-07-15,31800,30.670000076293945,30.899999618530273,30.969999313354492,30.469999313354492,30.899999618530273
2013-07-12,42900,30.739999771118164,30.3799991607666,30.860000610351562,30.25,30.3799991607666
2013-07-11,36400,30.639999389648438,30.68000030517578,30.799999237060547,30.420000076293945,30.68000030517578
2013-07-10,41100,30.010000228881836,29.959999084472656,30.1299991607666,29.799999237060547,29.959999084472656
2013-07-09,87800,29.799999237060547,29.780000686645508,30.040000915527344,29.65999984741211,29.780000686645508
2013-07-08,50100,28.65999984741211,29.299999237060547,29.299999237060547,28.579999923706055,29.299999237060547
2013-07-05,28800,28.079999923706055,28.34000015258789,28.389999389648438,27.850000381469727,28.34000015258789
2013-07-03,11100,27.59000015258789,27.799999237060547,28.049999237060547,27.579999923706055,27.799999237060547
2013-07-02,29400,27.920000076293945,27.829999923706055,28.25,27.65999984741211,27.829999923706055
2013-07-01,22500,27.75,28.079999923706055,28.280000686645508,27.75,28.079999923706055
2013-06-28,53300,27.190000534057617,27.450000762939453,27.850000381469727,27.18000030517578,27.450000762939453
2013-06-27,21500,27.3799991607666,27.540000915527344,27.579999923706055,27.18000030517578,27.540000915527344
2013-06-26,31000,27.219999313354492,27.06999969482422,27.25,26.850000381469727,27.06999969482422
2013-06-25,59700,27.469999313354492,26.989999771118164,27.549999237060547,26.809999465942383,26.989999771118164
2013-06-24,125400,27.030000686645508,26.790000915527344,27.3700008392334,26.65999984741211,26.790000915527344
2013-06-21,167600,28.149999618530273,27.969999313354492,28.31999969482422,27.200000762939453,27.969999313354492
2013-06-20,181300,28.100000381469727,27.489999771118164,28.290000915527344,27.0,27.489999771118164
2013-06-19,174400,28.649999618530273,28.75,29.600000381469727,28.549999237060547,28.75
2013-06-18,45900,28.799999237060547,28.719999313354492,28.940000534057617,28.690000534057617,28.719999313354492
2013-06-17,38500,28.8799991607666,28.690000534057617,28.93000030517578,28.450000762939453,28.690000534057617
2013-06-14,112200,28.989999771118164,28.5,29.350000381469727,28.440000534057617,28.5
2013-06-13,115400,28.719999313354492,29.059999465942383,29.280000686645508,28.6299991607666,29.059999465942383
2013-06-12,163900,29.75,28.56999969482422,29.75,28.389999389648438,28.56999969482422
2013-06-11,80000,29.65999984741211,29.209999084472656,29.90999984741211,29.209999084472656,29.209999084472656
2013-06-10,49400,30.190000534057617,30.229999542236328,30.329999923706055,30.010000228881836,30.229999542236328
2013-06-07,53600,29.920000076293945,30.049999237060547,30.229999542236328,29.760000228881836,30.049999237060547
2013-06-06,109500,29.270000457763672,29.709999084472656,29.709999084472656,28.770000457763672,29.709999084472656
2013-06-05,221000,29.559999465942383,29.5,29.719999313354492,29.260000228881836,29.5
2013-06-04,61800,29.920000076293945,29.8799991607666,30.040000915527344,29.549999237060547,29.8799991607666
2013-06-03,198800,30.170000076293945,30.030000686645508,30.229999542236328,29.530000686645508,30.030000686645508
2013-05-31,67600,30.489999771118164,30.280000686645508,30.809999465942383,30.270000457763672,30.280000686645508
2013-05-30,49800,30.610000610351562,30.829999923706055,30.969999313354492,30.479999542236328,30.829999923706055
2013-05-29,137800,30.59000015258789,30.899999618530273,31.09000015258789,30.530000686645508,30.899999618530273
2013-05-28,93000,30.829999923706055,30.760000228881836,30.93000030517578,30.530000686645508,30.760000228881836
2013-05-24,151500,30.399999618530273,30.540000915527344,30.670000076293945,30.200000762939453,30.540000915527344
2013-05-23,251400,29.75,30.6200008392334,30.790000915527344,29.739999771118164,30.6200008392334
2013-05-22,119900,30.81999969482422,30.8799991607666,31.170000076293945,30.530000686645508,30.8799991607666
2013-05-21,142900,31.15999984741211,30.65999984741211,31.190000534057617,30.639999389648438,30.65999984741211
2013-05-20,62100,31.40999984741211,31.290000915527344,31.670000076293945,31.25,31.290000915527344
2013-05-17,84000,31.459999084472656,31.68000030517578,31.68000030517578,31.15999984741211,31.68000030517578
2013-05-16,47700,31.389999389648438,31.360000610351562,31.6299991607666,31.25,31.360000610351562
2013-05-15,55800,31.579999923706055,31.559999465942383,31.700000762939453,31.40999984741211,31.559999465942383
2013-05-14,75600,31.860000610351562,31.790000915527344,31.920000076293945,31.6299991607666,31.790000915527344
2013-05-13,71200,31.670000076293945,31.649999618530273,31.760000228881836,31.530000686645508,31.649999618530273
2013-05-10,81000,31.93000030517578,31.75,32.11000061035156,31.450000762939453,31.75
2013-05-09,101700,32.31999969482422,32.130001068115234,32.380001068115234,31.700000762939453,32.130001068115234
2013-05-08,48800,32.5,32.540000915527344,32.75,32.27000045776367,32.540000915527344
2013-05-07,41000,32.7599983215332,32.650001525878906,32.790000915527344,32.5099983215332,32.650001525878906
2013-05-06,83300,31.81999969482422,32.25,32.380001068115234,31.799999237060547,32.25
2013-05-03,122900,32.04999923706055,31.770000457763672,32.060001373291016,31.65999984741211,31.770000457763672
2013-05-02,100000,31.489999771118164,31.739999771118164,31.889999389648438,31.25,31.739999771118164
2013-05-01,180400,31.84000015258789,31.270000457763672,31.8700008392334,31.239999771118164,31.270000457763672
2013-04-30,109000,31.829999923706055,32.04999923706055,32.09000015258789,31.549999237060547,32.04999923706055
2013-04-29,97100,32.0,31.84000015258789,32.36000061035156,31.75,31.84000015258789
2013-04-26,106000,31.290000915527344,31.719999313354492,31.780000686645508,31.239999771118164,31.719999313354492
2013-04-25,93000,31.93000030517578,31.549999237060547,32.04999923706055,31.40999984741211,31.549999237060547
2013-04-24,153500,31.59000015258789,31.520000457763672,31.8700008392334,31.3799991607666,31.520000457763672
2013-04-23,157500,31.030000686645508,31.389999389648438,31.469999313354492,29.690000534057617,31.389999389648438
2013-04-22,85800,30.020000457763672,30.350000381469727,30.760000228881836,29.739999771118164,30.350000381469727
2013-04-19,172400,30.06999969482422,30.100000381469727,30.459999084472656,29.770000457763672,30.100000381469727
2013-04-18,207700,30.549999237060547,30.100000381469727,30.639999389648438,29.530000686645508,30.100000381469727
2013-04-17,231800,30.989999771118164,30.510000228881836,31.1200008392334,30.040000915527344,30.510000228881836
2013-04-16,117000,30.989999771118164,31.770000457763672,31.770000457763672,30.799999237060547,31.770000457763672
2013-04-15,344200,31.850000381469727,30.479999542236328,32.029998779296875,29.420000076293945,30.479999542236328
2013-04-12,107500,31.3799991607666,31.889999389648438,31.959999084472656,31.200000762939453,31.889999389648438
2013-04-11,83000,31.700000762939453,31.520000457763672,31.93000030517578,31.350000381469727,31.520000457763672
2013-04-10,85900,31.299999237060547,31.56999969482422,31.65999984741211,31.290000915527344,31.56999969482422
2013-04-09,117700,30.959999084472656,31.020000457763672,31.110000610351562,30.610000610351562,31.020000457763672
2013-04-08,100300,30.459999084472656,30.690000534057617,30.719999313354492,30.25,30.690000534057617
2013-04-05,147900,29.399999618530273,30.270000457763672,30.270000457763672,29.34000015258789,30.270000457763672
2013-04-04,74900,30.290000915527344,30.389999389648438,30.420000076293945,29.829999923706055,30.389999389648438
2013-04-03,67700,30.489999771118164,30.149999618530273,30.579999923706055,30.079999923706055,30.149999618530273
2013-04-02,61700,30.299999237060547,30.389999389648438,30.420000076293945,30.209999084472656,30.389999389648438
2013-04-01,71000,30.209999084472656,30.1299991607666,30.280000686645508,29.979999542236328,30.1299991607666
2013-03-28,153300,30.350000381469727,30.149999618530273,30.440000534057617,30.09000015258789,30.149999618530273
2013-03-27,70300,30.100000381469727,30.280000686645508,30.420000076293945,29.889999389648438,30.280000686645508
2013-03-26,166100,30.530000686645508,30.450000762939453,30.649999618530273,30.280000686645508,30.450000762939453
2013-03-25,241800,30.030000686645508,29.989999771118164,30.209999084472656,29.489999771118164,29.989999771118164
2013-03-22,58500,30.0,29.860000610351562,30.079999923706055,29.739999771118164,29.860000610351562
2013-03-21,141600,29.670000076293945,29.700000762939453,29.899999618530273,29.459999084472656,29.700000762939453
2013-03-20,63000,30.260000228881836,30.149999618530273,30.489999771118164,29.989999771118164,30.149999618530273
2013-03-19,130600,29.84000015258789,29.940000534057617,29.950000762939453,29.049999237060547,29.940000534057617
2013-03-18,80000,29.18000030517578,29.719999313354492,30.139999389648438,29.18000030517578,29.719999313354492
2013-03-15,69400,30.1299991607666,30.200000762939453,30.420000076293945,29.979999542236328,30.200000762939453
2013-03-14,86100,30.149999618530273,30.260000228881836,30.34000015258789,30.010000228881836,30.260000228881836
2013-03-13,44600,30.200000762939453,30.18000030517578,30.389999389648438,29.8799991607666,30.18000030517578
2013-03-12,66800,30.40999984741211,30.299999237060547,30.56999969482422,29.899999618530273,30.299999237060547
2013-03-11,97100,30.299999237060547,30.399999618530273,30.510000228881836,30.059999465942383,30.399999618530273
2013-03-08,133600,30.469999313354492,30.309999465942383,30.610000610351562,30.110000610351562,30.309999465942383
2013-03-07,73700,30.270000457763672,30.350000381469727,30.5,30.15999984741211,30.350000381469727
2013-03-06,76600,30.329999923706055,30.15999984741211,30.43000030517578,29.899999618530273,30.15999984741211
2013-03-05,112500,30.1200008392334,30.100000381469727,30.209999084472656,29.809999465942383,30.100000381469727
2013-03-04,109100,29.110000610351562,29.670000076293945,29.700000762939453,28.850000381469727,29.670000076293945
2013-03-01,156600,29.18000030517578,29.020000457763672,29.549999237060547,28.75,29.020000457763672
2013-02-28,147900,29.899999618530273,29.200000762939453,30.110000610351562,29.200000762939453,29.200000762939453
2013-02-27,109000,29.100000381469727,29.68000030517578,29.979999542236328,29.010000228881836,29.68000030517578
2013-02-26,181600,28.850000381469727,29.1299991607666,29.559999465942383,28.34000015258789,29.1299991607666
2013-02-25,154700,30.360000610351562,28.639999389648438,30.6200008392334,28.389999389648438,28.639999389648438
2013-02-22,54400,29.860000610351562,30.040000915527344,30.09000015258789,29.5,30.040000915527344
2013-02-21,149300,29.8700008392334,29.459999084472656,29.8700008392334,29.0,29.459999084472656
2013-02-20,153000,30.600000381469727,29.889999389648438,30.600000381469727,29.770000457763672,29.889999389648438
2013-02-19,45600,29.90999984741211,30.59000015258789,30.59000015258789,29.90999984741211,30.59000015258789
2013-02-15,79900,29.8799991607666,29.700000762939453,29.90999984741211,29.450000762939453,29.700000762939453
2013-02-14,43600,29.520000457763672,29.770000457763672,29.790000915527344,29.309999465942383,29.770000457763672
2013-02-13,71400,30.0,29.780000686645508,30.059999465942383,29.489999771118164,29.780000686645508
2013-02-12,45000,29.90999984741211,29.760000228881836,30.030000686645508,29.56999969482422,29.760000228881836
2013-02-11,47300,29.3700008392334,29.649999618530273,29.65999984741211,29.190000534057617,29.649999618530273
2013-02-08,58900,28.989999771118164,29.149999618530273,29.270000457763672,28.90999984741211,29.149999618530273
2013-02-07,44600,28.989999771118164,28.860000610351562,28.989999771118164,28.229999542236328,28.860000610351562
2013-02-06,52100,28.399999618530273,28.81999969482422,28.81999969482422,28.360000610351562,28.81999969482422
2013-02-05,92400,28.6299991607666,28.65999984741211,29.049999237060547,28.610000610351562,28.65999984741211
2013-02-04,91500,28.690000534057617,28.1200008392334,28.84000015258789,28.040000915527344,28.1200008392334
2013-02-01,138700,28.969999313354492,28.8799991607666,29.1299991607666,28.860000610351562,28.8799991607666
2013-01-31,66400,28.6299991607666,28.790000915527344,29.079999923706055,28.520000457763672,28.790000915527344
2013-01-30,76200,29.149999618530273,28.68000030517578,29.459999084472656,28.670000076293945,28.68000030517578
2013-01-29,62400,28.829999923706055,29.309999465942383,29.559999465942383,28.75,29.309999465942383
2013-01-28,43400,29.360000610351562,29.209999084472656,29.360000610351562,28.809999465942383,29.209999084472656
2013-01-25,86100,29.190000534057617,29.200000762939453,29.329999923706055,28.899999618530273,29.200000762939453
2013-01-24,118100,28.93000030517578,29.079999923706055,29.229999542236328,28.31999969482422,29.079999923706055
2013-01-23,134100,28.530000686645508,29.1299991607666,29.389999389648438,28.510000228881836,29.1299991607666
2013-01-22,60100,27.719999313354492,28.31999969482422,28.360000610351562,27.530000686645508,28.31999969482422
2013-01-18,39900,26.920000076293945,27.450000762939453,27.469999313354492,26.899999618530273,27.450000762939453
2013-01-17,40600,26.68000030517578,26.549999237060547,26.75,26.450000762939453,26.549999237060547
2013-01-16,68600,26.270000457763672,26.3799991607666,26.579999923706055,26.209999084472656,26.3799991607666
2013-01-15,22700,26.3799991607666,26.440000534057617,26.459999084472656,26.260000228881836,26.440000534057617
2013-01-14,102200,26.020000457763672,26.270000457763672,26.31999969482422,25.75,26.270000457763672
2013-01-11,48600,25.68000030517578,25.979999542236328,26.030000686645508,25.559999465942383,25.979999542236328
2013-01-10,58200,25.700000762939453,25.700000762939453,25.84000015258789,25.520000457763672,25.700000762939453
2013-01-09,41600,25.510000228881836,25.329999923706055,25.709999084472656,25.149999618530273,25.329999923706055
2013-01-08,25500,25.15999984741211,25.139999389648438,25.209999084472656,24.899999618530273,25.139999389648438
2013-01-07,23100,25.350000381469727,25.270000457763672,25.3700008392334,25.0,25.270000457763672
2013-01-04,133700,25.3799991607666,25.5,25.549999237060547,25.25,25.5
2013-01-03,106200,25.190000534057617,25.059999465942383,25.670000076293945,24.920000076293945,25.059999465942383
2013-01-02,122200,24.920000076293945,25.030000686645508,25.049999237060547,24.559999465942383,25.030000686645508
2012-12-31,62700,23.049999237060547,23.770000457763672,23.8799991607666,22.8799991607666,23.770000457763672
2012-12-28,36100,23.15999984741211,23.09000015258789,23.329999923706055,22.799999237060547,23.09000015258789
2012-12-27,50600,23.34000015258789,23.600000381469727,23.600000381469727,22.799999237060547,23.600000381469727
2012-12-26,33800,23.700000762939453,23.389999389648438,23.700000762939453,23.049999237060547,23.389999389648438
2012-12-24,39400,23.719999313354492,23.75,23.809999465942383,23.5,23.75
2012-12-21,100100,23.43000030517578,23.770000457763672,23.950000762939453,23.299999237060547,23.770000457763672
2012-12-20,54200,24.559999465942383,24.200000762939453,24.700000762939453,24.200000762939453,24.200000762939453
2012-12-19,40800,25.299999237060547,24.280000686645508,25.299999237060547,24.280000686645508,24.280000686645508
2012-12-18,51100,24.6299991607666,25.139999389648438,25.170000076293945,24.5,25.139999389648438
2012-12-17,23200,23.68000030517578,24.549999237060547,24.549999237060547,23.600000381469727,24.549999237060547
2012-12-14,29400,23.860000610351562,23.770000457763672,23.950000762939453,23.729999542236328,23.770000457763672
2012-12-13,29400,24.270000457763672,23.860000610351562,24.43000030517578,23.729999542236328,23.860000610351562
2012-12-12,41000,24.510000228881836,24.170000076293945,24.68000030517578,24.139999389648438,24.170000076293945
2012-12-11,93700,24.350000381469727,24.530000686645508,24.600000381469727,24.350000381469727,24.530000686645508
2012-12-10,26600,24.059999465942383,24.1299991607666,24.15999984741211,23.950000762939453,24.1299991607666
2012-12-07,24500,23.889999389648438,24.110000610351562,24.110000610351562,23.549999237060547,24.110000610351562
2012-12-06,17300,23.700000762939453,23.729999542236328,23.770000457763672,23.6299991607666,23.729999542236328
2012-12-05,21100,23.450000762939453,23.610000610351562,23.850000381469727,23.200000762939453,23.610000610351562
2012-12-04,25100,23.350000381469727,23.290000915527344,23.5,23.239999771118164,23.290000915527344
2012-12-03,33600,23.959999084472656,23.25,23.959999084472656,23.25,23.25
2012-11-30,17500,23.899999618530273,23.530000686645508,23.899999618530273,23.309999465942383,23.530000686645508
2012-11-29,11000,23.649999618530273,23.639999389648438,23.690000534057617,23.56999969482422,23.639999389648438
2012-11-28,6200,22.940000534057617,23.489999771118164,23.489999771118164,22.719999313354492,23.489999771118164
2012-11-27,800,23.520000457763672,23.149999618530273,23.549999237060547,23.149999618530273,23.149999618530273
2012-11-26,12600,23.200000762939453,23.459999084472656,23.5,23.110000610351562,23.459999084472656
2012-11-23,6300,22.850000381469727,23.3799991607666,23.389999389648438,22.850000381469727,23.3799991607666
2012-11-21,23100,22.809999465942383,22.649999618530273,22.979999542236328,22.6299991607666,22.649999618530273
2012-11-20,11900,22.579999923706055,22.8700008392334,22.8700008392334,22.549999237060547,22.8700008392334
2012-11-19,18600,22.329999923706055,22.5,22.5,22.149999618530273,22.5
2012-11-16,1700,21.329999923706055,21.559999465942383,21.559999465942383,20.989999771118164,21.559999465942383
2012-11-15,1400,21.440000534057617,21.290000915527344,21.440000534057617,21.110000610351562,21.290000915527344
2012-11-14,28200,22.030000686645508,21.280000686645508,22.030000686645508,21.280000686645508,21.280000686645508
2012-11-13,7300,21.34000015258789,21.670000076293945,22.0,21.34000015258789,21.670000076293945
2012-11-12,20800,21.260000228881836,21.709999084472656,21.709999084472656,21.260000228881836,21.709999084472656
2012-11-09,8300,21.139999389648438,21.18000030517578,21.59000015258789,21.139999389648438,21.18000030517578
2012-11-08,900,21.899999618530273,21.649999618530273,21.899999618530273,21.459999084472656,21.649999618530273
2012-11-07,7500,22.079999923706055,21.68000030517578,22.079999923706055,21.25,21.68000030517578
2012-11-06,8700,22.049999237060547,22.239999771118164,22.459999084472656,22.030000686645508,22.239999771118164
2012-11-05,6900,21.719999313354492,21.940000534057617,22.0,21.639999389648438,21.940000534057617
2012-11-02,3700,22.290000915527344,21.969999313354492,22.549999237060547,21.920000076293945,21.969999313354492
2012-11-01,12100,21.670000076293945,22.5,22.5,21.670000076293945,22.5
2012-10-31,4100,21.729999542236328,21.600000381469727,21.790000915527344,21.399999618530273,21.600000381469727
2012-10-26,10100,21.75,21.649999618530273,21.75,21.479999542236328,21.649999618530273
2012-10-25,7400,21.84000015258789,21.739999771118164,21.84000015258789,21.469999313354492,21.739999771118164
2012-10-24,6200,21.5,21.40999984741211,21.649999618530273,21.3799991607666,21.40999984741211
2012-10-23,24200,21.110000610351562,21.239999771118164,21.40999984741211,20.959999084472656,21.239999771118164
2012-10-22,29200,21.540000915527344,21.739999771118164,21.739999771118164,21.469999313354492,21.739999771118164
2012-10-19,12200,22.110000610351562,21.440000534057617,22.209999084472656,21.309999465942383,21.440000534057617
2012-10-18,20100,22.030000686645508,22.110000610351562,22.350000381469727,21.959999084472656,22.110000610351562
2012-10-17,53100,21.8700008392334,22.149999618530273,22.15999984741211,21.829999923706055,22.149999618530273
2012-10-16,25200,21.940000534057617,21.899999618530273,22.049999237060547,21.850000381469727,21.899999618530273
2012-10-15,6600,21.540000915527344,21.850000381469727,21.850000381469727,21.5,21.850000381469727
2012-10-12,4100,21.40999984741211,21.469999313354492,21.510000228881836,21.190000534057617,21.469999313354492
2012-10-11,5700,21.1299991607666,21.190000534057617,21.3700008392334,21.1299991607666,21.190000534057617
2012-10-10,2200,20.75,20.799999237060547,20.829999923706055,20.75,20.799999237060547
2012-10-09,4000,21.010000228881836,20.940000534057617,21.059999465942383,20.799999237060547,20.940000534057617
2012-10-08,7700,21.040000915527344,21.100000381469727,21.1299991607666,20.950000762939453,21.100000381469727
2012-10-05,7700,21.229999542236328,21.100000381469727,21.3700008392334,21.06999969482422,21.100000381469727
2012-10-04,5200,20.81999969482422,20.899999618530273,20.920000076293945,20.75,20.899999618530273
2012-10-03,10500,20.420000076293945,20.709999084472656,20.739999771118164,20.3700008392334,20.709999084472656
2012-10-02,8700,20.399999618530273,20.219999313354492,20.40999984741211,20.219999313354492,20.219999313354492
2012-10-01,15300,20.3700008392334,20.139999389648438,20.6200008392334,20.09000015258789,20.139999389648438
2012-09-28,1800,20.209999084472656,20.200000762939453,20.209999084472656,20.100000381469727,20.200000762939453
2012-09-27,10500,20.040000915527344,20.459999084472656,20.459999084472656,19.979999542236328,20.459999084472656
2012-09-26,21100,19.809999465942383,19.600000381469727,19.8799991607666,19.3799991607666,19.600000381469727
2012-09-25,3200,20.360000610351562,19.959999084472656,20.489999771118164,19.959999084472656,19.959999084472656
2012-09-24,500,20.260000228881836,20.329999923706055,20.450000762939453,20.1200008392334,20.329999923706055
2012-09-21,9400,20.399999618530273,20.389999389648438,20.43000030517578,20.280000686645508,20.389999389648438
2012-09-20,7200,20.09000015258789,20.209999084472656,20.209999084472656,19.8799991607666,20.209999084472656
2012-09-19,3100,20.09000015258789,20.299999237060547,20.399999618530273,20.0,20.299999237060547
2012-09-18,1200,19.719999313354492,20.0,20.0,19.719999313354492,20.0
2012-09-17,500,19.56999969482422,19.56999969482422,19.56999969482422,19.56999969482422,19.56999969482422
2012-09-14,34500,19.969999313354492,19.790000915527344,20.3700008392334,19.75,19.790000915527344
2012-09-13,6400,18.959999084472656,19.579999923706055,19.729999542236328,18.940000534057617,19.579999923706055
2012-09-12,500,18.559999465942383,18.739999771118164,18.739999771118164,18.479999542236328,18.739999771118164
2012-09-11,1300,18.329999923706055,18.229999542236328,18.329999923706055,18.229999542236328,18.229999542236328
2012-09-10,9500,18.25,17.93000030517578,18.25,17.93000030517578,17.93000030517578
2012-09-07,5100,17.940000534057617,18.219999313354492,18.25,17.940000534057617,18.219999313354492
2012-09-06,100,17.459999084472656,17.459999084472656,17.459999084472656,17.459999084472656,17.459999084472656
2012-09-05,14900,16.899999618530273,17.040000915527344,17.040000915527344,16.889999389648438,17.040000915527344
2012-09-04,4400,16.690000534057617,16.690000534057617,16.690000534057617,16.68000030517578,16.690000534057617
2012-08-31,300,16.75,16.889999389648438,16.889999389648438,16.75,16.889999389648438
2012-08-30,0,16.75,16.75,16.75,16.75,16.75
2012-08-29,1400,16.68000030517578,16.75,16.75,16.649999618530273,16.75
2012-08-28,200,16.799999237060547,16.799999237060547,16.799999237060547,16.799999237060547,16.799999237060547
2012-08-27,0,16.719999313354492,16.719999313354492,16.719999313354492,16.719999313354492,16.719999313354492
2012-08-24,300,16.709999084472656,16.719999313354492,16.719999313354492,16.709999084472656,16.719999313354492
2012-08-23,2100,16.479999542236328,16.559999465942383,16.6200008392334,16.479999542236328,16.559999465942383
2012-08-22,3800,16.690000534057617,16.670000076293945,16.700000762939453,16.510000228881836,16.670000076293945
2012-08-21,600,16.899999618530273,16.84000015258789,16.899999618530273,16.84000015258789,16.84000015258789
2012-08-20,6000,17.06999969482422,16.959999084472656,17.100000381469727,16.959999084472656,16.959999084472656
2012-08-17,400,17.200000762939453,17.200000762939453,17.200000762939453,17.200000762939453,17.200000762939453
2012-08-16,0,17.209999084472656,17.209999084472656,17.209999084472656,17.209999084472656,17.209999084472656
2012-08-15,13500,17.229999542236328,17.209999084472656,17.229999542236328,17.209999084472656,17.209999084472656
2012-08-14,300,17.219999313354492,17.219999313354492,17.219999313354492,17.219999313354492,17.219999313354492
2012-08-13,4300,17.360000610351562,17.40999984741211,17.40999984741211,17.360000610351562,17.40999984741211
2012-08-10,300,17.149999618530273,17.149999618530273,17.149999618530273,17.149999618530273,17.149999618530273
2012-08-09,0,16.969999313354492,16.969999313354492,16.969999313354492,16.969999313354492,16.969999313354492
2012-08-08,0,16.969999313354492,16.969999313354492,16.969999313354492,16.969999313354492,16.969999313354492
2012-08-07,200,16.969999313354492,16.969999313354492,16.969999313354492,16.969999313354492,16.969999313354492
2012-08-06,3200,16.90999984741211,16.959999084472656,17.079999923706055,16.90999984741211,16.959999084472656
2012-08-03,2800,16.770000457763672,16.790000915527344,16.790000915527344,16.649999618530273,16.790000915527344
2012-08-02,1000,16.43000030517578,16.43000030517578,16.43000030517578,16.43000030517578,16.43000030517578
2012-08-01,2000,16.579999923706055,16.559999465942383,16.600000381469727,16.559999465942383,16.559999465942383
2012-07-31,0,16.639999389648438,16.639999389648438,16.639999389648438,16.639999389648438,16.639999389648438
2012-07-30,2600,16.670000076293945,16.639999389648438,16.670000076293945,16.639999389648438,16.639999389648438
2012-07-27,1100,16.809999465942383,16.809999465942383,16.809999465942383,16.809999465942383,16.809999465942383
2012-07-26,0,15.869999885559082,15.869999885559082,15.869999885559082,15.869999885559082,15.869999885559082
2012-07-25,500,15.869999885559082,15.869999885559082,15.869999885559082,15.869999885559082,15.869999885559082
2012-07-24,1400,15.800000190734863,15.800000190734863,15.800000190734863,15.800000190734863,15.800000190734863
2012-07-23,1600,16.190000534057617,16.06999969482422,16.190000534057617,16.06999969482422,16.06999969482422
2012-07-20,300,16.75,16.579999923706055,16.75,16.579999923706055,16.579999923706055
2012-07-19,300,17.0,17.0,17.0,17.0,17.0
2012-07-18,5400,16.989999771118164,16.940000534057617,17.09000015258789,16.940000534057617,16.940000534057617
2012-07-17,900,16.780000686645508,17.049999237060547,17.049999237060547,16.690000534057617,17.049999237060547
2012-07-16,5000,16.799999237060547,16.770000457763672,16.799999237060547,16.6200008392334,16.770000457763672
2012-07-13,1000,16.75,16.75,16.75,16.75,16.75
2012-07-12,0,16.399999618530273,16.399999618530273,16.399999618530273,16.399999618530273,16.399999618530273
2012-07-11,800,16.25,16.399999618530273,16.399999618530273,16.25,16.399999618530273
2012-07-10,2500,16.360000610351562,16.459999084472656,16.459999084472656,16.360000610351562,16.459999084472656
2012-07-09,1900,16.25,16.100000381469727,16.25,16.100000381469727,16.100000381469727
2012-07-06,3600,15.890000343322754,16.06999969482422,16.06999969482422,15.770000457763672,16.06999969482422
2012-07-05,92400,16.09000015258789,16.06999969482422,16.09000015258789,15.979999542236328,16.06999969482422
2012-07-03,4700,15.979999542236328,16.1200008392334,16.1200008392334,15.899999618530273,16.1200008392334
2012-07-02,4300,15.819999694824219,15.90999984741211,15.90999984741211,15.739999771118164,15.90999984741211
2012-06-29,1600,15.399999618530273,15.539999961853027,15.550000190734863,15.399999618530273,15.539999961853027
2012-06-28,200,15.050000190734863,15.050000190734863,15.050000190734863,15.050000190734863,15.050000190734863
2012-06-27,900,14.9399995803833,14.779999732971191,14.9399995803833,14.770000457763672,14.779999732971191
2012-06-26,3500,14.369999885559082,14.729999542236328,14.729999542236328,14.369999885559082,14.729999542236328
2012-06-25,100,14.430000305175781,14.430000305175781,14.430000305175781,14.430000305175781,14.430000305175781
2012-06-22,4000,14.6899995803833,15.0,15.0,14.649999618530273,15.0
2012-06-21,3500,14.899999618530273,14.539999961853027,14.899999618530273,14.529999732971191,14.539999961853027
2012-06-20,2100,14.649999618530273,14.899999618530273,14.899999618530273,14.600000381469727,14.899999618530273
2012-06-19,500,14.649999618530273,14.649999618530273,14.649999618530273,14.649999618530273,14.649999618530273
2012-06-18,14700,14.149999618530273,14.479999542236328,14.479999542236328,14.149999618530273,14.479999542236328
2012-06-15,1100,13.670000076293945,13.84000015258789,13.84000015258789,13.670000076293945,13.84000015258789
2012-06-14,12800,13.15999984741211,13.520000457763672,13.520000457763672,13.149999618530273,13.520000457763672
2012-06-13,2200,13.390000343322754,13.199999809265137,13.5,13.199999809265137,13.199999809265137
2012-06-12,0,13.979999542236328,13.979999542236328,13.979999542236328,13.979999542236328,13.979999542236328
2012-06-11,12900,14.5600004196167,13.979999542236328,14.59000015258789,13.979999542236328,13.979999542236328
2012-06-08,0,14.010000228881836,14.010000228881836,14.010000228881836,14.010000228881836,14.010000228881836
2012-06-07,9900,14.170000076293945,14.010000228881836,14.170000076293945,14.010000228881836,14.010000228881836
2012-06-06,1400,13.640000343322754,13.720000267028809,13.720000267028809,13.640000343322754,13.720000267028809
2012-06-05,0,13.420000076293945,13.420000076293945,13.420000076293945,13.420000076293945,13.420000076293945
2012-06-04,17100,13.399999618530273,13.420000076293945,13.430000305175781,13.380000114440918,13.420000076293945
2012-06-01,2000,13.539999961853027,13.600000381469727,13.630000114440918,13.539999961853027,13.600000381469727
2012-05-31,400,14.100000381469727,14.319999694824219,14.319999694824219,14.100000381469727,14.319999694824219
2012-05-30,1600,14.3100004196167,14.279999732971191,14.3100004196167,14.279999732971191,14.279999732971191
2012-05-29,0,14.199999809265137,14.199999809265137,14.199999809265137,14.199999809265137,14.199999809265137
2012-05-25,600,14.180000305175781,14.199999809265137,14.199999809265137,14.180000305175781,14.199999809265137
2012-05-24,5100,13.970000267028809,14.0600004196167,14.0600004196167,13.970000267028809,14.0600004196167
2012-05-23,200,14.010000228881836,14.109999656677246,14.109999656677246,14.010000228881836,14.109999656677246
2012-05-22,1300,14.239999771118164,13.779999732971191,14.40999984741211,13.779999732971191,13.779999732971191
2012-05-21,4900,13.979999542236328,14.239999771118164,14.239999771118164,13.979999542236328,14.239999771118164
2012-05-18,16100,14.350000381469727,13.770000457763672,14.350000381469727,13.75,13.770000457763672
2012-05-17,35200,14.239999771118164,14.0,14.239999771118164,13.949999809265137,14.0
2012-05-16,42100,14.65999984741211,14.239999771118164,14.8100004196167,14.15999984741211,14.239999771118164
2012-05-15,11000,15.029999732971191,14.640000343322754,15.130000114440918,14.640000343322754,14.640000343322754
2012-05-14,44900,15.359999656677246,15.1899995803833,15.399999618530273,15.180000305175781,15.1899995803833
2012-05-11,1000,15.550000190734863,15.720000267028809,15.800000190734863,15.550000190734863,15.720000267028809
2012-05-10,22700,15.960000038146973,15.819999694824219,15.960000038146973,15.819999694824219,15.819999694824219
2012-05-09,1300,15.5600004196167,15.569999694824219,15.819999694824219,15.449999809265137,15.569999694824219
2012-05-08,5000,15.75,15.729999542236328,15.779999732971191,15.489999771118164,15.729999542236328
2012-05-07,48000,15.819999694824219,16.059999465942383,16.059999465942383,15.819999694824219,16.059999465942383
2012-05-04,3100,15.949999809265137,15.869999885559082,15.949999809265137,15.779999732971191,15.869999885559082
2012-05-03,3900,16.239999771118164,16.280000686645508,16.350000381469727,16.15999984741211,16.280000686645508
2012-05-02,1500,16.0,16.1299991607666,16.200000762939453,15.979999542236328,16.1299991607666
2012-05-01,2400,15.970000267028809,16.329999923706055,16.34000015258789,15.970000267028809,16.329999923706055
2012-04-30,6300,16.010000228881836,15.949999809265137,16.010000228881836,15.930000305175781,15.949999809265137
2012-04-27,22700,16.049999237060547,16.0,16.049999237060547,15.859999656677246,16.0
2012-04-26,1200,15.65999984741211,15.720000267028809,15.720000267028809,15.65999984741211,15.720000267028809
2012-04-25,3500,15.550000190734863,15.539999961853027,15.600000381469727,15.5,15.539999961853027
2012-04-24,100,15.289999961853027,15.289999961853027,15.289999961853027,15.289999961853027,15.289999961853027
2012-04-23,10200,15.050000190734863,15.069999694824219,15.069999694824219,14.819999694824219,15.069999694824219
2012-04-20,11200,15.270000457763672,15.3100004196167,15.470000267028809,15.270000457763672,15.3100004196167
2012-04-19,7100,15.260000228881836,15.029999732971191,15.260000228881836,14.970000267028809,15.029999732971191
2012-04-18,6600,15.25,15.119999885559082,15.289999961853027,15.029999732971191,15.119999885559082
2012-04-17,6200,15.119999885559082,15.199999809265137,15.25,15.119999885559082,15.199999809265137
2012-04-16,3400,14.84000015258789,14.890000343322754,14.9399995803833,14.770000457763672,14.890000343322754
2012-04-13,300,14.880000114440918,14.699999809265137,14.880000114440918,14.699999809265137,14.699999809265137
2012-04-12,3800,14.739999771118164,15.119999885559082,15.149999618530273,14.739999771118164,15.119999885559082
2012-04-11,115700,14.970000267028809,14.619999885559082,14.979999542236328,14.619999885559082,14.619999885559082
2012-04-10,36300,15.15999984741211,14.5600004196167,15.220000267028809,14.5,14.5600004196167
2012-04-09,219700,15.5,15.359999656677246,15.579999923706055,15.300000190734863,15.359999656677246
2012-04-05,2100,15.789999961853027,15.819999694824219,15.819999694824219,15.739999771118164,15.819999694824219
2012-04-04,27100,15.729999542236328,15.869999885559082,15.930000305175781,15.579999923706055,15.869999885559082
2012-04-03,10600,16.040000915527344,16.040000915527344,16.079999923706055,15.850000381469727,16.040000915527344
2012-04-02,2600,16.059999465942383,16.09000015258789,16.200000762939453,16.0,16.09000015258789
2012-03-30,30800,15.989999771118164,15.84000015258789,16.030000686645508,15.710000038146973,15.84000015258789
2012-03-29,21400,15.279999732971191,15.699999809265137,15.699999809265137,15.279999732971191,15.699999809265137
2012-03-28,7300,15.649999618530273,15.510000228881836,15.649999618530273,15.199999809265137,15.510000228881836
2012-03-27,5900,15.869999885559082,15.640000343322754,15.880000114440918,15.630000114440918,15.640000343322754
2012-03-26,31800,15.260000228881836,15.880000114440918,15.880000114440918,15.260000228881836,15.880000114440918
2012-03-23,19100,14.729999542236328,15.140000343322754,15.199999809265137,14.670000076293945,15.140000343322754
2012-03-22,8700,14.729999542236328,14.859999656677246,14.859999656677246,14.649999618530273,14.859999656677246
2012-03-21,28800,14.729999542236328,14.989999771118164,14.989999771118164,14.729999542236328,14.989999771118164
2012-03-20,7400,14.430000305175781,14.640000343322754,14.649999618530273,14.380000114440918,14.640000343322754
2012-03-19,9700,14.25,14.510000228881836,14.520000457763672,14.1899995803833,14.510000228881836
2012-03-16,38200,14.359999656677246,14.1899995803833,14.369999885559082,14.140000343322754,14.1899995803833
2012-03-15,3500,14.100000381469727,14.260000228881836,14.260000228881836,14.100000381469727,14.260000228881836
2012-03-14,32100,14.420000076293945,14.300000190734863,14.4399995803833,14.069999694824219,14.300000190734863
2012-03-13,12900,14.09000015258789,14.359999656677246,14.390000343322754,14.0600004196167,14.359999656677246
2012-03-12,55200,13.960000038146973,14.010000228881836,14.039999961853027,13.84000015258789,14.010000228881836
2012-03-09,8200,13.720000267028809,13.770000457763672,13.84000015258789,13.720000267028809,13.770000457763672
2012-03-08,1900,13.529999732971191,13.59000015258789,13.59000015258789,13.529999732971191,13.59000015258789
2012-03-07,25300,13.25,13.369999885559082,13.380000114440918,13.210000038146973,13.369999885559082
2012-03-06,25500,12.890000343322754,13.0600004196167,13.069999694824219,12.890000343322754,13.0600004196167
2012-03-05,13000,13.350000381469727,13.369999885559082,13.369999885559082,13.3100004196167,13.369999885559082
2012-03-02,22300,13.529999732971191,13.359999656677246,13.569999694824219,13.359999656677246,13.359999656677246
2012-03-01,52000,13.479999542236328,13.609999656677246,13.630000114440918,13.380000114440918,13.609999656677246
2012-02-29,93200,13.390000343322754,13.5,13.680000305175781,13.350000381469727,13.5
2012-02-28,56500,13.09000015258789,13.300000190734863,13.329999923706055,13.069999694824219,13.300000190734863
2012-02-27,7900,13.09000015258789,13.210000038146973,13.350000381469727,13.039999961853027,13.210000038146973
2012-02-24,30300,13.640000343322754,13.3100004196167,13.699999809265137,13.270000457763672,13.3100004196167
2012-02-23,7400,13.420000076293945,13.579999923706055,13.760000228881836,13.420000076293945,13.579999923706055
2012-02-22,12400,13.359999656677246,13.34000015258789,13.359999656677246,13.34000015258789,13.34000015258789
2012-02-21,32200,13.40999984741211,13.210000038146973,13.430000305175781,13.09000015258789,13.210000038146973
2012-02-17,39200,13.539999961853027,13.390000343322754,13.619999885559082,13.390000343322754,13.390000343322754
2012-02-16,37800,13.25,13.579999923706055,13.619999885559082,13.149999618530273,13.579999923706055
2012-02-15,16300,13.550000190734863,13.390000343322754,13.569999694824219,13.220000267028809,13.390000343322754
2012-02-14,29100,13.819999694824219,13.739999771118164,13.869999885559082,13.359999656677246,13.739999771118164
2012-02-13,40800,13.949999809265137,14.020000457763672,14.079999923706055,13.880000114440918,14.020000457763672
2012-02-10,13100,13.789999961853027,13.539999961853027,13.819999694824219,13.170000076293945,13.539999961853027
2012-02-09,12200,14.550000190734863,14.350000381469727,14.550000190734863,14.229999542236328,14.350000381469727
2012-02-08,9800,14.670000076293945,14.569999694824219,14.670000076293945,14.510000228881836,14.569999694824219
2012-02-07,11100,14.569999694824219,14.680000305175781,14.680000305175781,14.5,14.680000305175781
2012-02-06,12800,14.350000381469727,14.510000228881836,14.510000228881836,14.289999961853027,14.510000228881836
2012-02-03,19000,14.289999961853027,14.40999984741211,14.4399995803833,14.289999961853027,14.40999984741211
2012-02-02,22600,14.029999732971191,14.050000190734863,14.069999694824219,13.949999809265137,14.050000190734863
2012-02-01,27800,13.819999694824219,13.850000381469727,13.989999771118164,13.819999694824219,13.850000381469727
2012-01-31,19900,13.890000343322754,13.6899995803833,13.899999618530273,13.680000305175781,13.6899995803833
2012-01-30,100,13.739999771118164,13.739999771118164,13.739999771118164,13.739999771118164,13.739999771118164
2012-01-27,3000,13.800000190734863,13.800000190734863,13.800000190734863,13.729999542236328,13.800000190734863
2012-01-26,17700,14.119999885559082,13.729999542236328,14.119999885559082,13.720000267028809,13.729999542236328
2012-01-25,3500,13.600000381469727,13.850000381469727,13.850000381469727,13.600000381469727,13.850000381469727
2012-01-24,4000,13.680000305175781,13.619999885559082,13.680000305175781,13.59000015258789,13.619999885559082
2012-01-23,4600,13.479999542236328,13.739999771118164,13.739999771118164,13.479999542236328,13.739999771118164
2012-01-20,6200,13.25,13.5600004196167,13.5600004196167,13.25,13.5600004196167
2012-01-19,7200,13.210000038146973,13.220000267028809,13.390000343322754,13.210000038146973,13.220000267028809
2012-01-18,4700,12.920000076293945,13.140000343322754,13.180000305175781,12.869999885559082,13.140000343322754
2012-01-17,5300,13.260000228881836,13.119999885559082,13.319999694824219,13.119999885559082,13.119999885559082
2012-01-13,6900,13.069999694824219,13.010000228881836,13.109999656677246,12.90999984741211,13.010000228881836
2012-01-12,1000,13.199999809265137,13.079999923706055,13.199999809265137,13.079999923706055,13.079999923706055
2012-01-11,2100,13.279999732971191,13.289999961853027,13.289999961853027,13.279999732971191,13.289999961853027
2012-01-10,9600,13.390000343322754,13.3100004196167,13.460000038146973,13.3100004196167,13.3100004196167
2012-01-09,4900,13.220000267028809,13.229999542236328,13.260000228881836,13.149999618530273,13.229999542236328
2012-01-06,1100,13.0600004196167,13.180000305175781,13.180000305175781,13.0600004196167,13.180000305175781
2012-01-05,9900,12.819999694824219,13.029999732971191,13.029999732971191,12.739999771118164,13.029999732971191
2012-01-04,6000,12.779999732971191,12.930000305175781,12.930000305175781,12.779999732971191,12.930000305175781
2012-01-03,4200,12.670000076293945,12.710000038146973,12.710000038146973,12.649999618530273,12.710000038146973
2011-12-30,2200,12.550000190734863,12.460000038146973,12.550000190734863,12.460000038146973,12.460000038146973
2011-12-29,12500,12.5,12.539999961853027,12.5600004196167,12.470000267028809,12.539999961853027
2011-12-28,2300,12.649999618530273,12.420000076293945,12.649999618530273,12.420000076293945,12.420000076293945
2011-12-27,1400,12.609999656677246,12.619999885559082,12.619999885559082,12.609999656677246,12.619999885559082
2011-12-23,6200,12.529999732971191,12.529999732971191,12.529999732971191,12.529999732971191,12.529999732971191
2011-12-22,3800,12.729999542236328,12.479999542236328,12.729999542236328,12.479999542236328,12.479999542236328
2011-12-21,2600,12.329999923706055,12.479999542236328,12.479999542236328,12.329999923706055,12.479999542236328
2011-12-20,68200,11.9399995803833,11.979999542236328,11.979999542236328,11.920000076293945,11.979999542236328
2011-12-19,15400,11.579999923706055,11.5600004196167,11.680000305175781,11.5600004196167,11.5600004196167
2011-12-16,15200,11.640000343322754,11.460000038146973,11.649999618530273,11.460000038146973,11.460000038146973
2011-12-15,34500,11.5,11.470000267028809,11.510000228881836,11.470000267028809,11.470000267028809
2011-12-14,20100,11.289999961853027,11.239999771118164,11.329999923706055,11.170000076293945,11.239999771118164
2011-12-13,10500,11.630000114440918,11.300000190734863,11.630000114440918,11.300000190734863,11.300000190734863
2011-12-12,14000,11.380000114440918,11.289999961853027,11.399999618530273,11.1899995803833,11.289999961853027
2011-12-09,3100,11.399999618530273,11.5600004196167,11.609999656677246,11.399999618530273,11.5600004196167
2011-12-08,7400,11.470000267028809,11.350000381469727,11.529999732971191,11.350000381469727,11.350000381469727
2011-12-07,7400,11.699999809265137,11.649999618530273,11.699999809265137,11.5600004196167,11.649999618530273
2011-12-06,3000,11.8100004196167,11.8100004196167,11.8100004196167,11.770000457763672,11.8100004196167
2011-12-05,6100,11.869999885559082,11.859999656677246,11.920000076293945,11.859999656677246,11.859999656677246
2011-12-02,10900,11.800000190734863,11.609999656677246,11.850000381469727,11.600000381469727,11.609999656677246
2011-12-01,32800,11.489999771118164,11.649999618530273,11.649999618530273,11.489999771118164,11.649999618530273
2011-11-30,23000,11.399999618530273,11.489999771118164,11.489999771118164,11.319999694824219,11.489999771118164
2011-11-29,11300,10.84000015258789,10.930000305175781,10.930000305175781,10.800000190734863,10.930000305175781
2011-11-28,7900,10.920000076293945,10.779999732971191,11.039999961853027,10.779999732971191,10.779999732971191
2011-11-25,2000,10.609999656677246,10.75,10.75,10.609999656677246,10.75
2011-11-23,1200,10.65999984741211,10.670000076293945,10.6899995803833,10.630000114440918,10.670000076293945
2011-11-22,8200,10.789999961853027,10.800000190734863,10.800000190734863,10.789999961853027,10.800000190734863
2011-11-21,1100,10.699999809265137,10.800000190734863,10.800000190734863,10.699999809265137,10.800000190734863
2011-11-18,3500,10.899999618530273,10.930000305175781,10.930000305175781,10.899999618530273,10.930000305175781
2011-11-17,7500,11.199999809265137,10.829999923706055,11.199999809265137,10.829999923706055,10.829999923706055
2011-11-16,4100,11.329999923706055,11.260000228881836,11.449999809265137,11.260000228881836,11.260000228881836
2011-11-15,10900,11.40999984741211,11.489999771118164,11.539999961853027,11.34000015258789,11.489999771118164
2011-11-14,6400,11.470000267028809,11.460000038146973,11.470000267028809,11.369999885559082,11.460000038146973
2011-11-11,10500,11.600000381469727,11.619999885559082,11.6899995803833,11.600000381469727,11.619999885559082
2011-11-10,6900,11.479999542236328,11.300000190734863,11.479999542236328,11.199999809265137,11.300000190734863
2011-11-09,18700,11.6899995803833,11.170000076293945,11.739999771118164,11.149999618530273,11.170000076293945
2011-11-08,2300,12.149999618530273,12.229999542236328,12.229999542236328,12.149999618530273,12.229999542236328
2011-11-07,3800,12.069999694824219,11.989999771118164,12.069999694824219,11.829999923706055,11.989999771118164
2011-11-04,3800,11.960000038146973,12.0,12.119999885559082,11.930000305175781,12.0
2011-11-03,9400,11.84000015258789,12.0,12.079999923706055,11.760000228881836,12.0
2011-11-02,8100,11.899999618530273,11.760000228881836,11.899999618530273,11.729999542236328,11.760000228881836
2011-11-01,43900,11.760000228881836,11.800000190734863,11.970000267028809,11.619999885559082,11.800000190734863
2011-10-31,16000,13.289999961853027,12.819999694824219,13.289999961853027,12.819999694824219,12.819999694824219
2011-10-28,9500,13.329999923706055,13.4399995803833,13.59000015258789,13.329999923706055,13.4399995803833
2011-10-27,35300,13.109999656677246,13.380000114440918,13.380000114440918,13.0,13.380000114440918
2011-10-26,13700,12.279999732971191,12.390000343322754,12.399999618530273,11.979999542236328,12.390000343322754
2011-10-25,20400,12.319999694824219,12.119999885559082,12.319999694824219,12.010000228881836,12.119999885559082
2011-10-24,31100,12.0600004196167,12.359999656677246,12.399999618530273,12.0600004196167,12.359999656677246
2011-10-21,13500,11.9399995803833,12.020000457763672,12.029999732971191,11.920000076293945,12.020000457763672
2011-10-20,18300,11.65999984741211,11.720000267028809,11.720000267028809,11.460000038146973,11.720000267028809
2011-10-19,17000,12.100000381469727,11.609999656677246,12.100000381469727,11.5600004196167,11.609999656677246
2011-10-18,25100,11.9399995803833,12.029999732971191,12.229999542236328,11.670000076293945,12.029999732971191
2011-10-17,18300,12.34000015258789,11.819999694824219,12.34000015258789,11.819999694824219,11.819999694824219
2011-10-14,11000,12.199999809265137,12.329999923706055,12.329999923706055,12.050000190734863,12.329999923706055
2011-10-13,14500,11.84000015258789,11.960000038146973,11.979999542236328,11.760000228881836,11.960000038146973
2011-10-12,13200,11.680000305175781,12.020000457763672,12.029999732971191,11.670000076293945,12.020000457763672
2011-10-11,11300,11.369999885559082,11.470000267028809,11.510000228881836,11.369999885559082,11.470000267028809
2011-10-10,21900,11.1899995803833,11.40999984741211,11.40999984741211,11.1899995803833,11.40999984741211
2011-10-07,17000,11.3100004196167,10.970000267028809,11.3100004196167,10.880000114440918,10.970000267028809
2011-10-06,14000,10.949999809265137,11.100000381469727,11.100000381469727,10.949999809265137,11.100000381469727
2011-10-05,7400,10.9399995803833,11.09000015258789,11.119999885559082,10.920000076293945,11.09000015258789
2011-10-04,22400,10.430000305175781,10.789999961853027,10.789999961853027,10.270000457763672,10.789999961853027
2011-10-03,10600,10.760000228881836,10.65999984741211,10.8100004196167,10.59000015258789,10.65999984741211
2011-09-30,8400,11.069999694824219,10.9399995803833,11.229999542236328,10.899999618530273,10.9399995803833
2011-09-29,108500,11.510000228881836,11.350000381469727,11.510000228881836,11.149999618530273,11.350000381469727
2011-09-28,8900,11.5600004196167,11.300000190734863,11.65999984741211,11.300000190734863,11.300000190734863
2011-09-27,8700,11.710000038146973,11.600000381469727,11.800000190734863,11.600000381469727,11.600000381469727
2011-09-26,4800,11.289999961853027,11.350000381469727,11.350000381469727,11.289999961853027,11.350000381469727
2011-09-23,9100,11.289999961853027,11.390000343322754,11.390000343322754,11.239999771118164,11.390000343322754
2011-09-22,11400,11.430000305175781,11.279999732971191,11.539999961853027,11.130000114440918,11.279999732971191
2011-09-21,22900,12.140000343322754,11.850000381469727,12.1899995803833,11.850000381469727,11.850000381469727
2011-09-20,13400,12.039999961853027,12.130000114440918,12.350000381469727,12.039999961853027,12.130000114440918
2011-09-19,14100,11.930000305175781,12.130000114440918,12.1899995803833,11.899999618530273,12.130000114440918
2011-09-16,14100,12.289999961853027,12.25,12.289999961853027,12.09000015258789,12.25
2011-09-15,10000,12.15999984741211,12.289999961853027,12.289999961853027,12.140000343322754,12.289999961853027
2011-09-14,4100,11.920000076293945,12.079999923706055,12.079999923706055,11.920000076293945,12.079999923706055
2011-09-13,2500,11.789999961853027,11.880000114440918,11.880000114440918,11.699999809265137,11.880000114440918
2011-09-12,2500,11.90999984741211,11.880000114440918,11.90999984741211,11.760000228881836,11.880000114440918
2011-09-09,11200,12.289999961853027,11.949999809265137,12.319999694824219,11.869999885559082,11.949999809265137
2011-09-08,26700,12.510000228881836,12.489999771118164,12.699999809265137,12.460000038146973,12.489999771118164
2011-09-07,12600,12.5,12.550000190734863,12.600000381469727,12.470000267028809,12.550000190734863
2011-09-06,13800,12.079999923706055,12.390000343322754,12.390000343322754,12.039999961853027,12.390000343322754
2011-09-02,22900,12.4399995803833,12.529999732971191,12.65999984741211,12.4399995803833,12.529999732971191
2011-09-01,27700,12.890000343322754,12.829999923706055,13.09000015258789,12.770000457763672,12.829999923706055
2011-08-31,188900,12.829999923706055,12.850000381469727,12.949999809265137,12.75,12.850000381469727
2011-08-30,79000,12.890000343322754,12.699999809265137,12.979999542236328,12.699999809265137,12.699999809265137
2011-08-29,24200,12.890000343322754,12.949999809265137,12.949999809265137,12.819999694824219,12.949999809265137
2011-08-26,2900,12.260000228881836,12.680000305175781,12.720000267028809,12.260000228881836,12.680000305175781
2011-08-25,23900,12.899999618530273,12.5,12.899999618530273,12.5,12.5
2011-08-24,2100,13.020000457763672,12.819999694824219,13.020000457763672,12.819999694824219,12.819999694824219
2011-08-23,18800,12.760000228881836,12.859999656677246,12.930000305175781,12.760000228881836,12.859999656677246
2011-08-22,10200,13.140000343322754,12.779999732971191,13.140000343322754,12.710000038146973,12.779999732971191
2011-08-19,36900,12.859999656677246,12.9399995803833,13.449999809265137,12.859999656677246,12.9399995803833
2011-08-18,29800,14.430000305175781,13.4399995803833,14.430000305175781,13.260000228881836,13.4399995803833
2011-08-17,13200,15.149999618530273,14.9399995803833,15.25,14.779999732971191,14.9399995803833
2011-08-16,7300,14.890000343322754,14.970000267028809,15.100000381469727,14.760000228881836,14.970000267028809
2011-08-15,17600,15.029999732971191,14.949999809265137,15.079999923706055,14.920000076293945,14.949999809265137
2011-08-12,14000,14.850000381469727,14.600000381469727,14.850000381469727,14.579999923706055,14.600000381469727
2011-08-11,17000,14.140000343322754,14.550000190734863,14.569999694824219,14.029999732971191,14.550000190734863
2011-08-10,8000,14.75,14.069999694824219,14.75,14.029999732971191,14.069999694824219
2011-08-09,9600,14.989999771118164,14.779999732971191,15.09000015258789,14.779999732971191,14.779999732971191
2011-08-08,10100,15.020000457763672,14.949999809265137,15.029999732971191,13.970000267028809,14.949999809265137
2011-08-05,10800,15.800000190734863,15.609999656677246,15.800000190734863,14.800000190734863,15.609999656677246
2011-08-04,400,16.719999313354492,15.819999694824219,16.719999313354492,15.819999694824219,15.819999694824219
2011-08-03,6800,17.079999923706055,17.059999465942383,17.079999923706055,16.65999984741211,17.059999465942383
2011-08-02,5700,17.700000762939453,17.530000686645508,17.700000762939453,17.34000015258789,17.530000686645508
2011-08-01,9900,17.799999237060547,17.690000534057617,17.799999237060547,17.209999084472656,17.690000534057617
2011-07-29,7200,16.56999969482422,17.290000915527344,17.290000915527344,16.56999969482422,17.290000915527344
2011-07-28,213000,16.90999984741211,16.860000610351562,17.149999618530273,16.860000610351562,16.860000610351562
2011-07-27,13100,17.0,16.860000610351562,17.139999389648438,16.809999465942383,16.860000610351562
2011-07-26,4200,17.489999771118164,17.18000030517578,17.489999771118164,17.18000030517578,17.18000030517578
2011-07-25,400,17.3700008392334,17.530000686645508,17.530000686645508,17.3700008392334,17.530000686645508
2011-07-22,4400,17.760000228881836,17.719999313354492,17.760000228881836,17.610000610351562,17.719999313354492
2011-07-21,5500,17.600000381469727,17.6200008392334,17.639999389648438,17.600000381469727,17.6200008392334
2011-07-20,700,17.110000610351562,17.110000610351562,17.110000610351562,17.110000610351562,17.110000610351562
2011-07-19,3400,16.959999084472656,17.059999465942383,17.079999923706055,16.8700008392334,17.059999465942383
2011-07-18,2000,16.600000381469727,16.520000457763672,16.600000381469727,16.399999618530273,16.520000457763672
2011-07-15,800,16.809999465942383,16.850000381469727,16.850000381469727,16.690000534057617,16.850000381469727
2011-07-14,0,16.889999389648438,16.889999389648438,16.889999389648438,16.889999389648438,16.889999389648438
2011-07-13,600,17.030000686645508,16.889999389648438,17.030000686645508,16.889999389648438,16.889999389648438
2011-07-12,2200,17.040000915527344,16.920000076293945,17.3799991607666,16.920000076293945,16.920000076293945
2011-07-11,400,17.350000381469727,17.299999237060547,17.350000381469727,17.290000915527344,17.299999237060547
2011-07-08,600,17.920000076293945,17.920000076293945,17.920000076293945,17.920000076293945,17.920000076293945
2011-07-07,1800,18.040000915527344,18.18000030517578,18.18000030517578,18.040000915527344,18.18000030517578
2011-07-06,43300,17.510000228881836,17.600000381469727,17.649999618530273,17.450000762939453,17.600000381469727
2011-07-05,4800,17.68000030517578,17.780000686645508,17.780000686645508,17.6200008392334,17.780000686645508
2011-07-01,500,17.56999969482422,17.760000228881836,17.760000228881836,17.56999969482422,17.760000228881836
2011-06-30,18200,16.809999465942383,17.049999237060547,17.049999237060547,16.770000457763672,17.049999237060547
2011-06-29,26000,16.530000686645508,16.59000015258789,16.65999984741211,16.459999084472656,16.59000015258789
2011-06-28,8800,16.40999984741211,16.360000610351562,16.40999984741211,16.360000610351562,16.360000610351562
2011-06-27,10400,16.010000228881836,16.239999771118164,16.270000457763672,16.010000228881836,16.239999771118164
2011-06-24,15200,16.171249389648438,16.10124969482422,16.171249389648438,15.983750343322754,16.10124969482422
2011-06-23,36800,15.776249885559082,16.272499084472656,16.272499084472656,15.772500038146973,16.272499084472656
2011-06-22,8800,16.633750915527344,16.649999618530273,16.684999465942383,16.62125015258789,16.649999618530273
2011-06-21,16000,16.485000610351562,16.540000915527344,16.587499618530273,16.485000610351562,16.540000915527344
2011-06-20,12800,15.731249809265137,16.229999542236328,16.266250610351562,15.731249809265137,16.229999542236328
2011-06-17,11200,16.118749618530273,15.893750190734863,16.118749618530273,15.869999885559082,15.893750190734863
2011-06-16,75200,16.22249984741211,15.436249732971191,16.321250915527344,15.356249809265137,15.436249732971191
2011-06-15,18400,16.736249923706055,16.341249465942383,16.793750762939453,16.341249465942383,16.341249465942383
2011-06-14,52000,16.982500076293945,17.043750762939453,17.077499389648438,16.982500076293945,17.043750762939453
2011-06-13,53600,16.673749923706055,16.583749771118164,16.9012508392334,16.426250457763672,16.583749771118164
2011-06-10,51200,16.84375,16.657499313354492,16.877500534057617,16.608749389648438,16.657499313354492
2011-06-09,39200,16.866249084472656,16.981250762939453,17.102500915527344,16.866249084472656,16.981250762939453
2011-06-08,40000,16.823749542236328,16.74625015258789,16.931249618530273,16.74625015258789,16.74625015258789
2011-06-07,232000,16.7862491607666,16.78125,17.017499923706055,16.78125,16.78125
2011-06-06,45600,16.950000762939453,16.763750076293945,16.950000762939453,16.636249542236328,16.763750076293945
2011-06-03,81600,16.690000534057617,16.90250015258789,17.0674991607666,16.68375015258789,16.90250015258789
2011-06-02,138400,16.99625015258789,16.952499389648438,17.061250686645508,16.770000457763672,16.952499389648438
2011-06-01,105600,17.357500076293945,16.9112491607666,17.386249542236328,16.864999771118164,16.9112491607666
2011-05-31,12800,17.334999084472656,17.331249237060547,17.354999542236328,17.22624969482422,17.331249237060547
2011-05-27,33600,16.998750686645508,16.957500457763672,17.1612491607666,16.957500457763672,16.957500457763672
2011-05-26,17600,16.518749237060547,16.65625,16.707500457763672,16.518749237060547,16.65625
2011-05-25,42400,16.252500534057617,16.493749618530273,16.513750076293945,16.252500534057617,16.493749618530273
2011-05-24,72800,16.396249771118164,16.372499465942383,16.417499542236328,16.321250915527344,16.372499465942383
2011-05-23,13600,16.096250534057617,16.201250076293945,16.201250076293945,16.082500457763672,16.201250076293945
2011-05-20,423200,16.828750610351562,16.502500534057617,16.828750610351562,16.502500534057617,16.502500534057617
2011-05-19,93600,16.852500915527344,16.832500457763672,16.923749923706055,16.74250030517578,16.832500457763672
2011-05-18,62400,16.815000534057617,16.893749237060547,16.99250030517578,16.815000534057617,16.893749237060547
2011-05-17,76800,16.543750762939453,16.706249237060547,16.706249237060547,16.341249465942383,16.706249237060547
2011-05-16,100000,16.627500534057617,16.6299991607666,16.75,16.577499389648438,16.6299991607666
2011-05-13,34400,16.846250534057617,16.671249389648438,16.846250534057617,16.510000228881836,16.671249389648438
2011-05-12,9600,16.662500381469727,16.844999313354492,16.90625,16.662500381469727,16.844999313354492
2011-05-11,5600,16.829999923706055,16.721250534057617,16.829999923706055,16.579999923706055,16.721250534057617
2011-05-10,0,16.368749618530273,16.368749618530273,16.368749618530273,16.368749618530273,16.368749618530273
2011-05-09,0,16.368749618530273,16.368749618530273,16.368749618530273,16.368749618530273,16.368749618530273
2011-05-06,31200,16.541250228881836,16.368749618530273,16.706249237060547,16.267499923706055,16.368749618530273
2011-05-05,20000,16.181249618530273,16.22249984741211,16.458749771118164,16.12125015258789,16.22249984741211
2011-05-04,5600,16.5362491607666,16.27375030517578,16.5362491607666,16.27375030517578,16.27375030517578
2011-05-03,4000,16.614999771118164,16.458749771118164,16.614999771118164,16.458749771118164,16.458749771118164
2011-05-02,2400,17.011249542236328,16.739999771118164,17.011249542236328,16.739999771118164,16.739999771118164
2011-04-29,52800,16.9375,16.86750030517578,16.9375,16.84375,16.86750030517578
2011-04-28,18400,16.649999618530273,16.81624984741211,16.81624984741211,16.645000457763672,16.81624984741211
2011-04-27,12800,16.4637508392334,16.688749313354492,16.752500534057617,16.37125015258789,16.688749313354492
2011-04-26,11200,16.4012508392334,16.518749237060547,16.518749237060547,16.4012508392334,16.518749237060547
2011-04-25,10400,16.303749084472656,16.243749618530273,16.303749084472656,16.16374969482422,16.243749618530273
2011-04-21,30400,15.942500114440918,16.02375030517578,16.056249618530273,15.813750267028809,16.02375030517578
2011-04-20,21600,15.90999984741211,15.854999542236328,15.9662504196167,15.765000343322754,15.854999542236328
2011-04-19,36800,15.551250457763672,15.6587495803833,15.667499542236328,15.551250457763672,15.6587495803833
2011-04-18,7200,15.257499694824219,15.448749542236328,15.448749542236328,15.257499694824219,15.448749542236328
2011-04-15,2400,15.642499923706055,15.713749885559082,15.713749885559082,15.642499923706055,15.713749885559082
2011-04-14,7200,15.454999923706055,15.55875015258789,15.608750343322754,15.454999923706055,15.55875015258789
2011-04-13,16000,15.595000267028809,15.579999923706055,15.602499961853027,15.427499771118164,15.579999923706055
2011-04-12,43200,15.411250114440918,15.461250305175781,15.545000076293945,15.34000015258789,15.461250305175781
2011-04-11,3200,15.4975004196167,15.4975004196167,15.4975004196167,15.4975004196167,15.4975004196167
2011-04-08,0,15.942500114440918,15.942500114440918,15.942500114440918,15.942500114440918,15.942500114440918
2011-04-07,0,15.942500114440918,15.942500114440918,15.942500114440918,15.942500114440918,15.942500114440918
2011-04-06,0,15.942500114440918,15.942500114440918,15.942500114440918,15.942500114440918,15.942500114440918
2011-04-05,0,15.942500114440918,15.942500114440918,15.942500114440918,15.942500114440918,15.942500114440918
2011-04-04,2400,15.973750114440918,15.942500114440918,15.973750114440918,15.942500114440918,15.942500114440918
2011-04-01,0,15.40250015258789,15.40250015258789,15.40250015258789,15.40250015258789,15.40250015258789
2011-03-31,0,15.40250015258789,15.40250015258789,15.40250015258789,15.40250015258789,15.40250015258789
2011-03-30,0,15.40250015258789,15.40250015258789,15.40250015258789,15.40250015258789,15.40250015258789
2011-03-29,800,15.40250015258789,15.40250015258789,15.40250015258789,15.40250015258789,15.40250015258789
2011-03-28,20000,15.62125015258789,15.667499542236328,15.693750381469727,15.62125015258789,15.667499542236328
2011-03-25,0,14.21500015258789,14.21500015258789,14.21500015258789,14.21500015258789,14.21500015258789
2011-03-24,0,14.21500015258789,14.21500015258789,14.21500015258789,14.21500015258789,14.21500015258789
2011-03-23,0,14.21500015258789,14.21500015258789,14.21500015258789,14.21500015258789,14.21500015258789
2011-03-22,0,14.21500015258789,14.21500015258789,14.21500015258789,14.21500015258789,14.21500015258789
2011-03-21,0,14.21500015258789,14.21500015258789,14.21500015258789,14.21500015258789,14.21500015258789
2011-03-18,0,14.21500015258789,14.21500015258789,14.21500015258789,14.21500015258789,14.21500015258789
2011-03-17,1600,14.21500015258789,14.21500015258789,14.21500015258789,14.21500015258789,14.21500015258789
2011-03-16,4000,13.992500305175781,13.932499885559082,13.992500305175781,13.932499885559082,13.932499885559082
2011-03-15,3200,14.297499656677246,14.297499656677246,14.297499656677246,14.297499656677246,14.297499656677246
2011-03-14,0,14.887499809265137,14.887499809265137,14.887499809265137,14.887499809265137,14.887499809265137
2011-03-11,8000,14.887499809265137,14.887499809265137,14.887499809265137,14.887499809265137,14.887499809265137
2011-03-10,0,15.256250381469727,15.256250381469727,15.256250381469727,15.256250381469727,15.256250381469727
2011-03-09,0,15.256250381469727,15.256250381469727,15.256250381469727,15.256250381469727,15.256250381469727
2011-03-08,0,15.256250381469727,15.256250381469727,15.256250381469727,15.256250381469727,15.256250381469727
2011-03-07,0,15.256250381469727,15.256250381469727,15.256250381469727,15.256250381469727,15.256250381469727
2011-03-04,0,15.256250381469727,15.256250381469727,15.256250381469727,15.256250381469727,15.256250381469727
2011-03-03,0,15.256250381469727,15.256250381469727,15.256250381469727,15.256250381469727,15.256250381469727
2011-03-02,0,15.256250381469727,15.256250381469727,15.256250381469727,15.256250381469727,15.256250381469727
2011-03-01,0,15.256250381469727,15.256250381469727,15.256250381469727,15.256250381469727,15.256250381469727
2011-02-28,0,15.256250381469727,15.256250381469727,15.256250381469727,15.256250381469727,15.256250381469727
2011-02-25,0,15.256250381469727,15.256250381469727,15.256250381469727,15.256250381469727,15.256250381469727
2011-02-24,0,15.256250381469727,15.256250381469727,15.256250381469727,15.256250381469727,15.256250381469727
2011-02-23,3200,15.256250381469727,15.256250381469727,15.257499694824219,15.256250381469727,15.256250381469727
2011-02-22,4000,15.333749771118164,15.333749771118164,15.336250305175781,15.333749771118164,15.333749771118164
2011-02-18,17600,16.485000610351562,16.350000381469727,16.485000610351562,16.263750076293945,16.350000381469727
2011-02-17,5600,16.703750610351562,16.66374969482422,16.703750610351562,16.66374969482422,16.66374969482422
2011-02-16,6400,17.092500686645508,16.96875,17.155000686645508,16.959999084472656,16.96875
2011-02-15,0,16.62874984741211,16.62874984741211,16.62874984741211,16.62874984741211,16.62874984741211
2011-02-14,0,16.62874984741211,16.62874984741211,16.62874984741211,16.62874984741211,16.62874984741211
2011-02-11,0,16.62874984741211,16.62874984741211,16.62874984741211,16.62874984741211,16.62874984741211
2011-02-10,0,16.62874984741211,16.62874984741211,16.62874984741211,16.62874984741211,16.62874984741211
2011-02-09,0,16.62874984741211,16.62874984741211,16.62874984741211,16.62874984741211,16.62874984741211
2011-02-08,800,16.62874984741211,16.62874984741211,16.62874984741211,16.62874984741211,16.62874984741211
2011-02-07,0,16.10124969482422,16.10124969482422,16.10124969482422,16.10124969482422,16.10124969482422
2011-02-04,3200,16.087499618530273,16.10124969482422,16.102500915527344,16.08625030517578,16.10124969482422
2011-02-03,0,15.192500114440918,15.192500114440918,15.192500114440918,15.192500114440918,15.192500114440918
2011-02-02,0,15.192500114440918,15.192500114440918,15.192500114440918,15.192500114440918,15.192500114440918
2011-02-01,0,15.192500114440918,15.192500114440918,15.192500114440918,15.192500114440918,15.192500114440918
2011-01-31,0,15.192500114440918,15.192500114440918,15.192500114440918,15.192500114440918,15.192500114440918
2011-01-28,0,15.192500114440918,15.192500114440918,15.192500114440918,15.192500114440918,15.192500114440918
2011-01-27,0,15.192500114440918,15.192500114440918,15.192500114440918,15.192500114440918,15.192500114440918
2011-01-26,1600,15.192500114440918,15.192500114440918,15.192500114440918,15.192500114440918,15.192500114440918
2011-01-25,1600,15.072500228881836,15.072500228881836,15.072500228881836,15.072500228881836,15.072500228881836
2011-01-24,0,14.837499618530273,14.837499618530273,14.837499618530273,14.837499618530273,14.837499618530273
2011-01-21,4000,14.837499618530273,14.837499618530273,14.837499618530273,14.837499618530273,14.837499618530273
2011-01-20,0,14.774999618530273,14.774999618530273,14.774999618530273,14.774999618530273,14.774999618530273
2011-01-19,4800,14.833749771118164,14.774999618530273,14.836250305175781,14.774999618530273,14.774999618530273
2011-01-18,0,14.37874984741211,14.37874984741211,14.37874984741211,14.37874984741211,14.37874984741211
2011-01-14,0,14.37874984741211,14.37874984741211,14.37874984741211,14.37874984741211,14.37874984741211
2011-01-13,0,14.37874984741211,14.37874984741211,14.37874984741211,14.37874984741211,14.37874984741211
2011-01-12,14400,14.361249923706055,14.37874984741211,14.412500381469727,14.361249923706055,14.37874984741211
2011-01-11,0,13.741250038146973,13.741250038146973,13.741250038146973,13.741250038146973,13.741250038146973
2011-01-10,0,13.741250038146973,13.741250038146973,13.741250038146973,13.741250038146973,13.741250038146973
2011-01-07,0,13.741250038146973,13.741250038146973,13.741250038146973,13.741250038146973,13.741250038146973
2011-01-06,0,13.741250038146973,13.741250038146973,13.741250038146973,13.741250038146973,13.741250038146973
2011-01-05,0,13.741250038146973,13.741250038146973,13.741250038146973,13.741250038146973,13.741250038146973
2011-01-04,3200,13.807499885559082,13.741250038146973,13.807499885559082,13.741250038146973,13.741250038146973
2011-01-03,3200,13.821249961853027,13.821249961853027,13.821249961853027,13.821249961853027,13.821249961853027
2010-12-31,0,13.723750114440918,13.723750114440918,13.723750114440918,13.723750114440918,13.723750114440918
2010-12-30,0,13.723750114440918,13.723750114440918,13.723750114440918,13.723750114440918,13.723750114440918
2010-12-29,0,13.723750114440918,13.723750114440918,13.723750114440918,13.723750114440918,13.723750114440918
2010-12-28,1600,13.723750114440918,13.723750114440918,13.723750114440918,13.723750114440918,13.723750114440918
2010-12-27,0,14.086250305175781,14.086250305175781,14.086250305175781,14.086250305175781,14.086250305175781
2010-12-23,0,14.086250305175781,14.086250305175781,14.086250305175781,14.086250305175781,14.086250305175781
2010-12-22,8000,14.130000114440918,14.086250305175781,14.130000114440918,14.076250076293945,14.086250305175781
2010-12-21,20800,14.111249923706055,14.114999771118164,14.114999771118164,14.098750114440918,14.114999771118164
2010-12-20,1600,14.036250114440918,14.036250114440918,14.036250114440918,14.036250114440918,14.036250114440918
2010-12-17,0,13.958749771118164,13.958749771118164,13.958749771118164,13.958749771118164,13.958749771118164
2010-12-16,0,13.958749771118164,13.958749771118164,13.958749771118164,13.958749771118164,13.958749771118164
2010-12-15,0,13.958749771118164,13.958749771118164,13.958749771118164,13.958749771118164,13.958749771118164
2010-12-14,800,13.958749771118164,13.958749771118164,13.958749771118164,13.958749771118164,13.958749771118164
2010-12-13,6400,14.038749694824219,14.037500381469727,14.038749694824219,14.036250114440918,14.037500381469727
2010-12-10,8000,13.649999618530273,13.901249885559082,13.901249885559082,13.649999618530273,13.901249885559082
2010-12-09,0,13.47249984741211,13.47249984741211,13.47249984741211,13.47249984741211,13.47249984741211
2010-12-08,4000,13.31624984741211,13.47249984741211,13.47249984741211,13.31624984741211,13.47249984741211
2010-12-07,35200,13.4037504196167,13.318750381469727,13.407500267028809,13.318750381469727,13.318750381469727
2010-12-06,0,13.095000267028809,13.095000267028809,13.095000267028809,13.095000267028809,13.095000267028809
2010-12-03,35200,12.7837495803833,13.095000267028809,13.095000267028809,12.7837495803833,13.095000267028809
2010-12-02,0,12.454999923706055,12.454999923706055,12.454999923706055,12.454999923706055,12.454999923706055
2010-12-01,3200,12.453749656677246,12.454999923706055,12.454999923706055,12.453749656677246,12.454999923706055
2010-11-30,800,12.298749923706055,12.298749923706055,12.298749923706055,12.298749923706055,12.298749923706055
